2005 01 15 12    16   -36 10171   150   120 -9999 -9999 -9999
2005 01 31 12    24   -10 -9999   330   160 -9999 -9999 -9999
2005 03 05 12    24   -18 10147   190   100 -9999 -9999 -9999
2005 03 21 12    14     6 10080     0     0     9 -9999 -9999
2005 04 06 12    50     0  9997   240   100 -9999 -9999 -9999
2005 06 18 06   101    72 10238   300    30 -9999 -9999 -9999
2005 06 25 18    48    37 10053   190    20     8 -9999 -9999
2005 06 26 06    98    77 -9999   260   100 -9999 -9999 -9999
2005 06 26 18    42    31 10016   350   100     7 -9999 -9999
2005 07 24 12   134   106 10012   350    50 -9999 -9999 -9999
2005 08 16 12   116    92 10079   270   130 -9999 -9999 -9999
2005 09 01 00 -9999 -9999 -9999   120    10     9 -9999 -9999
2005 09 07 06 -9999 -9999 -9999   210   200     1 -9999 -9999
2005 09 26 06    16   -26 -9999    20   120     7 -9999 -9999
2005 10 07 18   -20   -46  9898   130   120     8 -9999 -9999
2005 10 15 18 -9999 -9999 -9999    30   120 -9999 -9999 -9999
2005 10 16 18    86    28 10348   180    90 -9999 -9999 -9999
