1988 01 01 18  -212  -256  9980    80    93     0 -9999     0
1988 01 02 12  -169  -195  9929    90   134     8 -9999     1
1988 01 02 18  -152 -9999  9929    80   134     8 -9999 -9999
1988 01 03 06  -154  -200  9955    60    93     6 -9999 -9999
1988 01 03 18  -143  -201  9978    90   123     7 -9999     0
1988 01 04 18  -178  -223 10052    90   113     1 -9999     0
1988 01 05 06  -199  -250 10098    90   113     2 -9999     0
1988 01 05 12  -199  -250 10137    10    93     2 -9999     0
1988 01 05 18  -182  -238 10143    80   123     3 -9999     0
1988 01 06 06  -174  -227 10184    60    82     2 -9999     0
1988 01 06 12  -171  -254 10198    70    82     4 -9999     0
1988 01 07 06  -167  -247 10153    80   118     7 -9999     0
1988 01 07 12  -159  -215 10135    60   113     7 -9999     0
1988 01 08 06  -131  -184 10066    70   134     7 -9999     0
1988 01 08 18  -151  -212 10063   100    82     0 -9999     0
1988 01 09 06  -156  -195 10071    80    82     3 -9999 -9999
1988 01 09 12  -165  -206 10066   100    72     7 -9999     0
1988 01 09 18  -183  -211 10048    70    31     0 -9999     0
1988 01 10 12  -159  -215  9971    80   103     2 -9999     0
1988 01 10 18  -147  -206  9956    50    93     1 -9999     0
1988 01 11 06  -164  -205  9974    90    82     0 -9999     0
1988 01 11 12  -168  -210  9980   100    82     1 -9999     0
1988 01 11 18  -190  -239  9997   100    82     0 -9999     0
1988 01 12 06  -221  -268 10054    70    10     1 -9999     0
1988 01 12 12  -219  -243 10073     0     0     6 -9999     0
1988 01 12 18  -209  -242 10068     0     0     0 -9999     0
1988 01 13 06  -169  -188 10043     0     0     0 -9999     0
1988 01 13 12  -156  -197 10030     0     0     6 -9999     0
1988 01 13 18  -134  -155  9989   120    21     8 -9999 -9999
1988 01 14 06   -93  -118  9934    30    10     8 -9999 -9999
1988 01 14 12 -9999 -9999  9935     0     0     7 -9999     1
1988 01 14 18  -113  -142  9975    80    21     7 -9999 -9999
1988 01 15 06  -191  -221 10080   100    51     0 -9999     0
1988 01 15 12  -178  -214 10117   110    31     8 -9999    -1
1988 01 15 18  -164  -183 10118   100    21     8 -9999 -9999
1988 01 16 12   -32   -53 10043   250    51     8 -9999     3
1988 01 16 18   -34   -70 10028   240    31     8 -9999 -9999
1988 01 17 06     3    -5  9958   250    51     8 -9999 -9999
1988 01 17 12     6    -2  9953   260    41     7 -9999    20
1988 01 17 18    11    -3  9951   260    62     7 -9999 -9999
1988 01 18 12     5    -3  9862   200    31     8 -9999    10
1988 01 18 18   -29   -63  9898   280   103     7 -9999 -9999
1988 01 19 06    -6   -37  9958   210    51     7 -9999 -9999
1988 01 19 12   -12   -28  9966   180    10     7 -9999 -9999
1988 01 19 18    -8   -27  9927   170    82     7 -9999 -9999
1988 01 20 06   -22   -37  9881   310    41     7 -9999 -9999
1988 01 20 12   -63   -86  9934   220    10     7 -9999     0
1988 01 20 18   -74   -95  9961    90    62     7 -9999     0
1988 01 21 06  -124  -139  9940    70   123     8 -9999 -9999
1988 01 21 12  -125  -140  9842    80   134     8 -9999    -1
1988 01 21 18  -126  -158  9883   240    31     8 -9999 -9999
1988 01 22 06  -181  -227 10010    80    31     0 -9999     0
1988 01 22 12  -205  -247 10021    80    93     2 -9999     0
1988 01 22 18  -221  -256 10014   100   103     3 -9999     0
1988 01 23 06  -219  -223  9956    80   144     9 -9999     0
1988 01 23 18  -199  -221  9859    80   134     8 -9999 -9999
1988 01 24 06  -200  -231  9908    80    72     1 -9999 -9999
1988 01 24 12  -199  -225 -9999    90    93     7 -9999 -9999
1988 01 24 18  -195  -225  9869   100    72     7 -9999     0
1988 01 25 06  -145  -174  9829     0     0     2 -9999     0
1988 01 25 12  -163  -196  9857     0     0     6 -9999     0
1988 01 25 18  -138  -172  9882   350    10     7 -9999 -9999
1988 01 26 06  -179  -207  9958     0     0     0 -9999 -9999
1988 01 26 12  -178  -214 10023     0     0     2 -9999     0
1988 01 26 18  -160  -209 10079     0     0     1 -9999     0
1988 01 27 06  -173  -216 10149    90    41     1 -9999     0
1988 01 27 18  -139  -161 10149    80    51     8 -9999 -9999
1988 01 28 06   -57   -79 10123   240    51     8 -9999 -9999
1988 01 28 12   -21   -43 10117   250    82     8 -9999    -1
1988 01 29 06   -51   -80 10118   250    41     8 -9999 -9999
1988 01 29 12   -64   -91 10114   300    62     8 -9999    -1
1988 01 29 18  -103  -152 10130   280    51     1 -9999 -9999
1988 01 30 00  -177  -205 10200    60    41     3 -9999     0
1988 01 30 12  -193  -223 10238    40    41     1 -9999     0
1988 01 30 18  -191  -230 10264    60    41     1 -9999     0
1988 01 31 06  -197  -228 10284    80    21     0 -9999     0
1988 01 31 18  -183  -220 10277    80    21     3 -9999     0
1988 02 01 06  -157  -189 10228    90    10     2 -9999     0
1988 02 01 12  -141  -163 10208    30    10     7 -9999     0
1988 02 01 18  -111  -114 10179    80    10     7 -9999 -9999
1988 02 02 06  -101  -138 10131   100    41     7 -9999 -9999
1988 02 02 12  -113  -136 10125    90    93     8 -9999     0
1988 02 02 18  -164  -190 10133    80   134     3 -9999     0
1988 02 03 06  -213  -246 10140    70   123     2 -9999     0
1988 02 04 06  -207  -239 10131    80   113     1 -9999     0
1988 02 04 18  -192  -231 10145    80   144     7 -9999     0
1988 02 05 06  -195  -235 10139    60   123     3 -9999     0
1988 02 05 12  -186  -233 10130    90   113     7 -9999     0
1988 02 05 18  -181  -227 10109    80   123     1 -9999     0
1988 02 06 06  -165  -223 10064    90   113     1 -9999     0
1988 02 06 12  -179  -234 10057    90   123     4 -9999     0
1988 02 06 18  -177  -231 10048    80   123     2 -9999     0
1988 02 07 06  -182  -238 10035    70    82     1 -9999     0
1988 02 07 12  -188  -236 10036    90    93     1 -9999     0
1988 02 07 18  -187  -235 10033   100    93     1 -9999     0
1988 02 08 06  -173  -236 10028    90   123     1 -9999     0
1988 02 09 06   -67   -83  9941    70   113     8 -9999 -9999
1988 02 09 12   -73   -90  9919    80   113     8 -9999    -1
1988 02 09 18   -47   -56  9897    40   123     5 -9999 -9999
1988 02 10 06   -76   -93  9895    40    21     3 -9999 -9999
1988 02 10 12   -75   -92  9921     0     0     7 -9999     0
1988 02 10 18   -76   -89  9941     0     0     8 -9999     0
1988 02 11 12   -71  -100 10008    90    41     1 -9999     0
1988 02 11 18   -52   -89 10016    40    62     1 -9999     0
1988 02 12 06   -72   -97 10038    20   103     2 -9999     0
1988 02 12 12   -77  -138 10058    40   113     2 -9999     0
1988 02 13 06   -62   -73 10086    60   134     8 -9999     0
1988 02 13 12   -54   -83 10011    70   103     7 -9999    -1
1988 02 13 18   -56   -86 10155    80    93     2 -9999 -9999
1988 02 14 06   -99  -115 10223   100    21     7 -9999     0
1988 02 14 18  -115  -124 10214    90    21     8 -9999 -9999
1988 02 15 06  -110  -118 10289     0     0     8 -9999 -9999
1988 02 15 12  -108  -121 10321     0     0     8 -9999     0
1988 02 15 18  -128  -138 10331     0     0     8 -9999     0
1988 02 16 06  -105  -118 10329    90    10     8 -9999     0
1988 02 16 12  -105  -118 10329    70    10     8 -9999     0
1988 02 16 18  -144  -155 10304   100    10     1 -9999     0
1988 02 17 06   -31   -35 10246   150    21     8 -9999     0
1988 02 17 12    -9   -38 10211   160    72     7 -9999     0
1988 02 18 06    -8   -36 10129   140    72     8 -9999     0
1988 02 18 18   -12   -45 10149   160    51     7 -9999     0
1988 02 19 06   -23   -52 10190    90    41     7 -9999 -9999
1988 02 19 12   -30   -68 10216    90    41     6 -9999     0
1988 02 19 18   -56   -86 10231    60    31     1 -9999     0
1988 02 20 12   -42   -80 10234    70    31     6 -9999     0
1988 02 20 18   -42   -72 10236    80    51     2 -9999     0
1988 02 21 06   -40   -77 10249    90    51     4 -9999     0
1988 02 21 12   -39   -65 10264    70    62     4 -9999    -1
1988 02 21 18   -43   -66 10278    60    82     3 -9999 -9999
1988 02 22 12   -45   -61 10291    50    82     7 -9999    -1
1988 02 23 06   -42   -65 10281    80    41     7 -9999 -9999
1988 02 23 12   -49   -81 -9999    60    21     7 -9999     0
1988 02 23 18   -98  -119 10293    90    31     2 -9999     0
1988 02 24 06   -23   -45 10243   270    41     7 -9999 -9999
1988 02 24 12   -16   -36 10209   250    41     8 -9999     0
1988 02 24 18   -14   -41 10175   250    31     8 -9999     0
1988 02 25 06     6   -13 10098   270   113     7 -9999 -9999
1988 02 25 12     9    -8 10083   230   113     8 -9999 -9999
1988 02 25 18    -4   -16 10070   250    82     8 -9999 -9999
1988 02 26 06   -66   -98 10107   240    21     7 -9999 -9999
1988 02 26 12  -115  -144 10127   320    10     2 -9999     0
1988 02 27 06  -151  -180 10111    70    51     3 -9999     0
1988 02 27 12  -132  -178 10096    70    93     4 -9999     0
1988 02 27 18  -143  -172 10101    70    82     6 -9999     0
1988 02 28 06  -173  -200 10145    80    93     8 -9999     0
1988 02 28 18 -9999 -9999 10172    80    82     1 -9999     0
1988 02 29 06  -249  -305 10185    70    62     1 -9999     0
1988 02 29 12  -258  -300 10197    80    31     1 -9999     0
1988 02 29 18  -272  -317 10187   100    21     1 -9999     0
1988 03 01 06  -284  -313 10161   100    10     1 -9999     0
1988 03 01 12  -261  -321 10152    60    10     1 -9999     0
1988 03 01 18  -225  -302 10132    50    62     5 -9999     0
1988 03 02 06  -194  -224 10207    80    51     6 -9999 -9999
1988 03 02 12  -165  -198 10098   100    62     7 -9999     0
1988 03 03 12  -140  -162 10042    60   123     7 -9999     0
1988 03 03 18  -140  -182 10040    80    93     7 -9999     0
1988 03 04 06  -168  -210 10043    80    82     8 -9999     0
1988 03 04 18  -198  -239 10051    80    31     1 -9999     0
1988 03 05 06  -238  -276 10005     0     0     0 -9999     0
1988 03 05 12  -212  -245 10082    80    10     6 -9999     0
1988 03 05 18  -145  -162 10063    80    10     8 -9999 -9999
1988 03 06 06  -113  -126 10050     0     0     7 -9999 -9999
1988 03 06 18   -41   -49 10041   260    51     8 -9999 -9999
1988 03 07 06   -82   -92 10062   100    10     8 -9999 -9999
1988 03 07 12   -99  -113 10077    90    21     8 -9999    10
1988 03 07 18  -118  -138 10077   100    82     8 -9999 -9999
1988 03 08 06  -143  -166 10066    90    51     8 -9999 -9999
1988 03 08 12  -110  -123 10051   100    51     8 -9999     5
1988 03 08 18   -53   -63  9982    80    51     8 -9999 -9999
1988 03 09 06   -31   -51  9956    30    10     4 -9999 -9999
1988 03 09 12   -60  -134  9919    90    62     7 -9999     0
1988 03 09 18   -41   -67  9931   100    41     7 -9999 -9999
1988 03 10 06   -74   -83  9932    70   144     7 -9999 -9999
1988 03 10 12  -109  -113  9930    80   175     4 -9999     0
1988 03 10 18  -111  -129  9933    90   144     7 -9999 -9999
1988 03 11 06  -160  -172 10028    70   144     8 -9999 -9999
1988 03 11 12  -147  -170 10054    80   185     7 -9999    -1
1988 03 11 18  -147  -206 10098    80   144     7 -9999 -9999
1988 03 12 06  -197  -237 10177    90   113     1 -9999     0
1988 03 12 12  -201  -253 10197    90   123     1 -9999     0
1988 03 13 06  -236  -273 10172    80    82     1 -9999     0
1988 03 13 12  -222  -269 10171    90    72     1 -9999     0
1988 03 13 18  -243  -269 10163    90    93     1 -9999     0
1988 03 14 06  -217  -289 10137    90   103     1 -9999     0
1988 03 14 12  -190  -249 10130    80   123     1 -9999     0
1988 03 14 18  -184  -251 10127    90    82     2 -9999     0
1988 03 15 06  -195  -235 10102    80    82     6 -9999     0
1988 03 15 12  -176  -220 10086   100    31     6 -9999     0
1988 03 15 18  -192  -222 10069    80    10     6 -9999     0
1988 03 16 06  -192  -222 10053    60    10     0 -9999     0
1988 03 16 12  -163  -189 10060    60    10     1 -9999     0
1988 03 16 18  -201  -232 10072    90    10     1 -9999     0
1988 03 17 12  -140  -182 10066    80    93     7 -9999     0
1988 03 17 18  -129  -167 10069    80    93     7 -9999     0
1988 03 18 12  -133  -160 10076    80   103     6 -9999     0
1988 03 18 18  -122  -159 10066    90   123     7 -9999     0
1988 03 19 06  -106  -119 10014    70   154     7 -9999     0
1988 03 19 12 -9999 -9999  9957    60   144     8 -9999    -1
1988 03 19 18   -28   -35  9905    70    82     7 -9999 -9999
1988 03 20 06   -30   -54  9858    90    41     7 -9999     0
1988 03 20 12   -18   -39  9843   300    31     7 -9999     3
1988 03 20 18   -28   -56  9856   300    62     7 -9999 -9999
1988 03 21 06   -71   -92  9970   300    62     7 -9999 -9999
1988 03 21 12   -65  -106 10001   320    51     3 -9999    -1
1988 03 22 06  -125  -169 10123   320    10     1 -9999     0
1988 03 22 12  -106  -156 10157    50    10     1 -9999     0
1988 03 22 18  -143  -172 10168    70    10     1 -9999     0
1988 03 23 06  -128  -149 10132    80   113     8 -9999 -9999
1988 03 23 12  -125  -140 10103    80   113     7 -9999    -1
1988 03 23 18  -106  -119 10042    60   144     8 -9999     0
1988 03 24 06  -128  -143 10020    80    41     6 -9999     0
1988 03 24 12  -121  -135 10033    90    21     8 -9999     1
1988 03 24 18  -137  -153 10025    90    21     8 -9999 -9999
1988 03 25 06  -145  -168 10046    90    51     5 -9999 -9999
1988 03 25 12  -173  -192 10116    80   103     1 -9999     0
1988 03 25 18  -182  -210 10155    90    93     7 -9999     0
1988 03 26 06  -194  -215 10147    90    51     7 -9999 -9999
1988 03 26 12  -143  -160 10137    90    10     5 -9999    10
1988 03 27 12  -210  -243 10270     0     0     3 -9999     0
1988 03 27 18  -228  -252 10279     0     0     1 -9999     0
1988 03 28 06  -199  -240 10282    90    62     7 -9999     0
1988 03 28 12  -122  -142 10262    80    72     8 -9999    -1
1988 03 28 18  -134  -150 10252    90    51     8 -9999 -9999
1988 03 29 18   -54   -68 10158   110    10     8 -9999 -9999
1988 03 30 18  -173  -208 10195    80    93     1 -9999     0
1988 03 31 06  -173  -200 10210    70   103     2 -9999     0
1988 03 31 18  -138  -154 10161    80   144     7 -9999 -9999
1988 04 01 06   -65   -81 10088    80    93     8 -9999 -9999
1988 04 01 12   -41   -63 10032    70    93     8 -9999    -1
1988 04 01 18   -14   -34  9945   110    41     8 -9999 -9999
1988 04 02 06  -147  -158 10007   280   123     7 -9999 -9999
1988 04 02 12  -128  -149 10008   270    93     5 -9999    -1
1988 04 03 06  -138  -166  9941   280    41     2 -9999 -9999
1988 04 03 12  -126  -158  9956   270    51     4 -9999    -1
1988 04 03 18  -163  -212 10022   250    21     0 -9999     0
1988 04 04 06  -220  -255 10086    60    41     0 -9999     0
1988 04 04 12  -200  -222 10119    70    62     1 -9999     0
1988 04 04 18  -190  -211 10122    80   113     2 -9999     0
1988 04 05 06  -189  -210 10148    80   123     2 -9999     0
1988 04 05 12  -170  -204 10191    90    62     2 -9999     0
1988 04 05 18  -185  -223 10217    80    21     3 -9999     0
1988 04 06 06  -175  -195 10209    90    21     7 -9999 -9999
1988 04 06 12  -156  -174 10195    80    51     7 -9999    -1
1988 04 06 18  -149  -179 10177    80    51     7 -9999 -9999
1988 04 07 06  -189  -227 10150    60    21     5 -9999     0
1988 04 07 12  -197  -198 10146    80    82     5 -9999     0
1988 04 07 18  -223  -270 10131    80    82     1 -9999     0
1988 04 08 06  -272  -317 10103    70    82     1 -9999     0
1988 04 08 12 -9999 -9999 10082    90    51     0 -9999     0
1988 04 08 18  -276  -322 10051    80    93     3 -9999     0
1988 04 09 06  -261  -303  9981    90    10     8 -9999 -9999
1988 04 09 12  -139  -155  9944    70   206     7 -9999    30
1988 04 09 18  -197  -219 10049    50   134     4 -9999 -9999
1988 04 10 06  -141  -169 10108    70   134     4 -9999     0
1988 04 10 12  -110  -123 10133    60   113     7 -9999     0
1988 04 10 18  -134  -167 10167    50   123     2 -9999     0
1988 04 11 06  -186  -215 10190    80    62     1 -9999     0
1988 04 11 12  -170  -196 10191    80    41     7 -9999    -1
1988 04 11 18  -180  -216 10188    90    15     7 -9999 -9999
1988 04 12 06  -219  -253 10181    60    41     3 -9999     0
1988 04 12 12  -199  -230 10182    90    72     0 -9999     0
1988 04 13 06  -213  -257 10182    80    82     1 -9999     0
1988 04 13 12  -202  -244 10189    90    82     1 -9999     0
1988 04 13 18  -212  -256 10186    90    72     1 -9999     0
1988 04 14 06  -199  -240 10162    80    31     1 -9999     0
1988 04 14 12  -155  -193 10150    80    41     6 -9999     0
1988 04 14 18  -173  -208 10135    80    21     3 -9999     0
1988 04 15 06  -175  -202 10124    90    41     7 -9999     0
1988 04 15 12  -161  -193 10118    90    41     8 -9999     0
1988 04 15 18  -154  -178 10094    90    82     7 -9999 -9999
1988 04 16 06  -189  -227 10067    80    93     7 -9999 -9999
1988 04 16 18  -140  -162 10017    50   164     7 -9999     0
1988 04 17 06  -129  -174 10045    90   113     7 -9999     0
1988 04 17 12  -125  -163 10057    80   103     1 -9999     0
1988 04 17 18  -132  -165 10060    80    41     1 -9999     0
1988 04 18 06  -166  -192 10081    70   113     7 -9999     0
1988 04 18 12  -173  -225 10125    80    93     1 -9999     0
1988 04 18 18  -195  -235 10149    80    41     1 -9999     0
1988 04 19 12  -211  -234 10110    70   103     3 -9999     0
1988 04 19 18  -233  -298 10138    50    51     3 -9999     0
1988 04 20 06  -210  -265 10144    60    21     7 -9999     0
1988 04 20 12  -144  -180 10153    80    82     6 -9999     0
1988 04 20 18  -155  -209 10171    70    93     0 -9999     0
1988 04 21 12  -106  -150 10164     0     0     6 -9999     0
1988 04 21 18  -101  -189 10153   250    10     2 -9999     0
1988 04 22 06  -100  -168 10158   310    21     2 -9999     0
1988 04 22 12   -82  -129 10156   190    21     6 -9999     0
1988 04 22 18   -97  -133 10142   270    82     7 -9999     0
1988 04 23 06   -88  -137 10102   190    21     6 -9999 -9999
1988 04 23 12   -83  -135 10104   280    31     6 -9999     0
1988 04 23 18   -92  -142 10098     0     0     7 -9999     0
1988 04 24 06  -116  -157 10120   150    31     3 -9999     0
1988 04 24 12   -68  -101 10130   120    10     7 -9999    -1
1988 04 24 18   -45   -72 10112   270    82     7 -9999 -9999
1988 04 25 06   -34   -42 10056   270    72     7 -9999 -9999
1988 04 25 12   -65   -97 10064   260    51     7 -9999     3
1988 04 25 18   -60   -87 10081   280    62     7 -9999 -9999
1988 04 26 06   -98  -129 10128     0     0     6 -9999     0
1988 04 26 12   -76  -102 10144    80    10     1 -9999     0
1988 04 26 18   -85  -117 10139    70    31     7 -9999     0
1988 04 27 06   -61   -80 10087    90   113     8 -9999 -9999
1988 04 27 12   -68   -76 10089    80   134     8 -9999     3
1988 04 27 18   -34   -45 10050    80    93     8 -9999 -9999
1988 04 28 06    -9   -16  9958   200    51     8 -9999 -9999
1988 04 28 12   -14 -9999  9964   260    93     8 -9999    -1
1988 04 28 18   -25   -41  9977   260    62     8 -9999 -9999
1988 04 29 06   -37   -52 10014     0     0     8 -9999 -9999
1988 04 29 12    -8   -30 10033    70    10     7 -9999    -1
1988 04 29 18   -26   -63 10057    70    41     6 -9999 -9999
1988 04 30 06   -79  -101 10108    70   113     3 -9999     0
1988 04 30 12   -76  -102 10129    90    93     1 -9999     0
1988 04 30 18   -77  -112 10124    60    72     3 -9999     0
1988 05 01 06   -91  -125 10138    50    93     1 -9999     0
1988 05 01 12   -79  -110 10155    80   103     3 -9999     0
1988 05 01 18   -86  -129 10174    60    72     2 -9999     0
1988 05 02 06   -90  -129 10191    80    72     3 -9999     0
1988 05 02 12   -85  -113 10182    90    82     0 -9999     0
1988 05 03 06  -119  -149 10100    90    41     1 -9999     0
1988 05 03 12   -87  -120 10076   110    41     1 -9999     0
1988 05 03 18   -89  -133 10067    80    51     1 -9999     0
1988 05 04 06   -74  -104 10074    90    72     3 -9999     0
1988 05 04 12   -66   -90 10096   100    72     4 -9999     0
1988 05 04 18   -76  -102 10117    90    62     4 -9999     0
1988 05 05 06   -66   -90 10144    90    72     8 -9999     0
1988 05 05 18   -56   -86 10157    80    82     8 -9999     0
1988 05 06 06  -105  -123 10183    90    41     1 -9999     0
1988 05 06 12   -32   -67 10186     0     0     3 -9999     0
1988 05 06 18   -51   -76 10191    70    10     6 -9999     0
1988 05 07 06   -31   -69 10227   290    10     7 -9999     0
1988 05 07 12   -28   -55 10252   260    41     2 -9999     0
1988 05 07 18   -28   -66 10261   260    10     1 -9999     0
1988 05 08 06     9   -17 10238   190    21     7 -9999     0
1988 05 08 12    16     8 10211   170    21     8 -9999   800
1988 05 08 18    22    14 10177 -9999    10     8 -9999 -9999
1988 05 09 06     0   -12 10198   270    10     7 -9999 -9999
1988 05 09 12    25   -38 10185   100    31     7 -9999     0
1988 05 09 18    63    15 10146   130    31     8 -9999 -9999
1988 05 10 06    23    18 10103   170    31     8 -9999 -9999
1988 05 10 12    23    13 10116   190    62     8 -9999     0
1988 05 11 12    15     4 10194   200    51     8 -9999     0
1988 05 11 18    -4   -41 10215   300    62     5 -9999 -9999
1988 05 12 06   -24   -60 10260     0     0     7 -9999 -9999
1988 05 12 18   -16   -40 10171    60    31     8 -9999 -9999
1988 05 13 06   -25   -44 10154   100    10     6 -9999 -9999
1988 05 13 12     3   -39 10176   100    10     2 -9999     0
1988 05 13 18    -6   -62 10187   320    31     6 -9999     0
1988 05 14 06   -23   -63 10216   280    21     1 -9999     0
1988 05 14 12    -1   -70 10246   270    10     1 -9999     0
1988 05 14 18   -15   -56 10236   300    41     2 -9999     0
1988 05 15 06    -2   -53 10235     0     0     1 -9999     0
1988 05 15 12   -13   -39 10229    70    21     1 -9999     0
1988 05 15 18   -14   -34 10223    70    10     2 -9999     0
1988 05 16 06    -5   -33 10236   120    10     7 -9999     0
1988 05 16 18    -7   -35 10248    60    62     4 -9999     0
1988 05 17 06   -28   -58 10270   100    72     1 -9999     0
1988 05 17 12   -34   -55 10273   100    72     6 -9999     0
1988 05 17 18   -43   -66 10254   100    57     7 -9999     0
1988 05 18 12   -28   -62 10238    60    72     5 -9999     0
1988 05 18 18   -29   -56 10233    50    82     7 -9999     0
1988 05 19 06   -29   -56 10167    70    62     7 -9999 -9999
1988 05 19 12   -39   -51 10100    60   175     7 -9999    -1
1988 05 19 18   -15   -35 10051    70   175     7 -9999 -9999
1988 05 20 06    18   -10 10068    80   123     5 -9999     0
1988 05 20 12    14   -15 10089    90    72     5 -9999    -1
1988 05 20 18    11   -15 10118   160    62     8 -9999 -9999
1988 05 21 06    10   -10 10168    90    62     7 -9999 -9999
1988 05 21 12    29    -7 10158    90    72     6 -9999    -1
1988 05 21 18    24    -9 10132    90   113     7 -9999     0
1988 05 22 06     8    -6 10135    80    51     7 -9999 -9999
1988 05 22 12    19     0 10175   250    10     7 -9999     1
1988 05 22 18    13     2 10201     0     0     8 -9999 -9999
1988 05 23 06     1    -7 10234   310    41     7 -9999 -9999
1988 05 23 18    -2   -32 10229   250    21     7 -9999     0
1988 05 24 06     5   -36 10189    50    51     5 -9999 -9999
1988 05 24 18     5   -39 10216    90    31     3 -9999     0
1988 05 25 06   -19   -37 10199   190    21     7 -9999     0
1988 05 25 12   -10   -42 10182   260    21     8 -9999     0
1988 05 25 18   -12   -22 10150   200    41     8 -9999 -9999
1988 05 26 06    -2   -32 10099    90    62     7 -9999 -9999
1988 05 26 12     3   -32 10114    90    72     8 -9999    -1
1988 05 26 18    -4   -31 10135    90    41     7 -9999     0
1988 05 27 06   -20   -32 10152   260    10     7 -9999 -9999
1988 05 27 12    -4   -28 10153   180    21     7 -9999    10
1988 05 27 18   -15   -23 10134   150    31     8 -9999 -9999
1988 05 28 06     2   -43 10150     0     0     7 -9999 -9999
1988 05 28 18   -17   -55 10172   320    31     6 -9999     0
1988 05 29 06   -29   -56 10170   280    21     8 -9999     0
1988 05 29 12   -22   -44 10172   280    41     7 -9999     0
1988 05 29 18   -19   -69 10170   170    10     1 -9999     0
1988 05 30 06   -22   -61 10158    70    10     2 -9999     0
1988 05 30 12     8   -19 10154     0     0     6 -9999     0
1988 05 30 18     7   -43 10156     0     0     7 -9999     0
1988 05 31 06    28   -20 10183   260    10     5 -9999     0
1988 05 31 12    36   -24 10195    90    31     6 -9999     0
1988 05 31 18    34   -16 10197   210    10     1 -9999     0
1988 06 01 06    -1   -19 10163     0     0     7 -9999     0
1988 06 01 12    18   -10 10145     0     0     8 -9999     0
1988 06 01 18     6    -5 10122    80    10     7 -9999     0
1988 06 02 18    -7   -19 10038   240    21     8 -9999     0
1988 06 03 06   -24   -40  9982    90    62     6 -9999 -9999
1988 06 03 12   -12   -41  9986    90    41     7 -9999     0
1988 06 03 18   -12   -41  9989    90    21     7 -9999     0
1988 06 04 06    -3   -34 10010   260    31     7 -9999 -9999
1988 06 04 12     9   -24 10035   200    31     5 -9999     3
1988 06 04 18     5   -23 10062   270    10     1 -9999     0
1988 06 05 06     1   -22 10105   270    10     7 -9999 -9999
1988 06 05 12    14    -2 10123   200    21     7 -9999    -1
1988 06 05 18    12   -37 10141   190    21     7 -9999     0
1988 06 06 06     7   -15 10185     0     0     7 -9999 -9999
1988 06 06 12     8    -9 10202   210    41     7 -9999     0
1988 06 06 18     9   -11 10211     0     0     7 -9999     0
1988 06 07 06    15     1 10187    50    31     8 -9999 -9999
1988 06 07 12    24    13 10179   280    21     8 -9999   150
1988 06 07 18    24    11 10162   270    21     7 -9999 -9999
1988 06 08 06    11     6 10057   270    31     8 -9999 -9999
1988 06 08 12     6     0 10035   240    10     8 -9999     5
1988 06 08 18     2    -4 10002   240    21     8 -9999 -9999
1988 06 09 06    12   -20 10035   290    62     7 -9999 -9999
1988 06 09 12    19    -6 10066   120    31     7 -9999     0
1988 06 09 18    17    -2 10091     0     0     1 -9999     0
1988 06 10 06     8   -15 10104   230    10     7 -9999     0
1988 06 10 12    14    -8 10075   230    10     7 -9999    -1
1988 06 10 18    15   -26 10077   290    51     5 -9999 -9999
1988 06 11 06    13   -13 10110    90    62     1 -9999     0
1988 06 11 12    11   -18 10109    90    62     6 -9999     0
1988 06 11 18     4   -23 10093    60    72     7 -9999     0
1988 06 12 12   -14   -34 10045    70   134     7 -9999     0
1988 06 12 18    10   -20 10047    60    72     7 -9999     0
1988 06 13 06    19    -3 10091     0     0     1 -9999 -9999
1988 06 13 12    36   -17 10122   210    10     1 -9999     0
1988 06 14 06     5    -9 10112   260    31     8 -9999     0
1988 06 14 18     0   -26 10096   250    21     8 -9999     0
1988 06 15 06     7   -13 10072    90    31     7 -9999     0
1988 06 15 12    12     4 10065    90    21     8 -9999    10
1988 06 15 18     8     0 10066 -9999 -9999     8 -9999 -9999
1988 06 16 12    15     7 10058    90    21     7 -9999    10
1988 06 16 18    35    28 10028    90    21     8 -9999 -9999
1988 06 17 06     6     3 10048   190    10     9 -9999 -9999
1988 06 17 12    16     8 10059   240    62     8 -9999    20
1988 06 18 06    25    17 10104   180    62     8 -9999 -9999
1988 06 18 12    28    23 10115   200    31     8 -9999     3
1988 06 18 18    18    13 10125   220    21     8 -9999 -9999
1988 06 19 06    31    26 10149     0     0     8 -9999 -9999
1988 06 19 12    41    36 10163     0     0     8 -9999    20
1988 06 20 06    32    27 -9999   280    31     8 -9999 -9999
1988 06 20 12    32    24 10184   210    31     8 -9999    -1
1988 06 20 18    35    27 10188   270    21     8 -9999     0
1988 06 21 06    34     2 10182   280    51     4 -9999     0
1988 06 21 18    42    14 10142   100    93     1 -9999     0
1988 06 22 06    33     4 10096   100   134     7 -9999     0
1988 06 22 12    59    20 10087    90    93     6 -9999     0
1988 06 22 18    47    22 10082    90    82     7 -9999     0
1988 06 23 06    22    12 10074    90    51     8 -9999 -9999
1988 06 23 12    39    21 10051   100    72     7 -9999     0
1988 06 23 18    43    15 10010    80    62     7 -9999     0
1988 06 24 06    16     0 10044   240    72     8 -9999 -9999
1988 06 24 12    16     0 10090   240    72     8 -9999     3
1988 06 24 18    22    17 10100   260    31     8 -9999 -9999
1988 06 25 06    45    30  9981   150    93     8 -9999 -9999
1988 06 25 12    24    19  9967   260    51     8 -9999    50
1988 06 25 18    20     4 10014   230    31     7 -9999     0
1988 06 26 06    20     7  9930    70    21     8 -9999 -9999
1988 06 26 12    25    17  9876   120    10     8 -9999   130
1988 06 26 18    36    23  9915   280    72     7 -9999 -9999
1988 06 27 12    31    -7  9998   280    72     7 -9999    -1
1988 06 27 18    20   -17 10057   270    82     6 -9999     0
1988 06 28 06    11     0 10070   270    41     8 -9999 -9999
1988 06 28 12    20    -5 10054   270    51     7 -9999    30
1988 06 28 18    18    -4 10057   260    31     7 -9999 -9999
1988 06 29 06    24   -29 10050   300    31     1 -9999     0
1988 06 29 18    39   -30 10058   260    41     7 -9999 -9999
1988 06 30 06    28    -5 10081   270    62     7 -9999 -9999
1988 06 30 12    25    -5 10097   260    72     5 -9999     0
1988 06 30 18    15   -10 10100   260    62     6 -9999     0
1988 07 01 06    15     7 10096   250    41     7 -9999 -9999
1988 07 01 12    27    11 10088   250    41     7 -9999     0
1988 07 01 18    27     3 10078    70    21     6 -9999     0
1988 07 02 06    40   -15 10054   280    31     2 -9999     0
1988 07 02 12    40     0 10041   300    51     7 -9999    -1
1988 07 02 18    36    -4 10014   290    31     4 -9999 -9999
1988 07 03 06    10     0  9957    90    41     8 -9999 -9999
1988 07 03 12    39   -10  9970    80    62     7 -9999     1
1988 07 03 18    22    -9  9986   100    62     7 -9999 -9999
1988 07 04 12    58   -21 10001    30    62     7 -9999     0
1988 07 04 18    45   -15 10011   240    10     6 -9999     0
1988 07 05 06    28   -11 10056   260    51     7 -9999     0
1988 07 05 12    27     0 10091   250    51     7 -9999    -1
1988 07 05 18    18    13 10097   270    10     8 -9999 -9999
1988 07 06 12    27    24 10106   210    41     8 -9999     1
1988 07 06 18    21    21 10114   250    41     8 -9999 -9999
1988 07 07 06    22    22 10091   210    62     8 -9999 -9999
1988 07 07 12    26    26 10096   210    31     7 -9999     3
1988 07 07 18    28    28 10090   240    31     8 -9999 -9999
1988 07 08 06    18    18 10080   230    21     7 -9999 -9999
1988 07 08 12    89    32 10086   240    51     7 -9999     0
1988 07 08 18    25    17 10088   230    41     7 -9999     0
1988 07 09 06    26    23 10088   220    31     8 -9999 -9999
1988 07 09 12    53    41 10101   240    21     3 -9999     0
1988 07 09 18    37    32 10107   220    21     1 -9999     0
1988 07 10 06    42    11 10122    90    93     7 -9999     0
1988 07 10 18    51    13 10104    90    93     7 -9999     0
1988 07 11 06    50    36 10060    60    62     7 -9999 -9999
1988 07 11 12    52    38 10045   110    21     7 -9999     0
1988 07 11 18    57    41 10041   120    10     7 -9999     0
1988 07 12 06    38    33 10062    50    31     7 -9999     0
1988 07 12 12    51    27 10068    80    41     7 -9999     0
1988 07 12 18    46    24 10081    80    41     8 -9999 -9999
1988 07 13 06    30     9 10093    70    41     7 -9999 -9999
1988 07 13 12    40    20 10111    80    26     7 -9999     0
1988 07 13 18    22    22 10132    90    36     8 -9999 -9999
1988 07 14 06    25    22 10097    50    10     8 -9999 -9999
1988 07 14 12    43    31 10083    80    21     7 -9999    60
1988 07 14 18    35    33 10075   140    15     8 -9999 -9999
1988 07 15 06    32    32 10107   200    21     8 -9999 -9999
1988 07 16 06    27    24 10173   240    26     8 -9999 -9999
1988 07 16 12    33     7 10179   270    26     8 -9999     3
1988 07 16 18    26    13 10190   290    26     6 -9999 -9999
1988 07 17 06    32    24 10227   260    41     7 -9999     0
1988 07 17 12    26    10 10241   250    31     7 -9999     0
1988 07 17 18    24    13 10232   250    26     7 -9999     0
1988 07 18 06    30    15 10225    70    10     7 -9999     0
1988 07 18 12    50    36 10236   100    10     6 -9999     0
1988 07 18 18    52    33 10230   100     5     5 -9999     0
1988 07 19 06    48    28 10214   110     5     7 -9999     0
1988 07 19 12    63    42 10210 -9999     5     7 -9999     0
1988 07 19 18    60    31 10194   140     5     7 -9999     0
1988 07 20 06    62    12 10170    80    31     8 -9999 -9999
1988 07 20 12    52    14 10170    80    31     7 -9999    30
1988 07 20 18    50    23 10167   100    31     8 -9999 -9999
1988 07 21 06    66    -1 10154   100    46     3 -9999 -9999
1988 07 21 12    59     5 10163    90    46     2 -9999     0
1988 07 21 18    60    10 10169    60    31     0 -9999     0
1988 07 22 06    46    21 10157   110     5     0 -9999     0
1988 07 22 12    58    42 10154   220    10     0 -9999     0
1988 07 22 18    57    42 10144   220    10     0 -9999     0
1988 07 23 06 -9999 -9999 10128   230     5     1 -9999     0
1988 07 23 12    77    43 10129   210    10     4 -9999     0
1988 07 23 18    68    25 10127   110     5     7 -9999     0
1988 07 24 06    57    17 10144   120     5     7 -9999     0
1988 07 24 12    66    35 10158     0     0     7 -9999     0
1988 07 24 18    62    46 10165   110     5     5 -9999     0
1988 07 25 06    23    23 10162   140     5     0 -9999     0
1988 07 25 12    38    33 10149   100     5     8 -9999     0
1988 07 25 18    30    30 10127    40     5     8 -9999     0
1988 07 26 06    38     1 10091   100    46     1 -9999     0
1988 07 26 12    70    13 10098    80    36     1 -9999     0
1988 07 26 18    88    21 10097 -9999 -9999     1 -9999     0
1988 07 27 06    49    19 10111    90    46     7 -9999     0
1988 07 27 12    46    16 10114    90    57     7 -9999     0
1988 07 27 18    68    11 10108    70    57     6 -9999 -9999
1988 07 28 06    60    10 10112    60    57     7 -9999     0
1988 07 28 12    62    23 10127   100    46     7 -9999    -1
1988 07 28 18    48    21 10137    80    36     8 -9999 -9999
1988 07 29 06    47    14 10177    90    82     8 -9999     0
1988 07 29 12    46    18 10199    90    72     7 -9999     0
1988 07 29 18    45    23 10205   110    10     8 -9999     0
1988 07 30 06    24     3 10192    10   123     6 -9999 -9999
1988 07 30 12    38   -11 10183   100   103     7 -9999     0
1988 07 30 18    58    21 10171    70    72     7 -9999     0
1988 07 31 06    40    14 10112   100   164     7 -9999 -9999
1988 07 31 12    64    20 10103    70   164     6 -9999     0
1988 07 31 18    57    25 10075    70   134     7 -9999     0
1988 08 01 12    70    32 10004    50   134     7 -9999    -1
1988 08 02 06    47    30 -9999   100    82     8 -9999     0
1988 08 02 12    60    39  9997    90    82     7 -9999     0
1988 08 02 18    52    35 10007    90    62     7 -9999     0
1988 08 03 06    46    41 10053    90    10     8 -9999 -9999
1988 08 03 12    56    51 10078   110    10     8 -9999    10
1988 08 03 18    58    58 10099     0     0     8 -9999 -9999
1988 08 04 06    40    40 10130     0     0     8 -9999 -9999
1988 08 04 12    42    37 10133     0     0     8 -9999     3
1988 08 04 18    44    27 10135    90     5     8 -9999 -9999
1988 08 05 06    36    26 10153     0     0     7 -9999     0
1988 08 05 12    44    32 10169     0     0     8 -9999     0
1988 08 05 18    63    21 10179   260    15     6 -9999     0
1988 08 06 06    43    41 -9999     0     0     8 -9999     0
1988 08 06 12    35    33 10187   240    31     7 -9999     0
1988 08 06 18    29    24 10178     0     0     1 -9999     0
1988 08 07 06    47    14 10164   100    31     0 -9999     0
1988 08 07 12   114    21 10160   100    51     1 -9999     0
1988 08 07 18    84    29 10149    80    62     7 -9999     0
1988 08 08 06    61    50 10132    90    62     6 -9999 -9999
1988 08 08 12    37    30 10148   100     5     8 -9999    10
1988 08 08 18    46    46 10155     0     0     8 -9999 -9999
1988 08 09 06    20    20 10178     0     0     8 -9999 -9999
1988 08 09 12    43    36 10180   240    10     7 -9999     0
1988 08 09 18    20    20 10178   100    21     5 -9999     0
1988 08 10 06    13     8 10181     0     0     8 -9999     0
1988 08 10 12    43    38 10186   120    10     8 -9999     0
1988 08 10 18    48    43 10184   200    10     8 -9999 -9999
1988 08 11 12    73    43 10130   300    82     7 -9999     0
1988 08 12 06    24    13 10075    90    10     0 -9999 -9999
1988 08 12 12    33    18 -9999    90    10     0 -9999     0
1988 08 12 18    61    16 10070   110    31     0 -9999     0
1988 08 13 06    28    10 10093    90    31     2 -9999     0
1988 08 13 12    33    12 10095   250    51     8 -9999     0
1988 08 13 18    28    21 10084   230    21     8 -9999     0
1988 08 14 06    21    18 10080   110    21     8 -9999 -9999
1988 08 14 12    34    -4 10104    90    62     6 -9999    -1
1988 08 14 18    30    -8 10127   100    62     5 -9999 -9999
1988 08 15 06    28    -5 10172    90    31     3 -9999     0
1988 08 15 12    26   -13 10197   100    72     1 -9999     0
1988 08 15 18    15   -20 10204   100    31     2 -9999     0
1988 08 16 06     4   -16 10211   100    10     0 -9999     0
1988 08 16 12    41    -5 10217   220    21     1 -9999     0
1988 08 17 06    26     5 10197    50    10     2 -9999     0
1988 08 17 12    50    12 10190   280    41     7 -9999     0
1988 08 17 18    42     6 10186   290    51     6 -9999     0
1988 08 18 06    33     4 10164   280    31     7 -9999     0
1988 08 18 12    58    -4 10158   300    51     2 -9999     0
1988 08 18 18    50    -3 10149   290    51     0 -9999     0
1988 08 19 06    22   -15 10138    90    10     0 -9999     0
1988 08 19 18    30     3 10131    90    62     7 -9999     0
1988 08 20 06    21   -16 10119    40    15     5 -9999 -9999
1988 08 20 12    30    -8 10111    90    41     7 -9999     0
1988 08 20 18    21    -4 10096    90    51     7 -9999     0
1988 08 21 06    21    -4 -9999   110    21     8 -9999     0
1988 08 21 12    30    -2 10068   240    10     7 -9999     0
1988 08 21 18    22     6 10069     0     0     7 -9999     0
1988 08 22 06    36    10 10074     0     0     8 -9999     0
1988 08 22 12    40    14 10073   290    10     8 -9999     0
1988 08 22 18    38    33 10070   240    10     8 -9999     0
1988 08 23 06    44    39 10061   270    31     8 -9999 -9999
1988 08 23 12    53    34 10077   190    51     8 -9999     0
1988 08 23 18    53    39 10082   190    51     8 -9999     0
1988 08 24 06    56    44 10094    60    10     8 -9999     0
1988 08 24 12    59    35 10098    70    41     8 -9999    -1
1988 08 24 18    64    41 10100    70    41     8 -9999 -9999
1988 08 25 06    71    46 10089    60    72     7 -9999 -9999
1988 08 25 12    64    36 10087   100    93     7 -9999     0
1988 08 25 18    58    32 10083    80    72     8 -9999 -9999
1988 08 26 06    51    37 10078    70    10     7 -9999     0
1988 08 26 12    60    41 10092   220    21     5 -9999     0
1988 08 26 18    42    27 10115    90    10     5 -9999     0
1988 08 27 06    56    40 10129    80    72     8 -9999 -9999
1988 08 27 12    35    25 10137   100    93     8 -9999    40
1988 08 27 18    42    11 10133    80    93     7 -9999 -9999
1988 08 28 06    46    10 10140    90    82     5 -9999 -9999
1988 08 28 12    41   -14 10133    70    72     3 -9999     0
1988 08 28 18    20   -14 10124    70    62     7 -9999     0
1988 08 29 12    23   -13 10094    90    51     4 -9999     0
1988 08 29 18    16     2 10079    90    10     3 -9999     0
1988 08 30 06     4     1 10051    70    10     8 -9999     0
1988 08 30 12    18    -1 10051   100    10     0 -9999     0
1988 08 30 18    20     4 10059   130    10     0 -9999 -9999
1988 08 31 06    15   -20 10101   110    51     7 -9999     0
1988 08 31 12    30   -15 10121   100    51     7 -9999     0
1988 08 31 18    20   -17 10131    80    51     7 -9999     0
1988 09 01 06    10   -10 10138   100    21     7 -9999     0
1988 09 01 12    31   -13 10151   240    51     7 -9999     0
1988 09 01 18    30     6 10158    70    10     7 -9999     0
1988 09 02 06    50    48 10139   330    10     8 -9999 -9999
1988 09 02 12    51    51 10136   210    10     8 -9999    30
1988 09 03 06    53    53 10053   270    21     8 -9999 -9999
1988 09 03 12    43    43 10056   250    31     8 -9999    20
1988 09 03 18    42    42 10057   290    21     8 -9999 -9999
1988 09 04 06    27    27 10078   260    31     7 -9999 -9999
1988 09 04 12    24    19 10090     0     0     8 -9999     3
1988 09 04 18    24    13 10097   310    10     7 -9999 -9999
1988 09 05 06    27     3 10121    60    21     7 -9999     0
1988 09 05 12    52    11 10132    80    21     4 -9999     0
1988 09 05 18    46    36 10149   290    21     8 -9999     0
1988 09 06 06    70    68 10180   270    21     8 -9999 -9999
1988 09 06 12    60    60 10196   250    31     8 -9999    -1
1988 09 06 18    54    54 10198   280    41     8 -9999 -9999
1988 09 07 06    40    36 10156   100    10     7 -9999 -9999
1988 09 07 12    60    58 10142     0     0     8 -9999    20
1988 09 07 18    52    52 10103   260    10     8 -9999 -9999
1988 09 08 06    54    52 10018    40    10     8 -9999 -9999
1988 09 08 12    40    33  9992   180    10     8 -9999    20
1988 09 08 18    41    34  9984    20    21     7 -9999 -9999
1988 09 09 06    26    21 10019     0     0     7 -9999 -9999
1988 09 09 12    31    28 10026     0     0     8 -9999     0
1988 09 09 18    26    21 10007   120    21     8 -9999 -9999
1988 09 10 06    11   -15 10013    50    82     8 -9999 -9999
1988 09 10 12    10   -39 10042    90    82     8 -9999    -1
1988 09 10 18    -2   -35 10073    90    51     7 -9999 -9999
1988 09 11 06    -5   -33 10107    90    31     7 -9999 -9999
1988 09 11 12     4   -37 10127    80    41     7 -9999    -1
1988 09 11 18   -10   -42 10136    60    31     4 -9999 -9999
1988 09 12 06   -26   -39 10134     0     0     7 -9999     0
1988 09 12 12     4   -51 10130   290    10     6 -9999     0
1988 09 12 18    -9   -41 10127    60    10     3 -9999     0
1988 09 13 06     3   -29 10093   280    41     7 -9999     0
1988 09 13 12    10   -43 10080   280    51     7 -9999     0
1988 09 13 18     8   -28 10052   260    31     7 -9999     0
1988 09 14 06   -26   -42 10028    90    21     6 -9999 -9999
1988 09 14 12     4   -18 10020    60    41     5 -9999     0
1988 09 14 18     4   -18  9994    70    62     7 -9999     0
1988 09 15 12    22   -24  9940    50    93     8 -9999     0
1988 09 15 18    16   -25  9956    50    82     8 -9999     0
1988 09 16 06    -5    -8  9997    80    41     8 -9999 -9999
1988 09 16 12    -5   -20 10003    90    62     7 -9999    20
1988 09 16 18   -10   -39 10002    60    82     7 -9999 -9999
1988 09 17 06   -42   -88 10023    30    21     0 -9999 -9999
1988 09 17 12    19   -73 10032     0     0     7 -9999     0
1988 09 17 18   -24   -68 10040    20     5     7 -9999     0
1988 09 18 06   -30   -84 10044     0     0     1 -9999     0
1988 09 18 12   -20   -62 10051   150    21     0 -9999     0
1988 09 18 18   -24   -53 10035   150    31     7 -9999     0
1988 09 19 06   -18   -26 10022    90    31     7 -9999 -9999
1988 09 19 12    -2   -11 10008     0     0     8 -9999     1
1988 09 19 18    -4   -10  9970   240    31     8 -9999 -9999
1988 09 20 06   -14   -70  9897   300    31     6 -9999 -9999
1988 09 20 12   -30   -84  9907   290    41     6 -9999     0
1988 09 20 18   -41   -79  9897   330    21     8 -9999 -9999
1988 09 21 06   -74  -145  9919   290    51     2 -9999 -9999
1988 09 21 12   -73   -94  9926     0     0     8 -9999     5
1988 09 21 18   -87  -130  9911   270    51     7 -9999 -9999
1988 09 22 06   -77  -108  9945     0     0     7 -9999     0
1988 09 22 12   -29   -75  9988   350    41     2 -9999     0
1988 09 22 18   -78  -115 10029     0     0     0 -9999     0
1988 09 23 06   -92  -121 10079     0     0     3 -9999     0
1988 09 23 18   -60   -91 10084    50    31     7 -9999     0
1988 09 24 06    24   -46 10053    80    51     8 -9999     0
1988 09 24 12   -26   -45 10033    70   123     8 -9999     0
1988 09 24 18   -22   -44 10015    50   123     8 -9999 -9999
1988 09 25 06   -19   -43 10022    60   113     7 -9999 -9999
1988 09 25 12   -20   -52 10036    50   103     4 -9999     0
1988 09 25 18   -37   -66 10040    70    82     1 -9999     0
1988 09 26 06   -57   -95 10038    80    72     1 -9999     0
1988 09 26 12   -42   -97 10049    90    62     1 -9999     0
1988 09 26 18   -62   -97 10056    20    51     2 -9999 -9999
1988 09 27 06   -42   -68 10062   100    62     8 -9999     0
1988 09 27 12   -42   -84 10078    70    31     7 -9999     0
1988 09 27 18   -47   -87 10080    50    31     8 -9999     0
1988 09 28 06   -56   -86 10082    70    31     4 -9999 -9999
1988 09 28 12   -46   -94 10083    80    62     4 -9999     0
1988 09 28 18   -46   -85 10095    80    62     7 -9999 -9999
1988 09 29 06   -49   -89 10053    60   164     6 -9999 -9999
1988 09 29 12   -40   -81 10018    50   123     8 -9999    -1
1988 09 29 18   -36   -61  9978    60   113     8 -9999 -9999
1988 09 30 06    -6   -27  9902    40    21     8 -9999 -9999
1988 09 30 12     7   -44  9897    90    72     8 -9999     1
1988 09 30 18   -13   -39  9907    60   144     8 -9999 -9999
1988 10 01 06 -9999 -9999  9987    40    51     8 -9999     0
1988 10 01 12     3  -100 10040     0     0     8 -9999     0
1988 10 01 18   -28   -86 10070   100    62     7 -9999     0
1988 10 02 01   -40   -52 10019    90    62     8 -9999 -9999
1988 10 02 06   -40   -52 10069    90    62     8 -9999 -9999
1988 10 02 12   -30   -54 10071   100    72     8 -9999    -1
1988 10 02 18   -24   -46 10045    80    62     7 -9999 -9999
1988 10 03 06   -28   -51  9990    70   113     8 -9999 -9999
1988 10 03 12   -18   -39  9967    90   113     8 -9999    -1
1988 10 04 06   -16   -40  9952    80    93     7 -9999 -9999
1988 10 04 12   -24   -50  9979    80    82     7 -9999     0
1988 10 04 18   -37   -70 10003    90    82     7 -9999     0
1988 10 05 06   -68   -76 10020    90    93     8 -9999 -9999
1988 10 05 12   -63   -78 10038    90    72     8 -9999    10
1988 10 05 18   -80  -107 10060    80    31     6 -9999 -9999
1988 10 06 12   -60  -108 10051    80    31     8 -9999     0
1988 10 06 18   -55   -89 10039    60    41     7 -9999 -9999
1988 10 07 06   -67   -95  9969    60    31     2 -9999     0
1988 10 07 12   -46   -85  9931    50    31     2 -9999     0
1988 10 07 18   -32   -79  9894    50    41     7 -9999 -9999
1988 10 08 12   -99  -158  9754   330    31     3 -9999     0
1988 10 08 18  -122  -185  9757     0     0     3 -9999     0
1988 10 09 06  -129  -161  9829   310    31     8 -9999 -9999
1988 10 09 12  -118  -179  9852   290    41     6 -9999    -1
1988 10 09 18  -107  -140  9843    90    82     6 -9999 -9999
1988 10 10 06  -104  -360  9810   290   103     8 -9999 -9999
1988 10 10 12   -92  -142  9855   300    62     5 -9999     3
1988 10 11 06   -28   -48  9857   240    41     8 -9999 -9999
1988 10 11 12   -36   -57  9871     0     0     7 -9999    20
1988 10 11 18   -44   -71  9857    90    21     7 -9999 -9999
1988 10 12 06   -48   -96  9872   320    51     7 -9999 -9999
1988 10 12 12  -112  -135  9919   310   144     7 -9999     1
1988 10 12 18  -114  -161 10000   300    62     8 -9999 -9999
1988 10 13 18   -84  -131  9991   290    82     1 -9999 -9999
1988 10 14 06   -82  -124 10077   270    10     1 -9999     0
1988 10 14 12   -74  -145 10051    20    10     8 -9999     0
1988 10 14 18   -56  -103 10119    90    72     8 -9999     0
1988 10 15 06   -75  -105 10143    90   103     7 -9999 -9999
1988 10 15 12   -70   -99 10140    90   123     8 -9999     0
1988 10 15 18   -54   -72 10133    90   144     8 -9999 -9999
1988 10 16 06   -10   -11  9995    80   164     8 -9999 -9999
1988 10 16 12    10    -1  9869    90   164     8 -9999     3
1988 10 16 18     4     1  9842     0     0     8 -9999 -9999
1988 10 17 06   -26   -49  9852    90    98     8 -9999 -9999
1988 10 17 12   -22   -58  9867   100    82     7 -9999    -1
1988 10 17 18   -27   -57  9942    50    10     5 -9999     0
1988 10 18 06   -30   -93 10140    70    51     7 -9999     0
1988 10 18 12   -46   -52 10209    90    51     8 -9999    -1
1988 10 18 18   -48   -54 10235   100    21     8 -9999 -9999
1988 10 19 06   -23   -42 10244   250    31     8 -9999     0
1988 10 19 18   -13   -60 10142   320    31     3 -9999 -9999
1988 10 20 12   -39   -84 10194    90    82     8 -9999     0
1988 10 20 18   -83  -110 10194    60    62     2 -9999     0
1988 10 21 06  -102  -124 10211    70    21     8 -9999     0
1988 10 21 12   -66   -68 10197   270    10     5 -9999     0
1988 10 21 18   -58   -84 10186   110    62     8 -9999     0
1988 10 22 06   -68  -101 10129    90    93     8 -9999 -9999
1988 10 22 12   -86  -134 10162    70   103     4 -9999    -1
1988 10 22 18 -9999 -9999 10212    60    51     1 -9999 -9999
1988 10 23 06  -114  -167 10252    60    10     6 -9999     0
1988 10 23 12  -125  -175 10260    90    10     6 -9999     0
1988 10 23 18  -111  -177 10245    90    10     5 -9999     0
1988 10 24 06  -134  -178 10229     0     0     0 -9999     0
1988 10 24 12  -108  -147 10220     0     0     7 -9999     0
1988 10 24 18   -96  -126 10193     0     0     4 -9999     0
1988 10 25 06   -97  -128 10140    80    41     0 -9999     0
1988 10 25 12  -110  -128 10132    60    62     7 -9999     0
1988 10 25 18  -110  -144 10117    80    51     7 -9999 -9999
1988 10 26 06  -133  -160 10124    90   103     7 -9999 -9999
1988 10 26 12  -136  -190 10147    30    41     7 -9999     0
1988 10 26 18  -150  -211 10154    90    31     0 -9999     0
1988 10 27 06  -170  -212 10136    70    41     7 -9999     0
1988 10 27 12  -162  -210 10145    60    41     7 -9999     0
1988 10 27 18  -160  -216 10136    60    62     0 -9999     0
1988 10 28 06  -175  -219 10158    90    41     0 -9999     0
1988 10 28 12  -190  -220 10165    90    21     6 -9999     0
1988 10 28 18  -192  -213 10162    80    21     3 -9999     0
1988 10 29 06  -125  -130 10112    60    10     8 -9999 -9999
1988 10 29 12  -104  -108 10065   110    21     8 -9999    20
1988 10 29 18   -85   -87  9990   100    21     8 -9999 -9999
1988 10 30 06  -146  -163 10046   100   123     7 -9999 -9999
1988 10 30 12  -162  -194 10101   110    82     2 -9999     0
1988 10 30 18  -170  -204 10141   100    93     0 -9999     0
1988 10 31 06  -186  -207 10154   110    10     4 -9999     0
1988 10 31 12  -144  -155 10136    90    31     7 -9999     0
1988 10 31 18  -120  -129 10124   110    41     7 -9999 -9999
1988 11 01 06  -134  -150 10096     0     0     7 -9999 -9999
1988 11 01 12  -127  -178 10092   320    21     7 -9999     0
1988 11 01 18  -124  -174 10085     0     0     0 -9999     0
1988 11 02 06  -188  -209 10097    80    51     1 -9999     0
1988 11 02 12  -207  -239 10128    80    62     2 -9999     0
1988 11 02 18  -194  -215 10151    70    10     0 -9999     0
1988 11 03 06  -124  -135 10125    90    41     8 -9999 -9999
1988 11 03 12   -85  -100 10080    80    51     8 -9999     1
1988 11 03 18   -78 -9999 10057    80    82     8 -9999 -9999
1988 11 04 06  -136  -141 10120    80   144     8 -9999 -9999
1988 11 04 12  -151  -168 10149    70   134     8 -9999 -9999
1988 11 04 18  -160  -178 10142    70   134     0 -9999     0
1988 11 05 06  -184  -205 10128    90   144     0 -9999     0
1988 11 05 12  -180  -208 10129    70   185     1 -9999     0
1988 11 05 18  -180  -208 10142    70   123     0 -9999     0
1988 11 06 06  -168  -210 10137   100    82     0 -9999     0
1988 11 06 12  -154  -192 10138   100   144     7 -9999     0
1988 11 06 18  -152  -197 10140    80    31     3 -9999     0
1988 11 07 06  -100  -120 10101   110    31     8 -9999 -9999
1988 11 07 12   -16   -24 10056   200    82     8 -9999    10
1988 11 07 18   -22   -54 10055   280   103     8 -9999 -9999
1988 11 08 06   -62   -85 10070   290    41     0 -9999 -9999
1988 11 08 12   -70   -99 10061    70    21     4 -9999     0
1988 11 08 18   -24   -76 10006   100    93     8 -9999     0
1988 11 09 06   -46   -55  9847   100    82     8 -9999 -9999
1988 11 09 12    -8   -15  9878   250    41     8 -9999    30
1988 11 09 18   -10   -20  9894   210    31     8 -9999 -9999
1988 11 10 06   -42   -61  9801    90   123     8 -9999 -9999
1988 11 10 12   -60   -83  9825   100   103     7 -9999    -1
1988 11 10 18   -63   -82  9868   100    82     8 -9999 -9999
1988 11 11 06   -79  -110  9902   110    93     8 -9999 -9999
1988 11 11 12   -78  -118  9924   110    82     7 -9999    -1
1988 11 11 18   -82  -114  9919   100    82     8 -9999 -9999
1988 11 12 06  -129  -150  9908   100   103     8 -9999 -9999
1988 11 12 12  -150  -187  9943     0     0     0 -9999    -1
1988 11 13 06  -173  -200 10050     0     0     2 -9999     0
1988 11 13 12  -166  -185 10068     0     0     1 -9999     0
1988 11 13 18  -150  -202 10072    80    10     0 -9999     0
1988 11 14 06  -174  -194 10092     0     0     0 -9999     0
1988 11 14 12  -182  -202 10114   180    10     1 -9999     0
1988 11 14 18  -187  -200 10119    80    10     0 -9999     0
1988 11 15 06  -116  -169 10091   300    41     0 -9999 -9999
1988 11 15 12  -149  -186 10078    90    10     0 -9999     0
1988 11 15 18  -166  -199 10057    80    31     0 -9999     0
1988 11 16 12  -180  -225  9964    90    93     1 -9999     0
1988 11 16 18  -182  -238  9969    70    51     0 -9999     0
1988 11 17 06  -184  -251 10019    50    41     0 -9999     0
1988 11 17 12  -184  -251 10056   110    10     7 -9999     0
1988 11 17 18  -190  -239 10064    80    41     1 -9999     0
1988 11 18 06  -192  -231 10070     0     0     0 -9999     0
1988 11 18 12  -164  -213 10057    70    10     5 -9999     0
1988 11 18 18  -186  -224 10063    80    10     2 -9999     0
1988 11 19 06  -207  -250 10094     0     0     0 -9999     0
1988 11 19 12  -180  -225 10108     0     0     7 -9999     0
1988 11 19 18  -144  -210 10117   300    72     6 -9999     0
1988 11 20 06  -104  -179 10066   270    21     2 -9999 -9999
1988 11 20 12  -130  -190 10039     0     0     0 -9999     0
1988 11 20 18  -148  -208 10008     0     0     0 -9999     0
1988 11 21 06  -198  -239  9989   100    10     0 -9999     0
1988 11 21 12  -201  -253  9981     0     0     0 -9999     0
1988 11 21 18  -188  -236  9957     0     0     0 -9999     0
1988 11 22 06  -217  -275 10032    90    21     0 -9999     0
1988 11 22 12  -193  -242 10046    60    10     0 -9999     0
1988 11 22 18  -180  -200 10026   110    10     7 -9999     0
1988 11 23 06  -114  -118  9932   100    72     8 -9999 -9999
1988 11 23 12  -114  -118  9868   100   123     8 -9999     3
1988 11 23 18  -114  -138  9846    90   134     8 -9999 -9999
1988 11 24 06  -131  -158  9890    70    82     7 -9999 -9999
1988 11 24 12  -134  -181  9916    80    62     7 -9999     0
1988 11 24 18  -148  -178  9921   100    72     8 -9999     0
1988 11 25 12  -207  -221  9968    80    51     8 -9999    -1
1988 11 25 18  -226  -240  9993    80    51     6 -9999 -9999
1988 11 26 06  -233  -247 10014    90    72     0 -9999     0
1988 11 26 12  -223  -258 10041    90    10     7 -9999     0
1988 11 26 18  -220  -266 10047    80    21     2 -9999     0
1988 11 27 06  -236  -261 10060    90    51     0 -9999     0
1988 11 27 12  -252  -278 10068    90    51     3 -9999     0
1988 11 27 18  -238  -276 10072    80    41     0 -9999     0
1988 11 28 06  -209  -242 10068   100    51     0 -9999     0
1988 11 28 12  -188  -226 10071   100    72     6 -9999     0
1988 11 28 18  -197  -228 10080   100    62     0 -9999     0
1988 11 29 06  -226  -250 10094   100    21     0 -9999     0
1988 11 29 12  -220  -234 10093     0     0     2 -9999     0
1988 11 29 18  -246  -246 10077   110    10     0 -9999     0
1988 11 30 06  -138  -179  9989   100    82     6 -9999     0
1988 11 30 12  -107  -125  9942   100    93     7 -9999     0
1988 11 30 18  -101  -109  9927   110    93     8 -9999     0
1988 12 01 06   -98  -105  9929   100    21     8 -9999 -9999
1988 12 01 12   -74   -79  9929   100    10     8 -9999 -9999
1988 12 01 18   -57   -68  9895   100    21     8 -9999 -9999
1988 12 02 06     4     4  9732   180    41     8 -9999 -9999
1988 12 02 12     1     1  9682   270    82     8 -9999    90
1988 12 02 18   -18   -26  9690   280    72     8 -9999 -9999
1988 12 03 06  -102  -119  9799   300   103     8 -9999 -9999
1988 12 03 12  -104  -142  9867   300    93     8 -9999     3
1988 12 04 06  -174  -218  9923     0     0     0 -9999     0
1988 12 04 12  -132  -165  9921    80    31     7 -9999     0
1988 12 04 18  -114  -143  9888   100    93     8 -9999 -9999
1988 12 05 06  -124  -149  9893   100    62     0 -9999     1
1988 12 05 12  -154  -185  9920    80    51     3 -9999     0
1988 12 05 18  -150  -167  9922   100    21     2 -9999 -9999
1988 12 06 06  -146  -205  9963   340    41     0 -9999     0
1988 12 06 12  -160  -208  9994   310    51     1 -9999     0
1988 12 06 18  -133  -194  9996   320    51     0 -9999     0
1988 12 07 06  -114  -138  9931    90   123     8 -9999     0
1988 12 07 12  -104  -112  9799   100   154     8 -9999    -1
1988 12 08 06   -48   -54  9602   270    21     8 -9999 -9999
1988 12 08 12   -54   -68  9589   240    21     8 -9999    10
1988 12 08 18   -44   -53  9573   260    41     7 -9999 -9999
1988 12 09 06  -156  -195  9693   300   113     7 -9999 -9999
1988 12 09 12  -148  -185  9747   300   113     8 -9999    -1
1988 12 09 18  -128  -160 -9999   350   113     5 -9999 -9999
1988 12 10 06  -139  -187  9866   330    62     7 -9999     0
1988 12 10 12  -164  -232  9900   320    72     0 -9999     0
1988 12 10 18  -168  -228  9928   310    82     0 -9999     0
1988 12 11 06  -169  -229  9999   320    62     0 -9999     0
1988 12 11 12  -186  -254 10023    80    21     0 -9999     0
1988 12 11 18  -196  -270 10034    80    21     0 -9999     0
1988 12 12 06  -155  -173 -9999    90    41     6 -9999 -9999
1988 12 12 12  -138  -160  9985    80    51     6 -9999     3
1988 12 12 18  -159  -191  9959    70    62     0 -9999 -9999
1988 12 13 06  -177  -205  9945   100    72     0 -9999     0
1988 12 13 12  -185  -206  9988   100    21     3 -9999     0
1988 12 13 18  -160  -216 10026   210    41     0 -9999     0
1988 12 14 06  -152  -212 10042   280    10     0 -9999     0
1988 12 14 12  -130  -157 10032     0     0     8 -9999    -1
1988 12 14 18  -129  -134  9962   110    41     8 -9999 -9999
1988 12 15 12  -114  -133  9929   100    82     7 -9999     0
1988 12 15 18   -86  -134 -9999    80    93     8 -9999     0
1988 12 16 06  -126  -152  9826    80   134     8 -9999 -9999
1988 12 16 12  -145  -168  9909   100   103     8 -9999     3
1988 12 16 18  -176  -203  9936    90    31     0 -9999 -9999
1988 12 17 06  -204  -226  9977    90    21     0 -9999     0
1988 12 17 12  -182  -238  9989     0     0     0 -9999     0
1988 12 17 18  -163  -212  9998     0     0     0 -9999     0
1988 12 18 06  -160  -192  9997    60    41     8 -9999 -9999
1988 12 18 12  -140  -145  9957   100    31     6 -9999    10
1988 12 18 18  -150  -155  9924   100    21     3 -9999 -9999
1988 12 19 06  -176  -196  9940   100    82     1 -9999     0
1988 12 19 12  -200  -231  9968    90    72     5 -9999     0
1988 12 19 18  -227  -263  9989    90    51     3 -9999     0
1988 12 20 06  -252  -292  9899    80    62     0 -9999     0
1988 12 20 12  -252  -278  9997   100    31     0 -9999     0
1988 12 20 18  -279  -292  9986    90    21     0 -9999     0
1988 12 21 06  -262  -289  9950     0     0     0 -9999     0
1988 12 21 12  -272  -300  9964   100    10     0 -9999     0
1988 12 21 18  -263  -277  9964    90    10     0 -9999     0
1988 12 22 12  -283  -295  9976     0     0     0 -9999     0
1988 12 22 18  -280  -293  9966     0     0     0 -9999     0
1988 12 23 06  -259  -272  9966   100    10     0 -9999     0
1988 12 23 12  -264  -291  9984   100    21     0 -9999     0
1988 12 23 18  -269  -297  9989   240    21     0 -9999     0
1988 12 24 06  -281  -310 10007   100    10     0 -9999     0
1988 12 24 12  -261  -288 10033   100    51     0 -9999     0
1988 12 24 18  -305  -334 10058   110    21     0 -9999     0
1988 12 25 06  -298  -309 10062     0     0     0 -9999     0
1988 12 25 12  -300  -311 10080    90    31     1 -9999     0
1988 12 25 18  -292  -304 10086     0     0     0 -9999     0
1988 12 26 06  -290  -302 10108    90    10     0 -9999     0
1988 12 26 12  -273  -286 10106   120    10     0 -9999     0
1988 12 26 18  -251  -265 10083   110    31     0 -9999     0
1988 12 27 06  -201  -206 10042   110    62     8 -9999 -9999
1988 12 27 12  -199  -216 10033   100    93     8 -9999    -1
1988 12 27 18  -230  -255 10059   100   103     1 -9999 -9999
1988 12 28 06  -247  -273 10091   110    62     0 -9999     0
1988 12 28 12  -212  -256 10079   110    93     7 -9999     0
1988 12 28 18  -212  -245 10059   110    93     3 -9999     0
1988 12 29 06  -217  -231 10018   110    72     5 -9999     0
1988 12 29 12  -200  -213 10011   100   123     5 -9999 -9999
1988 12 29 18  -177  -197 10023   110    93     0 -9999     0
1988 12 30 06  -190  -203 10061   110    82     8 -9999 -9999
1988 12 30 12  -184  -197 10065   100    82     8 -9999    -1
1988 12 30 18  -184  -197 10076   110    82     6 -9999 -9999
1988 12 31 12 -9999 -9999 10125    90    21     5 -9999     5
1988 12 31 18  -144  -167 10147   110    87     0 -9999 -9999
