2002 01 16 00 -9999 -9999 10010    70    90     3 -9999 -9999
2002 01 26 12  -145  -171 10068   360    90     7 -9999     1
2002 03 10 12   -38   -64 10040    10    40     6 -9999     7
2002 04 21 00    59    52 10279   200   110     4 -9999 -9999
2002 04 23 00    66 -9999 10057   200   100     8 -9999 -9999
2002 05 04 00    56    45 -9999   210   120     6 -9999 -9999
2002 07 25 06   134    53 -9999   290    30     8 -9999 -9999
2002 08 25 18    67    53 10115   190    40     8 -9999 -9999
2002 09 24 06   -10   -59 -9999    20    40     6 -9999     0
2002 10 10 18    55    12 10253   190    50     7 -9999 -9999
2002 10 24 06 -9999 -9999 -9999   120   260     8 -9999 -9999
2002 10 25 18    54    -6  9839   140   130     1 -9999 -9999
