1994 01 01 06  -169  -211  9949 -9999    10     8 -9999 -9999
1994 01 01 09  -186  -233  9943     0     0     8 -9999 -9999
1994 01 01 12  -195  -235  9931    70    41     8 -9999    -1
1994 01 01 18  -189  -218  9937    80   123     5 -9999 -9999
1994 01 02 06  -146  -157  9914   310    15     8 -9999 -9999
1994 01 02 09   -97  -104  9882    50   195     9 -9999 -9999
1994 01 02 12   -98  -105  9902    50   164     9 -9999    -1
1994 01 02 18  -117  -147  9979    70    87     7 -9999 -9999
1994 01 03 06   -92  -121 10016    80    62     7 -9999 -9999
1994 01 03 09   -92  -108 10012    60   180     6 -9999 -9999
1994 01 03 12   -74  -108 10041    50    93     6 -9999    -1
1994 01 03 18   -91  -125 10071    60   118     7 -9999 -9999
1994 01 04 06   -86  -114 10091    50   103     7 -9999 -9999
1994 01 04 09   -89  -123 10109    40   103     7 -9999 -9999
1994 01 04 12   -88  -126 10102    70   154     7 -9999     0
1994 01 04 18   -84   -94 10104    70    77     8 -9999 -9999
1994 01 05 06   -94  -124 10153    80    93     6 -9999 -9999
1994 01 05 09   -96  -137 10157    50   118     5 -9999 -9999
1994 01 05 12   -85  -117 10157    40   113     7 -9999     0
1994 01 05 18   -82  -105 10163    40    82     7 -9999 -9999
1994 01 06 06   -91  -153 10182    50   118     7 -9999 -9999
1994 01 06 09   -99  -106 10178    70    98     8 -9999 -9999
1994 01 06 12   -95  -102 10181    30    77     8 -9999     1
1994 01 06 18   -86   -92 10184    90    98     7 -9999 -9999
1994 01 07 06  -108  -136 10176    90   103     2 -9999 -9999
1994 01 07 09  -106  -139 10175    40    82     5 -9999 -9999
1994 01 07 12  -108  -141 10173    60    82     6 -9999     0
1994 01 07 18  -105  -122 10158    90    93     8 -9999 -9999
1994 01 08 06   -86  -119 10136    60   108     7 -9999 -9999
1994 01 08 09   -93  -133 10112    70   283     7 -9999 -9999
1994 01 08 12  -105  -167 10114    60   118     7 -9999    -1
1994 01 08 18   -70   -79 10057    70   206     9 -9999 -9999
1994 01 09 06   -94  -114 10120    50   144     9 -9999 -9999
1994 01 09 09   -99  -120 10136    50   154     8 -9999 -9999
1994 01 09 12  -102  -145 10156    50   154     8 -9999    -1
1994 01 09 18  -120  -224 10192    90    93     8 -9999 -9999
1994 01 10 06  -151  -221 10216    70    57     1 -9999     0
1994 01 10 09  -159  -206 10226    60    62     7 -9999 -9999
1994 01 10 12  -164  -197 10029 -9999 -9999     7 -9999    -1
1994 01 11 06  -163  -182 10175     0     0     0 -9999     0
1994 01 11 09  -156  -175 10163    50    10     6 -9999     0
1994 01 11 12  -119  -144 10150     0     0     7 -9999    -1
1994 01 11 18  -112  -135 10129   290    10     8 -9999 -9999
1994 01 12 06  -146  -175 10145    80    15     4 -9999 -9999
1994 01 12 09  -168  -194 10150    60    10     7 -9999 -9999
1994 01 12 12  -160  -192 10158    90    15     7 -9999    -1
1994 01 12 18  -174  -194 10158    80    26     6 -9999 -9999
1994 01 13 09  -192  -213 10134    90    51     5 -9999 -9999
1994 01 13 12  -195  -216 10128    80    41     6 -9999     0
1994 01 13 18  -200  -213 10114   100    62     1 -9999     0
1994 01 14 06  -220  -255 10092     0     0     0 -9999     0
1994 01 14 09  -223  -247 10086    60     5     0 -9999 -9999
1994 01 14 12  -227  -251 10076    80     5     0 -9999     0
1994 01 14 18  -229  -265 10047    50     5     1 -9999     0
1994 01 15 06  -202  -233 10028    70    21     0 -9999     0
1994 01 15 09  -191  -228 10029    70    31     1 -9999 -9999
1994 01 15 12  -210  -233 10029    60    21     1 -9999     0
1994 01 15 18  -214  -228 10023    90    10     8 -9999     0
1994 01 16 06  -186  -199  9991     0     0     8 -9999 -9999
1994 01 16 09  -190  -203  9992     0     0     8 -9999 -9999
1994 01 16 18  -181  -201 10005     0     0     7 -9999 -9999
1994 01 17 06  -173  -200 10036    70    41     5 -9999     0
1994 01 17 09  -174  -194 10042    70    41     2 -9999 -9999
1994 01 17 12  -181  -201 10050    90    41     5 -9999     0
1994 01 17 18  -197  -219 10060    70    41     3 -9999     0
1994 01 18 06  -222  -226 10087   110    62     2 -9999     0
1994 01 18 09  -224  -228 10091   100    51     6 -9999 -9999
1994 01 18 12  -213  -227 10096   100    62     7 -9999     0
1994 01 18 18  -200  -213 10101   100    72     7 -9999 -9999
1994 01 19 06  -167  -186 10080   100    72     7 -9999 -9999
1994 01 19 09  -173  -200 10075   110    62     5 -9999 -9999
1994 01 19 18   -85  -108 10030    90    82     8 -9999     0
1994 01 20 06   -46   -66  9951    80    72     8 -9999 -9999
1994 01 20 09   -39   -68  9936    80    93     8 -9999 -9999
1994 01 20 12   -34   -66  9926    80    77     7 -9999     0
1994 01 20 18   -37   -37  9887    80   113     8 -9999 -9999
1994 01 21 06   -18   -39  9827    70   103     8 -9999 -9999
1994 01 21 09   -16   -24  9811    80   123     8 -9999 -9999
1994 01 21 12   -25   -31  9785    80   103     9 -9999     3
1994 01 22 06   -55   -62  9720    70   236     9 -9999 -9999
1994 01 22 09   -67   -79  9735    80   200     9 -9999 -9999
1994 01 22 12   -76   -93  9738    70   216     7 -9999     3
1994 01 22 18   -81  -108  9752    70   242     7 -9999 -9999
1994 01 23 06  -130  -151  9855    50   175     8 -9999 -9999
1994 01 23 09  -135  -169  9878    50   144     7 -9999 -9999
1994 01 23 12  -134  -140  9907    70   134     7 -9999    -1
1994 01 23 18  -154  -200  9939    80   123     3 -9999 -9999
1994 01 24 06  -183  -220  9981    90    93     2 -9999     0
1994 01 24 09  -192  -222  9992    90    98     2 -9999 -9999
1994 01 24 12  -197  -210 10003   100   103     2 -9999     0
1994 01 24 18  -205  -227 10012   100    98     1 -9999     0
1994 01 25 06  -204  -226 10023    70    31     1 -9999     0
1994 01 25 09  -206  -229 10022    80    51     5 -9999 -9999
1994 01 25 12  -203  -235 10022    70    62     2 -9999     0
1994 01 25 18  -202  -224 10021   100    62     6 -9999     0
1994 01 26 06  -206  -238 10025   100    62     3 -9999     0
1994 01 26 09  -205  -227 10029   100    82     2 -9999 -9999
1994 01 26 18  -189  -218 10040    90    51     1 -9999     0
1994 01 27 06  -182  -210 10051   100    82     1 -9999     0
1994 01 27 09  -189  -218 10063    90    77     1 -9999 -9999
1994 01 27 12  -186  -215 10070   100    93     2 -9999     0
1994 01 27 18  -189  -218 10090   100    82     3 -9999     0
1994 01 28 06  -195  -225 10140   100    82     0 -9999     0
1994 01 28 09  -197  -218 10159   100    82     1 -9999 -9999
1994 01 28 18  -185  -223 10194    90    82     1 -9999     0
1994 01 29 06  -196  -217 10211     0     0     7 -9999     0
1994 01 29 09  -194  -215 10212     0     0     6 -9999 -9999
1994 01 29 12  -190  -229 10209    90    15     3 -9999     0
1994 01 29 18  -196  -217 10192    80    15     2 -9999     0
1994 01 30 06  -146  -205 10131    80    82     1 -9999     0
1994 01 30 09  -159  -206 10119    70    93     2 -9999 -9999
1994 01 30 12  -157  -204 10103    80   108     1 -9999     0
1994 01 30 18  -140  -182 10074    80   118     1 -9999     0
1994 01 31 06  -100  -121 10015    80   103     8 -9999 -9999
1994 01 31 09   -88  -112 10007    70    93     8 -9999 -9999
1994 01 31 12   -71  -105  9993    80    82     8 -9999    -1
1994 01 31 18   -52   -81  9994    90    72     7 -9999 -9999
1994 02 01 06   -89  -109 10040    50     5     3 -9999 -9999
1994 02 01 09   -76  -102 10055     0     0     7 -9999 -9999
1994 02 01 12   -64   -76 10066   100     5     8 -9999    -1
1994 02 01 18   -20   -26 10083   260    10     8 -9999 -9999
1994 02 02 06   -86  -101 10109    80    21     0 -9999     0
1994 02 02 09   -71  -100 10124    90    62     3 -9999 -9999
1994 02 02 12   -78  -104 10136    80    41     6 -9999     0
1994 02 02 18   -65  -106 10135   100    51     8 -9999     0
1994 02 03 06  -109  -117 10157    90   118     8 -9999 -9999
1994 02 03 09  -130  -151 10187    90    82     6 -9999 -9999
1994 02 03 12  -152  -205 10216   100   113     1 -9999    -1
1994 02 03 18  -162  -210 10255    80    51     1 -9999 -9999
1994 02 04 06  -140  -168 10266     0     0     1 -9999     0
1994 02 04 09  -119  -138 10261     0     0     7 -9999 -9999
1994 02 04 12  -103  -115 10252     0     0     7 -9999    -1
1994 02 04 18   -74   -79 10209   220    31     8 -9999 -9999
1994 02 05 06   -19   -47 10193   360    21     7 -9999 -9999
1994 02 05 09   -46   -66 10197   360    21     2 -9999 -9999
1994 02 05 12   -35   -53 10204   310    41     7 -9999     0
1994 02 05 18   -18   -29 10161   280    98     8 -9999 -9999
1994 02 06 06   -91  -120 10136   290    41     1 -9999 -9999
1994 02 06 12  -124  -161 10178 -9999    15     1 -9999     0
1994 02 06 18  -169  -195 10206    60    21     0 -9999     0
1994 02 07 06  -144  -161 10236    50    10     5 -9999 -9999
1994 02 07 09  -153  -170 10240    80    26     7 -9999 -9999
1994 02 07 12  -128  -154 10244    70    21     8 -9999    -1
1994 02 07 18  -117  -141 10233   130    57     8 -9999 -9999
1994 02 08 06  -114  -118 10177   100    72     9 -9999 -9999
1994 02 08 09   -89   -96 10160   100    57     9 -9999 -9999
1994 02 08 12   -80   -86 10154   100    62     8 -9999    20
1994 02 08 18   -58   -62 10132    70    26     9 -9999 -9999
1994 02 09 06    -3   -15 10138   200    31     8 -9999 -9999
1994 02 09 09   -14   -31 10143   290    10     7 -9999 -9999
1994 02 09 12   -11   -27 10144    50    10     7 -9999    -1
1994 02 09 18    -6   -44 10040   360    15     8 -9999 -9999
1994 02 10 06    -2   -11 10127     0     0     8 -9999     0
1994 02 10 09    -2   -11 10127     0     0     8 -9999     0
1994 02 10 12     2    -7 10150     0     0     8 -9999    50
1994 02 10 18     0    -9 10171   250    31     8 -9999 -9999
1994 02 11 06   -17   -19 10196   130     5     7 -9999 -9999
1994 02 11 09   -15   -17 10195   130     5     7 -9999 -9999
1994 02 11 12   -10   -14 10208   300    21     7 -9999     1
1994 02 11 18    -2    -8 10217   300    21     8 -9999 -9999
1994 02 12 06   -18   -39 10242     0     0     7 -9999 -9999
1994 02 12 09    13   -16 10232   160    51     7 -9999 -9999
1994 02 12 12     7   -22 10213   170    41     7 -9999     0
1994 02 12 18    21     8 10143   180    77     8 -9999     0
1994 02 13 06    11     6  9939   270    87     8 -9999 -9999
1994 02 13 09    -2   -42  9980   260    46     2 -9999 -9999
1994 02 13 12   -22   -48 10005   260    36     7 -9999     1
1994 02 13 18    -2   -49  9972   250   108     7 -9999 -9999
1994 02 14 06   -87   -90  9957   300   159     9 -9999 -9999
1994 02 14 12  -115  -129 10023   320    72     7 -9999 -9999
1994 02 14 18   -97  -104 10041   300    98     8 -9999 -9999
1994 02 15 06  -103  -115 10029   310    67     6 -9999 -9999
1994 02 15 09   -99  -125 10032   310    87     6 -9999 -9999
1994 02 15 12  -105  -113 10045   300    98     7 -9999     1
1994 02 15 18  -116  -146 10070   290   118     2 -9999 -9999
1994 02 16 06  -124  -174 10097   330    26     2 -9999 -9999
1994 02 16 09  -122  -265 10097   320    46     6 -9999 -9999
1994 02 16 12   -80  -116 10100   360    36     7 -9999     0
1994 02 16 18  -204  -236 10108     0     0     1 -9999     0
1994 02 17 06  -154  -200 10133    60    15     7 -9999     0
1994 02 17 09  -151  -196 10151   310    36     6 -9999 -9999
1994 02 17 12  -175  -202 10170   100    41     6 -9999     0
1994 02 17 18  -176  -203 10170   100    51     5 -9999     0
1994 02 18 06  -176  -182  9958    90   185     9 -9999 -9999
1994 02 18 09  -163  -169  9996    60   154     9 -9999 -9999
1994 02 18 12  -148  -159 10043    40   149     8 -9999     5
1994 02 18 18  -169  -195 10179    90    98     8 -9999 -9999
1994 02 19 06  -194  -200 10251    20    10     1 -9999 -9999
1994 02 19 09  -196  -217 10255    40    21     1 -9999 -9999
1994 02 19 12  -176  -189 10251   100    41     7 -9999     0
1994 02 19 18  -161  -173 10225   100    21     7 -9999     0
1994 02 20 06   -69   -74 10149    30    10     8 -9999 -9999
1994 02 20 09   -54   -61 10117   360    10     9 -9999 -9999
1994 02 20 12  -102  -114 10129   110    87     7 -9999    60
1994 02 20 18  -154  -178 10178   100    82     8 -9999 -9999
1994 02 21 06  -182  -188 10180   100    87     8 -9999 -9999
1994 02 21 09  -179  -192 10150   100    87     8 -9999 -9999
1994 02 21 12  -174  -187 10124   100   134     8 -9999     1
1994 02 22 06  -221  -245 10114   100    57     7 -9999 -9999
1994 02 22 12  -237  -251 10154    90    98     5 -9999     0
1994 02 22 18  -245  -259 10175   100   108     7 -9999     0
1994 02 23 06  -258  -272 10173    90    41     1 -9999     0
1994 02 23 09  -253  -267 10170    90    51     1 -9999 -9999
1994 02 23 12  -229  -278 10172 -9999    21     7 -9999     0
1994 02 23 18  -198  -260 10170    30    72     7 -9999     0
1994 02 24 06  -241  -279 10156    80    36     5 -9999     0
1994 02 24 09  -128  -252 10154    70    21     7 -9999 -9999
1994 02 24 12  -208  -231 10147    50    10     7 -9999     0
1994 02 24 18  -206  -229 10139   100    72     6 -9999     0
1994 02 25 06  -216  -239 10150   100    67     6 -9999     0
1994 02 25 09  -212  -235 10162   100   103     6 -9999 -9999
1994 02 25 12  -200  -222 10174   100    98     6 -9999     0
1994 02 25 18  -172  -207 10198    90    82     5 -9999     0
1994 02 26 06  -166  -199 10217     0     0     7 -9999     0
1994 02 26 09  -143  -166 10222     0     0     7 -9999 -9999
1994 02 26 12  -157  -169 10220    80    21     7 -9999    -1
1994 02 26 18  -167  -173 10214   190    15     7 -9999 -9999
1994 02 27 06   -76   -85 10161   240    46     8 -9999 -9999
1994 02 27 09   -54   -64 10144   270    67     8 -9999 -9999
1994 02 27 12   -43   -59 10125   270    72     8 -9999     3
1994 02 27 18   -38   -53 10063   250    82     7 -9999 -9999
1994 02 28 06  -140  -189 10089   360    62     1 -9999 -9999
1994 02 28 09  -144  -194 10096   300    41     2 -9999 -9999
1994 02 28 18  -180  -245 10137   340    26     1 -9999     0
1994 03 01 06  -160  -185 10082   100    57     8 -9999 -9999
1994 03 01 09  -126  -141 10034    30    82     8 -9999 -9999
1994 03 01 12  -115  -129 10007    90    82     8 -9999     3
1994 03 01 18  -113  -136 10020   100    36     7 -9999 -9999
1994 03 02 06   -68   -80 10041   270    26     8 -9999 -9999
1994 03 02 09   -38   -56 10044   220    36     7 -9999 -9999
1994 03 02 12   -21   -33 10056   270    67     8 -9999     5
1994 03 02 18   -21   -27 10058   260    46     8 -9999 -9999
1994 03 03 06   -11   -15 10044   270    21     8 -9999 -9999
1994 03 03 09   -11   -24 10043   240     5     7 -9999 -9999
1994 03 03 12   -10   -29 10030   170    51     7 -9999     5
1994 03 03 18     1   -31 10000   170    36     8 -9999 -9999
1994 03 04 06   -12   -32  9966   140    15     7 -9999     0
1994 03 04 09   -15   -26  9963    80    36     8 -9999 -9999
1994 03 04 12    -5   -29  9961    80    26     7 -9999    20
1994 03 04 18   -17   -34  9979   110    51     8 -9999 -9999
1994 03 05 09    -9   -38  9928    90    93     7 -9999 -9999
1994 03 05 12    -1   -24  9901    80    93     8 -9999    -1
1994 03 05 18    -6   -10  9817    90   154     8 -9999 -9999
1994 03 06 06    10   -13  9777    70    31     8 -9999 -9999
1994 03 06 09    18   -16  9763    90    72     8 -9999 -9999
1994 03 06 12     9   -20  9741    90    82     8 -9999    -1
1994 03 06 18     6    -5  9713   180    62     8 -9999 -9999
1994 03 07 06   -11   -30  9711   180    67     8 -9999 -9999
1994 03 07 09   -18   -23  9722   200    72     7 -9999 -9999
1994 03 07 12   -14   -31  9742   220    67     8 -9999     1
1994 03 07 18    -9   -38  9785   270    57     8 -9999 -9999
1994 03 08 06  -102  -124  9961   250    15     2 -9999 -9999
1994 03 08 09  -134  -139  9872 -9999    15     2 -9999 -9999
1994 03 08 12  -129  -134  9881   280    21     3 -9999     0
1994 03 08 18   -77  -108  9887   100    87     7 -9999     0
1994 03 09 06   -98  -129  9921    80    82     7 -9999     0
1994 03 09 09  -110  -149  9931    80    87     7 -9999 -9999
1994 03 09 12  -119  -155  9935    70    93     7 -9999     0
1994 03 09 18  -133  -166  9935    90   108     7 -9999     0
1994 03 10 06  -139  -167  9910   100   123     7 -9999 -9999
1994 03 10 09  -154  -185  9915   100   113     7 -9999 -9999
1994 03 10 12  -148  -171  9911   100    98     2 -9999     0
1994 03 10 18  -148  -153  9914   100    72     7 -9999     0
1994 03 11 06  -153  -164  9945   100    46     7 -9999     0
1994 03 11 09  -165  -171  9959    70    31     4 -9999 -9999
1994 03 11 12  -174  -187  9967    80    36     2 -9999    -1
1994 03 11 18  -165  -198  9968    90    51     7 -9999 -9999
1994 03 12 06  -175  -202  9974   100    93     4 -9999     0
1994 03 12 09  -184  -190  9979   100    93     2 -9999 -9999
1994 03 12 12  -176  -196  9986    90    62     3 -9999     0
1994 03 12 18  -197  -210  9994    90    87     2 -9999     0
1994 03 13 06  -207  -239  9994   100   108     1 -9999 -9999
1994 03 13 09  -205  -237 10001    80   103     0 -9999 -9999
1994 03 13 12  -191  -230 10001   100   108     0 -9999     0
1994 03 13 18  -191  -240 10004   100   118     1 -9999     0
1994 03 14 06  -175  -228 10010   100   123     2 -9999     0
1994 03 14 09  -168  -210 10013    90   113     3 -9999 -9999
1994 03 14 12  -166  -199 10016    90   123     3 -9999     0
1994 03 14 18  -184  -197 10018    90   129     4 -9999     0
1994 03 15 06  -152  -176 10023    80   118     2 -9999     0
1994 03 15 09  -132  -165 10020    90   123     3 -9999 -9999
1994 03 15 12  -127  -159 10014   100   123     7 -9999     0
1994 03 15 18   -95  -120 10000   100   113     7 -9999     0
1994 03 16 06   -53   -74  9948    80    62     8 -9999 -9999
1994 03 16 09   -60   -91  9927   110    77     8 -9999 -9999
1994 03 16 12   -86  -110  9906    90    82     8 -9999    -1
1994 03 16 18   -64   -79  9878    50   144     8 -9999 -9999
1994 03 17 06   -51   -80  9983    60   108     7 -9999 -9999
1994 03 17 09   -52   -85  9888    60    98     7 -9999 -9999
1994 03 17 12   -62   -85  9897    90   108     7 -9999     0
1994 03 17 18   -55   -65  9908   110   108     8 -9999 -9999
1994 03 18 06   -35   -43  9939   110    93     8 -9999 -9999
1994 03 18 09   -30   -54  9951   100    62     7 -9999 -9999
1994 03 18 12   -40   -48  9965   100    67     7 -9999     5
1994 03 18 18   -42   -72  9975   100    93     6 -9999 -9999
1994 03 19 06   -50   -82  9995    70    77     7 -9999     0
1994 03 19 09   -55   -73 10000    90    82     7 -9999 -9999
1994 03 19 12   -41   -83 10007    70    72     7 -9999     0
1994 03 19 18   -45   -80 10025   100    62     8 -9999 -9999
1994 03 20 06   -28   -51 10058    50    82     7 -9999 -9999
1994 03 20 09   -20   -41 10070    80    57     6 -9999 -9999
1994 03 20 12   -17   -48 10073    50    67     5 -9999    -1
1994 03 20 18   -19   -43 10081    70    51     7 -9999 -9999
1994 03 21 06   -46   -73 10087    50    46     6 -9999 -9999
1994 03 21 12   -57   -87 10089   100    51     1 -9999     0
1994 03 21 18  -106  -123 10089    60    31     1 -9999     0
1994 03 22 06   -90   -97 10092   110    36     6 -9999     0
1994 03 22 09   -87   -90 10099    90    51     9 -9999 -9999
1994 03 23 09   -31   -73 10124    80    77     2 -9999 -9999
1994 03 23 12   -32   -56 10124    80    98     2 -9999    -1
1994 03 23 18   -41   -67 10115    80   129     3 -9999 -9999
1994 03 24 06   -45   -68 10094    80   129     8 -9999 -9999
1994 03 24 09   -49   -73 10092    80   144     7 -9999 -9999
1994 03 24 12   -50   -71 10091    80   108     8 -9999    -1
1994 03 25 06   -36   -50 10054    90   118     9 -9999 -9999
1994 03 25 09   -32   -46 10054    90   129     9 -9999 -9999
1994 03 25 12   -31   -41 10061    90   118     9 -9999     5
1994 03 25 18   -26   -42 10061    90    98     8 -9999 -9999
1994 03 26 06   -28   -48 10066   110    62     7 -9999 -9999
1994 03 26 09   -25   -54 10075   130    62     7 -9999 -9999
1994 03 26 12   -19   -50 10077   130    72     5 -9999     0
1994 03 26 18   -24   -53 10073   120    62     7 -9999     0
1994 03 27 06   -25   -62 10052   100    72     7 -9999     0
1994 03 27 09   -23   -66 10047   100    62     7 -9999 -9999
1994 03 27 12   -25   -54 10039   120    57     7 -9999    -1
1994 03 27 18   -36   -57 10006    90   108     8 -9999 -9999
1994 03 28 06   -50   -63  9954   270    67     8 -9999 -9999
1994 03 28 09   -61   -88  9954   280    46     6 -9999 -9999
1994 03 28 12   -65   -81  9962   270    46     5 -9999    -1
1994 03 28 18   -69  -102  9991   110    57     7 -9999 -9999
1994 03 29 06  -104  -121 10009   100    87     7 -9999 -9999
1994 03 29 09   -89  -128 10009    90    98     7 -9999 -9999
1994 03 29 12   -91  -125 10012   100   108     7 -9999     0
1994 03 29 18   -77  -112 10008    80    98     7 -9999     0
1994 03 30 06   -64   -87  9989    90   149     8 -9999     0
1994 03 30 09   -53   -63  9982    80   175     7 -9999 -9999
1994 03 30 12   -51   -61  9986    80   134     9 -9999     5
1994 03 30 18   -26   -39  9983    70   113     8 -9999 -9999
1994 03 31 06    -4   -16  9990    90   108     8 -9999 -9999
1994 03 31 09    -2   -23  9990    80    98     7 -9999 -9999
1994 03 31 12     0   -29  9991    60    82     7 -9999 -9999
1994 03 31 18    -2   -23  9995   100    46     7 -9999 -9999
1994 04 01 00 -9999 -9999 -9999    30   211     5 -9999 -9999
1994 04 01 06   -24   -53 10024    60    62     4 -9999     0
1994 04 01 09    -8   -30 10029    80   103     5 -9999 -9999
1994 04 01 12     0   -23 10033    80    98     3 -9999     0
1994 04 01 18    -1   -24 10028    80   134     7 -9999     0
1994 04 02 06   -16   -46 10023    90   154     6 -9999 -9999
1994 04 02 09   -18   -49 10025    80   175     7 -9999 -9999
1994 04 02 12   -14   -44 10024    70   175     7 -9999     0
1994 04 03 06    -7   -29  9942    70    98     7 -9999     0
1994 04 03 09   -16   -36  9933    50    62     7 -9999 -9999
1994 04 03 12    -5   -29  9920    90   123     7 -9999    20
1994 04 04 06     1    -4  9899   100    36     8 -9999 -9999
1994 04 04 09    18     2  9914   200    15     7 -9999 -9999
1994 04 04 12    15     1  9930   270    31     7 -9999    20
1994 04 04 18     5     0  9959   280    31     7 -9999 -9999
1994 04 05 06     9     4  9999     0     0     8 -9999 -9999
1994 04 05 09     8     3 10011   270    15     8 -9999 -9999
1994 04 05 12    17     4 10018     0     0     6 -9999    20
1994 04 05 18    -9   -18 10037     0     0     7 -9999 -9999
1994 04 06 06   -68  -105 10085   100   118     1 -9999     0
1994 04 06 09   -72  -115 10092   100   103     1 -9999 -9999
1994 04 06 12   -75  -124 10098   100    98     1 -9999     0
1994 04 06 18   -89  -128 10102   100   108     1 -9999     0
1994 04 07 06  -115  -144 10126   100    72     1 -9999     0
1994 04 07 09  -116  -151 10135   100    87     1 -9999 -9999
1994 04 07 12  -115  -144 10141   100    67     2 -9999     0
1994 04 07 18  -132  -153 10147    90    51     2 -9999     0
1994 04 08 06  -129  -161 10151   100   113     1 -9999     0
1994 04 08 09  -122  -153 10160   100    98     1 -9999 -9999
1994 04 08 12  -116  -157 10161   100   108     6 -9999     0
1994 04 08 18  -128  -166 10177   100   118     2 -9999     0
1994 04 09 06  -134  -167 10188   100   134     8 -9999     0
1994 04 09 09  -111  -145 10193    90    82     8 -9999 -9999
1994 04 09 12   -85  -127 10192    70    93     8 -9999    -1
1994 04 09 18   -82  -119 10194    90   103     7 -9999 -9999
1994 04 10 06   -71   -96 10174    70   103     8 -9999 -9999
1994 04 10 09   -61   -84 10164    80   108     8 -9999 -9999
1994 04 10 12   -52   -77 10156    70   123     8 -9999    -1
1994 04 11 06   -24   -50 10118    70    98     7 -9999 -9999
1994 04 11 18    -4   -41 10131    80    62     7 -9999 -9999
1994 04 12 06   -22   -37 10137   100    46     6 -9999 -9999
1994 04 12 09   -16   -36 10141   100    31     7 -9999 -9999
1994 04 12 12   -15   -39 10144    90    31     6 -9999     0
1994 04 12 18   -18   -42 10138    80    41     7 -9999     0
1994 04 13 06   -21   -60 10124    80    93     6 -9999     0
1994 04 13 09   -16 -9999 10127   100    82     5 -9999 -9999
1994 04 13 12   -18   -46 10133   100    77     6 -9999     0
1994 04 13 18   -23   -55 10153    80    21     2 -9999     0
1994 04 14 06   -78   -92 10204   110    10     6 -9999     0
1994 04 14 09   -46   -62 10213   120     5     7 -9999 -9999
1994 04 14 12   -36   -54 10215   140    31     7 -9999     0
1994 04 14 18   -31   -58 10196   210     5     7 -9999     0
1994 04 15 06     4    -4 10093   190    87     8 -9999 -9999
1994 04 15 09     8    -3 10072   190    82     8 -9999 -9999
1994 04 15 12     9     4 10056   200    31     8 -9999    10
1994 04 15 18     3    -5 10034   240    10     7 -9999 -9999
1994 04 16 06    10   -13 10006   130    15     7 -9999 -9999
1994 04 16 09    12   -11 10010 -9999    10     7 -9999 -9999
1994 04 16 12    12    -8 10015     0     0     7 -9999     0
1994 04 17 06   -20   -33 10060    70    10     7 -9999 -9999
1994 04 17 09    -4   -13 10072     0     0     7 -9999 -9999
1994 04 17 12    -7   -16 10082    70    15     7 -9999     0
1994 04 17 18   -17   -44 10091 -9999    15     7 -9999     0
1994 04 18 06   -57   -87 10115   180     5     1 -9999     0
1994 04 18 09   -39   -88 10122     0     0     2 -9999 -9999
1994 04 18 12   -37   -77 10126     0     0     1 -9999     0
1994 04 18 18   -34   -66 10131   170    15     7 -9999     0
1994 04 19 06   -28   -51 10166    80    93     7 -9999 -9999
1994 04 19 09   -32   -60 10180    80    82     7 -9999 -9999
1994 04 20 06   -87  -120 10194   100    87     3 -9999 -9999
1994 04 20 09   -85  -122 10187   100    51     2 -9999 -9999
1994 04 20 12   -78  -123 10177   100    67     1 -9999     0
1994 04 20 18   -96  -137 10166    90    62     1 -9999     0
1994 04 21 06  -118  -160 10156   100    57     1 -9999     0
1994 04 21 09  -105  -154 10154   100    46     2 -9999 -9999
1994 04 21 12   -98  -151 10156   100    51     6 -9999     0
1994 04 21 18   -93  -144 10155    90    26     7 -9999     0
1994 04 22 06   -95  -141 10146   110    87     8 -9999     0
1994 04 22 09   -92  -148 10146   100    82     6 -9999 -9999
1994 04 22 12   -71  -129 10146   110    46     4 -9999     0
1994 04 22 18   -54  -109 10141   100    51     1 -9999     0
1994 04 23 06   -79  -125 10123    80    21     1 -9999     0
1994 04 23 09   -59  -107 10124   140    51     1 -9999 -9999
1994 04 23 12   -62  -106 10121   110    46     2 -9999     0
1994 04 23 18   -70  -117 10120    80    36     1 -9999     0
1994 04 24 06   -94  -139 10149   100    62     6 -9999     0
1994 04 24 09   -85  -133 10161   100    46     7 -9999 -9999
1994 04 24 12   -77  -112 10170   110    31     7 -9999     0
1994 04 25 06   -90  -114 10194    70    57     6 -9999     0
1994 04 25 09   -72  -106 10195    90    62     7 -9999 -9999
1994 04 25 12   -70  -108 10196   100    72     6 -9999     0
1994 04 25 18   -77  -103 10188   100    98     6 -9999     0
1994 04 26 06   -54  -100 10171    80    62     7 -9999     0
1994 04 26 09   -58   -88 10170   100    93     7 -9999 -9999
1994 04 26 12   -27   -60 10171    90    72     5 -9999     0
1994 04 26 18   -24   -60 10162    80    57     2 -9999     0
1994 04 27 06 -9999 -9999 10097    80   123     8 -9999 -9999
1994 04 27 09   -30   -50 10082    80   118     8 -9999 -9999
1994 04 27 12   -35   -39 10069    80   123     9 -9999     1
1994 04 27 18   -30   -37 10033    80   103     8 -9999 -9999
1994 04 28 06   -29   -56  9976    90   118     8 -9999 -9999
1994 04 28 09   -34   -42  9971    80   118     9 -9999 -9999
1994 04 28 12   -28   -38  9961    80   113     7 -9999     3
1994 04 28 18   -31   -48  9940    90   108     8 -9999 -9999
1994 04 29 06   -40   -62  9943   100   103     7 -9999 -9999
1994 04 29 09   -56   -86  9966    90   108     7 -9999 -9999
1994 04 29 12   -69   -93  9993   100   134     6 -9999     0
1994 04 29 18  -103  -125 10034    90   123     7 -9999 -9999
1994 04 30 06  -140  -175 10086   100   123     8 -9999 -9999
1994 04 30 09  -134  -174 10097    80   118     8 -9999 -9999
1994 04 30 12  -120  -173 10104    90   118     8 -9999     0
1994 04 30 18  -118  -166 10107   100    62     8 -9999     0
1994 05 01 06  -112  -146 10132   130    21     3 -9999     0
1994 05 01 09   -95  -116 10144   120    31     3 -9999 -9999
1994 05 01 18   -56   -74 10164     0     0     6 -9999 -9999
1994 05 02 06   -80  -126 10173   290    41     8 -9999     0
1994 05 02 09   -74  -145 10172   300    21     1 -9999 -9999
1994 05 02 12   -52  -150 10174   310    26     1 -9999     0
1994 05 03 06  -110  -161 10125   100    36     4 -9999     0
1994 05 03 09   -88  -148 10112    90    41     1 -9999 -9999
1994 05 03 12   -75  -124 10102   100    46     1 -9999     0
1994 05 03 18   -61  -105 10104     0     0     1 -9999     0
1994 05 04 06   -63   -90 10141     0     0     3 -9999 -9999
1994 05 04 09   -50   -99 10150   300    41     3 -9999 -9999
1994 05 04 12   -49  -102 10160   300    41     2 -9999    -1
1994 05 04 18   -61  -110 10171   290    15     1 -9999 -9999
1994 05 05 06   -79  -152 10101   280    31     1 -9999 -9999
1994 05 05 09   -79  -130 10213   130    46     1 -9999 -9999
1994 05 05 12   -93  -138 10234   100    51     1 -9999     0
1994 05 05 18   -80  -107 10244   310    31     6 -9999 -9999
1994 05 06 06   -70   -95 10203    50    26     7 -9999 -9999
1994 05 06 09   -39   -72 -9999   300    31     8 -9999 -9999
1994 05 06 12   -16   -36 10170   290    31     8 -9999     3
1994 05 06 18     3    -5 10143   280    26     8 -9999 -9999
1994 05 07 06     0    -6 10093   100    41     7 -9999 -9999
1994 05 07 09   -40   -70 10100    80   154     7 -9999 -9999
1994 05 07 12   -66   -90 10119    90   159     8 -9999     0
1994 05 07 18   -98  -124 10145    80   185     9 -9999     0
1994 05 08 06  -102  -119 10189    90   159     8 -9999 -9999
1994 05 08 09   -87  -115 10198    80   139     8 -9999 -9999
1994 05 08 12   -79  -110 -9999    90   129     8 -9999    -1
1994 05 08 18   -66   -90 10224    90   118     8 -9999 -9999
1994 05 09 06   -18  -142 -9999   110    87     6 -9999 -9999
1994 05 09 09    -4   -28 10250   110    62     3 -9999 -9999
1994 05 09 12     1   -25 10257   100    82     6 -9999     0
1994 05 09 18    15   -17 10256   100    62     7 -9999     0
1994 05 10 06    -4   -28 10261    90   113     5 -9999     0
1994 05 10 09    -5   -46 10262    90    93     6 -9999 -9999
1994 05 10 12    -8   -57 10269    90    82     5 -9999     0
1994 05 11 06   -27   -57 10321     0     0     7 -9999     0
1994 05 11 09    -9   -44 10328     0     0     7 -9999 -9999
1994 05 11 12    18   -36 10332     0     0     6 -9999     0
1994 05 11 18     6   -11 10335   340    46     6 -9999     0
1994 05 12 06    -1   -13 10316   280    21     8 -9999 -9999
1994 05 12 09     5    -6 10305   280    31     8 -9999 -9999
1994 05 12 12     2   -15 10298   250    57     7 -9999    20
1994 05 12 18   -11   -61 10286   310    41     5 -9999 -9999
1994 05 13 06   -18   -64 10256    10    26     7 -9999     0
1994 05 13 09    -9   -55 10253     0     0     7 -9999 -9999
1994 05 13 12     1   -52 10253   210    15     7 -9999     0
1994 05 13 18    -9   -38 10249     0     0     8 -9999 -9999
1994 05 14 06   -40   -73 10259   100    82     4 -9999 -9999
1994 05 14 09   -44   -79 10267   100    72     2 -9999 -9999
1994 05 14 18   -63   -90 10281   100    72     8 -9999 -9999
1994 05 15 06   -75  -105 10290   100    41     1 -9999 -9999
1994 05 15 09   -66   -94 10291   110    36     1 -9999 -9999
1994 05 15 12   -48  -106 10286    90    31     1 -9999     0
1994 05 15 18   -45  -101 10276   100    46     1 -9999     0
1994 05 16 06   -52   -98 10258    80    36     1 -9999     0
1994 05 16 09   -44   -87 10258   100    67     1 -9999 -9999
1994 05 16 12   -44   -83 10259   100    62     1 -9999     0
1994 05 16 18   -36   -84 10260    90    36     2 -9999     0
1994 05 17 06   -53   -86 10256    50    10     1 -9999     0
1994 05 17 09   -14   -74 10257     0     0     1 -9999 -9999
1994 05 17 12    -9   -55 10252   150    10     1 -9999     0
1994 05 17 18   -18   -46 10231    40    10     1 -9999     0
1994 05 18 06   -24   -50 10194   290    31     7 -9999 -9999
1994 05 18 09   -15   -35 10195   270    31     7 -9999 -9999
1994 05 18 12   -11   -27 10195   240    21     7 -9999    -1
1994 05 18 18    -8   -21 10190   240    46     7 -9999 -9999
1994 05 19 06   -17   -28 10181   290    21     7 -9999 -9999
1994 05 19 12    11     0 10178     0     0     7 -9999     0
1994 05 20 09   -42   -72 10207    90    77     7 -9999 -9999
1994 05 20 12   -47   -79 10215   100    93     7 -9999    -1
1994 05 20 18   -53   -86 10223   100    93     7 -9999 -9999
1994 05 21 06   -48   -76 10215    90    98     7 -9999 -9999
1994 05 21 09   -46   -73 10216    90    98     6 -9999 -9999
1994 05 21 12   -50   -82 10212    90   113     7 -9999     0
1994 05 21 18   -43   -70 10197    90   103     7 -9999 -9999
1994 05 22 06   -22   -61 10173    90    87     7 -9999 -9999
1994 05 22 09   -12   -45 10169   100    93     7 -9999 -9999
1994 05 22 12     3   -39 10159    90    67     7 -9999     0
1994 05 22 18    -2   -23 10146    90    77     8 -9999 -9999
1994 05 23 06     8   -15 10130    90    51     8 -9999 -9999
1994 05 23 09     4   -12 10132   100    46     8 -9999 -9999
1994 05 23 12    12   -14 10135    90    21     7 -9999     3
1994 05 23 18    10   -13 10135    90    41     7 -9999 -9999
1994 05 24 06     7   -19 10136   100    57     7 -9999 -9999
1994 05 24 09    14   -18 10143    90    62     7 -9999 -9999
1994 05 24 12     8   -15 10159    90    51     7 -9999    -1
1994 05 24 18     7   -33 10172    90    51     6 -9999 -9999
1994 05 25 06    -4   -41 10185     0     0     6 -9999     0
1994 05 25 09     9   -37 10190   130    15     7 -9999 -9999
1994 05 25 12     8   -28 10190   110    36     7 -9999     0
1994 05 25 18    -3   -27 10189   130    15     6 -9999 -9999
1994 05 26 06   -32   -42 10186   140    26     7 -9999 -9999
1994 05 26 09   -28   -44 10184   140    26     8 -9999 -9999
1994 05 26 12   -26   -45 10183   240    26     7 -9999    -1
1994 05 26 18   -26   -45 10176   260    21     7 -9999 -9999
1994 05 27 06   -10   -36 10149   270    31     7 -9999 -9999
1994 05 27 09     3   -29 10145   270     5     7 -9999 -9999
1994 05 27 12     3   -26 10143   290    31     7 -9999     0
1994 05 27 18    -1   -34 10133   270    10     7 -9999 -9999
1994 05 28 06   -16   -33 10100   110    21     7 -9999 -9999
1994 05 28 09    15   -29 10096     0     0     7 -9999 -9999
1994 05 28 12     9   -48 10090   280    15     7 -9999    -1
1994 05 28 18     2   -27 10073   110    10     7 -9999 -9999
1994 05 29 09     0   -33 10031     0     0     7 -9999 -9999
1994 05 29 12    10   -29 10026   280     5     6 -9999     0
1994 05 29 18    -7   -38  9991   100    15     5 -9999     0
1994 05 30 06   -26   -63  9910    50   118     7 -9999 -9999
1994 05 30 09   -24   -80  9915    50   103     7 -9999 -9999
1994 05 30 18   -10   -84  9924    20    77     3 -9999     0
1994 05 31 06   -24   -64  9923   100    41     1 -9999     0
1994 05 31 09   -28   -62  9923   100    41     1 -9999 -9999
1994 05 31 12   -24   -64  9934   110    31     1 -9999     0
1994 05 31 18   -23   -48  9944   190    51     7 -9999     0
1994 06 01 12   -13   -43  9991   260    57     7 -9999    -1
1994 06 01 18   -13   -50  9988   290    41     7 -9999 -9999
1994 06 02 06   -22   -47  9997    70    15     7 -9999 -9999
1994 06 02 09   -14   -41 10009   120    15     7 -9999 -9999
1994 06 02 12   -11   -54 10019   100    46     4 -9999    -1
1994 06 02 18    -2   -42 10026   180    21     2 -9999 -9999
1994 06 03 06     7   -47 10029   300    15     7 -9999     0
1994 06 03 09     2   -51 10034   280    26     7 -9999 -9999
1994 06 03 12    -7   -49 10042   270    26     7 -9999     0
1994 06 03 18    -2   -43 10054    80     5     7 -9999     0
1994 06 04 06    -3   -52 10082    90    21     1 -9999     0
1994 06 04 09     2   -53 10093   130    10     1 -9999 -9999
1994 06 04 12    16   -46 10102   130    10     2 -9999     0
1994 06 05 06     8   -49 10121   300    41     7 -9999     0
1994 06 05 09    18   -55 10126   300    31     7 -9999 -9999
1994 06 05 12     5   -35 10130   240    36     7 -9999     0
1994 06 05 18     3   -11 10133   240    26     7 -9999     0
1994 06 06 06     8   -15 10144     0     0     8 -9999 -9999
1994 06 06 09    15   -10 10148     0     0     8 -9999 -9999
1994 06 06 12    19    -6 10153     0     0     8 -9999     0
1994 06 06 18     6    -8 10156   110    21     7 -9999     0
1994 06 07 12    11    -9 10150   190     5     8 -9999     0
1994 06 07 18     9   -17 10147   190     5     8 -9999     0
1994 06 08 09    11   -38 10145   250    21     8 -9999 -9999
1994 06 08 12    12   -37 10147   260    36     8 -9999     0
1994 06 08 18     5   -42 10143   270    46     8 -9999     0
1994 06 09 06    11   -34 10126   290    41     7 -9999     0
1994 06 09 09    21   -26 10126   280    41     7 -9999 -9999
1994 06 09 12    27   -32 10135   270    46     5 -9999     0
1994 06 09 18    22   -38 10142   280    51     2 -9999     0
1994 06 10 06    10   -10 10152   230    31     7 -9999     0
1994 06 10 09    15    -1 10156   240    21     7 -9999 -9999
1994 06 10 18    13    -7 10155   260    21     7 -9999 -9999
1994 06 11 06    13    -1 10129   230    21     7 -9999     0
1994 06 11 09    31    -7 10126    40    41     7 -9999 -9999
1994 06 11 12    26   -16 10119    80    51     8 -9999     0
1994 06 11 18    27     3 10084    90    82     7 -9999 -9999
1994 06 12 06    37     4 10040    80    62     8 -9999 -9999
1994 06 12 09    30    -2 10041    60    93     8 -9999 -9999
1994 06 12 12    26    -4 10042    70    82     8 -9999    -1
1994 06 12 18    26   -13 10024   110   103     7 -9999 -9999
1994 06 13 06    32     3  9995    60    46     7 -9999 -9999
1994 06 13 09    36     4  9978    50    77     7 -9999 -9999
1994 06 13 12    32     0  9957    80    72     8 -9999    -1
1994 06 13 18    16    -6  9923    90    62     8 -9999 -9999
1994 06 14 06    16    -3  9973   110    67     7 -9999 -9999
1994 06 14 09    10     5  9973   100    36     8 -9999 -9999
1994 06 14 12    24    13  9977   120    10     8 -9999     3
1994 06 14 18    14     3  9982   230    10     7 -9999 -9999
1994 06 15 06    18     4  9839     0     0     7 -9999 -9999
1994 06 15 09    17     4  9849   240    31     7 -9999 -9999
1994 06 15 12    12     4  9879   240    15     7 -9999    -1
1994 06 15 18    28    15  9927   180    10     7 -9999 -9999
1994 06 16 06    33    10  9980   100    41     7 -9999 -9999
1994 06 16 09    48    -2  9984    80    41     7 -9999 -9999
1994 06 16 12    37     0  9984   100    51     7 -9999    -1
1994 06 16 18    16     8  9971   110    21     8 -9999 -9999
1994 06 17 06    34    30 10033    60    10     7 -9999 -9999
1994 06 17 09    42    11 10051    90    57     7 -9999 -9999
1994 06 17 12    41     7 10069   100    62     7 -9999     0
1994 06 17 18    38    -2 10091    90    67     7 -9999     0
1994 06 18 06    20     4 10109   100    77     7 -9999     0
1994 06 18 09    23    -4 10112    90    62     7 -9999 -9999
1994 06 18 12    19    -6 10107   100    67     7 -9999     0
1994 06 18 18    21   -10 10093    60    46     8 -9999 -9999
1994 06 19 06    24   -25 10055    70    98     7 -9999 -9999
1994 06 19 09    32   -12 10046    60   118     6 -9999 -9999
1994 06 19 12    34   -26 10053   120    67     4 -9999     0
1994 06 20 06    13   -25 10010    80   123     7 -9999 -9999
1994 06 20 09    15   -23  9996    20   134     7 -9999 -9999
1994 06 20 18    26    -4  9991    60    72     8 -9999 -9999
1994 06 21 06    26     8 10000   110    67     8 -9999 -9999
1994 06 21 09    26    10 10019   100    57     7 -9999 -9999
1994 06 21 12    30     9 10033   100    51     7 -9999     5
1994 06 21 18    35    12 10047    90    41     7 -9999 -9999
1994 06 22 06    27    11 10074   100    62     7 -9999 -9999
1994 06 22 09    35     9 10080   100    51     5 -9999 -9999
1994 06 22 12    55    15 10084    90    62     6 -9999     0
1994 06 22 18    52     9 10087    80    72     5 -9999     0
1994 06 23 06    40    -3 10086    90    26     3 -9999     0
1994 06 23 09    46     4 10090    90   108     4 -9999 -9999
1994 06 23 12    31     2 10103   100    82     7 -9999     0
1994 06 23 18    36    -7 10114   100    77     7 -9999     0
1994 06 24 06    36     7 10120   110    21     4 -9999     0
1994 06 24 09    27     3 10118   110    51     4 -9999 -9999
1994 06 24 12    25     6 10112   110    41     6 -9999     0
1994 06 24 18    31    16 10086   250    21     6 -9999     0
1994 06 25 09    47     8 10008   100    41     8 -9999 -9999
1994 06 25 12    40    23 10001    80    26     8 -9999    20
1994 06 25 18    21     5 10001    70    51     8 -9999 -9999
1994 06 26 06    18     2 10000   100    72     8 -9999 -9999
1994 06 26 09    19     8  9999   100    67     8 -9999 -9999
1994 06 26 12    22    14  9995   270    31     8 -9999    -1
1994 06 26 18    20    15  9972     0     0     8 -9999 -9999
1994 06 27 06    12    10  9871    60    31     8 -9999 -9999
1994 06 27 09    13     5  9871    90    77     8 -9999 -9999
1994 06 27 12    22     0  9876    90    72     8 -9999    20
1994 06 27 18    23     1  9885   100    82     8 -9999 -9999
1994 06 28 06    26    10  9881   100    51     8 -9999 -9999
1994 06 28 09    29    13  9877    80    72     8 -9999 -9999
1994 06 28 12    32    17  9879   150    51     8 -9999    30
1994 06 28 18    19    14  9879   100    21     8 -9999 -9999
1994 06 29 06    21    18  9944   240    41     8 -9999 -9999
1994 06 29 09    22    19  9977   240    46     8 -9999 -9999
1994 06 29 12    25    22  9990   260    31     8 -9999    70
1994 06 29 18    23    23 10010   270    21     8 -9999 -9999
1994 06 30 12    37    17 10048   270    21     8 -9999    10
1994 06 30 18    43    23 10046    80    31     6 -9999     0
1994 07 01 09    32    14  9976   100    62     8 -9999 -9999
1994 07 01 12    32    17  9970    90    87     8 -9999    40
1994 07 01 18     8     8  9980   240    41     9 -9999 -9999
1994 07 02 06    39    34  9983     0     0     8 -9999 -9999
1994 07 02 09    29    24  9981 -9999     5     8 -9999     0
1994 07 02 12    28    20  9985 -9999     5     7 -9999     1
1994 07 03 06    43     7 10093   290    62     6 -9999     0
1994 07 03 09    61    19 10135   300    51     7 -9999     0
1994 07 03 12    61    11 10170   280    51     6 -9999     0
1994 07 03 18    34    24 10195   250    51     7 -9999     0
1994 07 04 06    27    24 10198   210    31     8 -9999 -9999
1994 07 04 09    32    32 10182   210    31     8 -9999 -9999
1994 07 04 12    36    34 10173   210    31     8 -9999     1
1994 07 04 18    41    41 10137   270    10     8 -9999 -9999
1994 07 05 06    12     7 10069   250    62     8 -9999 -9999
1994 07 05 09    35    14 10071   260    82     8 -9999 -9999
1994 07 05 12     3 -9999 10081   280    93     8 -9999    10
1994 07 05 18    41    21 10078   300    72     8 -9999 -9999
1994 07 06 06    34     8 10119   280    51     7 -9999 -9999
1994 07 06 09    18     2 10123   270    51     7 -9999 -9999
1994 07 06 18    17     9 10117   240    62     8 -9999     0
1994 07 07 06    18     7 10061   250    51     7 -9999     0
1994 07 07 12    15     7 10053   260    62     7 -9999    -1
1994 07 07 18    31     5 10034   300    62     6 -9999 -9999
1994 07 08 06    27   -12 10014   300    62     6 -9999 -9999
1994 07 08 09    16    11 10002   260    62     8 -9999 -9999
1994 07 08 12     7     4  9998   250    57     8 -9999     1
1994 07 08 18     9     9  9997     0     0     8 -9999 -9999
1994 07 09 06    10    -7 10005   110    31     7 -9999 -9999
1994 07 09 09    21    -7 10016   120    41     7 -9999 -9999
1994 07 09 12    27   -12 10028    90    10     7 -9999    -1
1994 07 09 18    26     2 10033   300    41     7 -9999 -9999
1994 07 10 06    19     0 10015   260    51     7 -9999     0
1994 07 10 12    27     0 10047   270    62     7 -9999    -1
1994 07 10 18    33     4 10061   290    72     7 -9999 -9999
1994 07 11 06    17     6 10094   260    15     6 -9999 -9999
1994 07 11 09    25     9 10097   240    31     6 -9999 -9999
1994 07 11 12    21    13 10099 -9999    10     8 -9999     1
1994 07 11 18    34    27 10110   250    21     8 -9999 -9999
1994 07 12 18    15    15 10117    90    41     8 -9999 -9999
1994 07 13 06    37    32 10122   120    21     8 -9999 -9999
1994 07 13 09    30    27 10116    90    21     8 -9999 -9999
1994 07 13 12    44    34 10110    90    31     8 -9999    20
1994 07 13 18    27    22 10086    90    41     8 -9999 -9999
1994 07 14 06    44    44 10088   260    31     9 -9999 -9999
1994 07 14 09    32    32 10099   240    31     9 -9999 -9999
1994 07 15 06    55    55 10108 -9999     5     8 -9999 -9999
1994 07 15 12    53    51 10092     0     0     8 -9999   100
1994 07 17 06    28    25 10037   220    10     8 -9999 -9999
1994 07 17 09    48    43 10049   170     5     8 -9999 -9999
1994 07 17 12    48    38 10044   210    26     7 -9999     1
1994 07 17 18    36    31 10031    60     5     7 -9999 -9999
1994 07 18 06    41    34 10073   300    31     6 -9999 -9999
1994 07 18 09    40    38 10097   270    21     7 -9999 -9999
1994 07 18 12    32    27 10102   220    15     8 -9999     0
1994 07 18 18    35    33 10115   220    10     8 -9999 -9999
1994 07 19 06    51    49 10080   230     5     8 -9999 -9999
1994 07 19 12    42    40 10059   210    57     8 -9999   230
1994 07 19 18    34    32 10050   290    26     8 -9999 -9999
1994 07 20 06    46   -21 10122   140    15     1 -9999 -9999
1994 07 20 09    57    25 10142   120    10     1 -9999 -9999
1994 07 20 12    43    20 10150   100    21     1 -9999     0
1994 07 20 18    55    31 10177     0     0     1 -9999     0
1994 07 21 06    31    26 10182   230    21     8 -9999 -9999
1994 07 21 09    38 -9999 10169   230    21     8 -9999 -9999
1994 07 21 12 -9999    68 10188   350     5     1 -9999     0
1994 07 21 18    53    53 10157   230    10     9 -9999 -9999
1994 07 22 06    56    56 10132   200    10     9 -9999 -9999
1994 07 22 09    60    60 10135   250    26     8 -9999 -9999
1994 07 22 12    53    52 10135   230    51     8 -9999    20
1994 07 23 06    57    55 10134   240    10     8 -9999 -9999
1994 07 23 09    65    62 10127    90    21     8 -9999 -9999
1994 07 23 12    46    39 10131    90    26     8 -9999     0
1994 07 23 18    45    35 10107   100    26     8 -9999     0
1994 07 24 09    46    39 10063    80    62     8 -9999 -9999
1994 07 24 12    38    28 10075    90    21     8 -9999    20
1994 07 24 18    42    32 10080    90    15     8 -9999 -9999
1994 07 25 06    36    34 10086     0     0     8 -9999     0
1994 07 25 09    44    39 10093   100    10     8 -9999 -9999
1994 07 25 12    61    57 10097    90    10     8 -9999     1
1994 07 25 18    51    49 10097 -9999    10     8 -9999 -9999
1994 07 26 06    31    31 10096   260    10     9 -9999 -9999
1994 07 26 09    40    36 10101   230    26     6 -9999 -9999
1994 07 26 12    41    34 10109   240    21     5 -9999    -1
1994 07 26 18    36    21 10120 -9999    10     7 -9999 -9999
1994 07 27 06    11     6 10120   100    26     7 -9999     0
1994 07 27 09    33    28 10092    90    10     8 -9999 -9999
1994 07 27 12    50    20 10068    90   103     8 -9999    -1
1994 07 27 18    41    34 10029    80    51     8 -9999 -9999
1994 07 28 06    50    50 10062   270    10     3 -9999 -9999
1994 07 28 09    59    59 10060   270    36     9 -9999 -9999
1994 07 28 12    60    60 10069     0     0     8 -9999     5
1994 07 28 18    66    66 10075     0     0     8 -9999 -9999
1994 07 29 06    68    68 10065   180    10     8 -9999 -9999
1994 07 29 09    37    37 10069 -9999    10     8 -9999 -9999
1994 07 29 12    43    43 10069 -9999    10     8 -9999 -9999
1994 07 29 18    65    65 10072     0     0     9 -9999 -9999
1994 07 30 06    48    48 10077     0     0     9 -9999 -9999
1994 07 30 09    58    58 10091     0     0     8 -9999 -9999
1994 07 30 12    42    42 10110   240    15     9 -9999    10
1994 07 30 18    46    44 10143     0     0     9 -9999 -9999
1994 07 31 06    35    35 10198     0     0     7 -9999 -9999
1994 07 31 09    54    54 -9999   240    31     6 -9999     0
1994 07 31 12    46    46 10215   240    41     9 -9999     0
1994 07 31 18    46    44 10221     0     0     7 -9999     0
1994 07 31 21   210   170 10108   290   324     3 -9999 -9999
1994 08 01 03 -9999 -9999 10130    90 -9999     5 -9999     0
1994 08 01 06    76    65 10177   210    10     8 -9999 -9999
1994 08 01 09    76    72 10166   280     5     8 -9999 -9999
1994 08 01 12    77    72 10158   270     5     8 -9999    40
1994 08 02 06    48    48 10085   250    36     8 -9999 -9999
1994 08 02 09    36    36 10088   240    51     9 -9999 -9999
1994 08 02 12    37    37 10095   220    51     9 -9999     5
1994 08 02 18    41    41 10098     0     0     9 -9999 -9999
1994 08 03 06    33    33 10095   250    51     7 -9999 -9999
1994 08 03 18    44    29 10114   110    21     7 -9999     0
1994 08 04 06    44    13 10139   300    41     5 -9999     0
1994 08 04 09    46    16 10141    60    21     5 -9999     0
1994 08 04 12    42    36 10145   250    72     6 -9999     0
1994 08 04 18    36    36 10132   230    26     8 -9999    -1
1994 08 05 09    65    65 10027   300    36     8 -9999 -9999
1994 08 05 12    55    55 10006   250    10     8 -9999    50
1994 08 05 18    55    55  9956     0     0     8 -9999 -9999
1994 08 06 06    33    10  9911   310    46     7 -9999 -9999
1994 08 06 09    45     9  9923   290    46     6 -9999 -9999
1994 08 06 12    58    18  9944   290    51     6 -9999     0
1994 08 06 18    41    -2 10003   290    51     3 -9999     0
1994 08 07 03   232   140 -9999   170    21     0 -9999 -9999
1994 08 07 06    30    25  9957   230    41     8 -9999 -9999
1994 08 07 12    41    40  9920     0     0     8 -9999   100
1994 08 08 06    34    -4 10026   280    31     8 -9999     0
1994 08 08 09    34     8 10023   230    41     7 -9999 -9999
1994 08 08 12    40    25 10019     0     0     7 -9999     0
1994 08 08 18    38    15  9939    50    57     8 -9999 -9999
1994 08 09 09    25     9  9893   280    87     7 -9999 -9999
1994 08 09 12    28    -8  9906   300   113     6 -9999    10
1994 08 09 18    12   -30  9940   290    57     6 -9999 -9999
1994 08 10 06    15   -23  9993   300    82     5 -9999 -9999
1994 08 10 18    10   -16 10091   310    72     8 -9999     0
1994 08 11 06     7   -22 10123   330    72     4 -9999     0
1994 08 11 09    18     2 10123   300    51     4 -9999 -9999
1994 08 11 12    17     4 10135   300    51     4 -9999     0
1994 08 11 18    10   -25 10128   290    51     5 -9999     0
1994 08 12 06     5   -35 10128   180     5     3 -9999     0
1994 08 12 09    18     4 10131   140    31     3 -9999     0
1994 08 12 12    29   -19 10123   120    10     1 -9999     0
1994 08 12 18    35   -12 10114    90    10     2 -9999     0
1994 08 13 12    36    -4 10088   120    10     7 -9999     0
1994 08 13 18    25   -17 10059    90    36     8 -9999     0
1994 08 14 06    17     9 10039     0     0     6 -9999 -9999
1994 08 14 09    26    16 10043     0     0     6 -9999     0
1994 08 14 12    48    34 10043    90    10     5 -9999     0
1994 08 14 18    47    25 10051   290    51     7 -9999 -9999
1994 08 15 09    42    22 10068   260    51     8 -9999     0
1994 08 15 12    40    20 10075   290    51     7 -9999 -9999
1994 08 15 18    42     6 10085   300    51     7 -9999     0
1994 08 16 06 -9999 -9999 10079   250    10     8 -9999 -9999
1994 08 16 09    43    41 10075   250    21     8 -9999 -9999
1994 08 16 18    27    24 10036   240    15     8 -9999 -9999
1994 08 17 06    29    19 10077   260    15     8 -9999 -9999
1994 08 17 09    24    21 10068   240    41     7 -9999 -9999
1994 08 17 12    28    23 10091   220    26     7 -9999     1
1994 08 17 18    27    22 10089   230    10     7 -9999 -9999
1994 08 18 06    30    25 10071   270    10     7 -9999 -9999
1994 08 18 12    46    46 10074   270    10     8 -9999    -1
1994 08 18 18    46    44 10066     0     0     8 -9999 -9999
1994 08 19 06    32    32 10064   270     5     8 -9999 -9999
1994 08 19 09    44    42 10079   240    10     8 -9999 -9999
1994 08 19 12    44    39 10086   240     5     7 -9999     0
1994 08 19 18    50    41 10096   280    26     7 -9999     0
1994 08 20 06    34    16 10117 -9999    10     8 -9999 -9999
1994 08 20 09    40    20 10121   250    10     8 -9999     0
1994 08 20 12    35    18 10115   260    36     8 -9999     0
1994 08 20 18    34    16 10137   260    10     8 -9999     0
1994 08 21 06     9     4 10159   230    26     8 -9999 -9999
1994 08 21 09    12     1 10164   200     5     8 -9999 -9999
1994 08 21 12    18     7 10170   230    31     8 -9999    -1
1994 08 22 06    40    25 10162   100    41     7 -9999     0
1994 08 22 09    42    22 10160    90    72     7 -9999     0
1994 08 22 12    52    22 10161    90    72     8 -9999     0
1994 08 22 18    34    32 10164   100    36     8 -9999 -9999
1994 08 23 06    58    53 10154   150    15     8 -9999 -9999
1994 08 23 09    53    53 10144   200    36     8 -9999 -9999
1994 08 23 12    51    51 10149   270    26     9 -9999    30
1994 08 23 18    40    36 10152   270    21     8 -9999 -9999
1994 08 24 06    25    15 10152   270    10     7 -9999 -9999
1994 08 24 09    52    38 10151   210    10     7 -9999     0
1994 08 24 12    52    35 10147   210    31     7 -9999     0
1994 08 24 18    41    41 10127   250    15     8 -9999 -9999
1994 08 25 06    32    19 10119   110    15     8 -9999 -9999
1994 08 25 09    42    25 10118   100    10     8 -9999 -9999
1994 08 25 12    42    22 10110    90    31     8 -9999     0
1994 08 25 18    36    26 10101    70    10     8 -9999     0
1994 08 26 06    28    23 10098   230    10     6 -9999 -9999
1994 08 26 09    26    18 10110    90     5     6 -9999     0
1994 08 26 12    35    17 10117 -9999    10     7 -9999     0
1994 08 26 18    32    14 -9999   270    41     7 -9999 -9999
1994 08 27 06    13     4 10101   280    15     7 -9999     0
1994 08 27 09    32    -6 10095   240    31     7 -9999 -9999
1994 08 27 12    21     2 10087   240    10     8 -9999    -1
1994 08 27 18    32    17 10059   260    46     7 -9999 -9999
1994 08 28 06    14    -8 10022     0     0     7 -9999     0
1994 08 28 12    28    -5 10009 -9999    10     7 -9999     0
1994 08 28 18    18     2  9988   100    10     3 -9999 -9999
1994 08 29 06    -4   -10  9890 -9999    21     8 -9999 -9999
1994 08 29 09     4     1  9859   250    46     8 -9999 -9999
1994 08 29 12    20   -25  9848   290    51     5 -9999    50
1994 08 29 18   -16   -36  9838   300    51     4 -9999 -9999
1994 08 30 06   -30  -107  9809   340    26     7 -9999 -9999
1994 08 30 09   -25   -65  9819   330    51     8 -9999 -9999
1994 08 30 12    -1   -49  9819   340    72     7 -9999    -1
1994 08 30 18    12   -28  9848   260    41     4 -9999 -9999
1994 08 31 06    -8   -30  9915   290    31     3 -9999     0
1994 08 31 09     8   -28  9945   270    31     3 -9999 -9999
1994 08 31 12    21   -47  9963   350    36     2 -9999     0
1994 08 31 18     8   -28 -9999   310    31     2 -9999     0
1994 09 01 00 -9999 -9999 -9999    70    57     7 -9999 -9999
1994 09 01 06     4   -23 10089   310    57     6 -9999     0
1994 09 01 09    12    -2 10114   250    51     4 -9999     0
1994 09 01 12    10   -12 10136   300    72     5 -9999     0
1994 09 01 18     8     0 10152   270    41     7 -9999     0
1994 09 02 09    24    19 10097   260    51     8 -9999 -9999
1994 09 02 12    40    30 10089   270    77     8 -9999    20
1994 09 02 18    24    24 10087   280    36     8 -9999 -9999
1994 09 03 09    46    46 10021   260    62     8 -9999 -9999
1994 09 03 12    50    50 10032   260    82     9 -9999    20
1994 09 03 18    44    44 10034   270    21     9 -9999 -9999
1994 09 04 06    18    18 10062     0     0     9 -9999 -9999
1994 09 04 09    22    19 10068     0     0     8 -9999 -9999
1994 09 04 12    30    30 10074   220    26     8 -9999     1
1994 09 04 18    21    18 10078   250    46     7 -9999 -9999
1994 09 05 06    -2   -11 10103   270    15     2 -9999     0
1994 09 05 09     2    -7 10111     0     0     3 -9999     0
1994 09 05 12    21    16 10121    90    10     1 -9999     0
1994 09 05 18    19     6 10154    90    72     8 -9999     0
1994 09 06 06     2    -4 10199   340    10     8 -9999 -9999
1994 09 06 09     8    -6 10206   190    31     8 -9999 -9999
1994 09 06 12     9    -2 10217   210    41     8 -9999     0
1994 09 07 06     4   -19 10237    50    10     8 -9999     0
1994 09 07 09    12   -20 10244     0     0     8 -9999     0
1994 09 07 12    21    -7 10247   240    10     7 -9999     0
1994 09 07 18    10    -1 10250   250    21     4 -9999     0
1994 09 08 06    -4   -16 10246    60    31     4 -9999     0
1994 09 08 09    10   -19 10249    90    10     7 -9999 -9999
1994 09 08 12     8    -6 10253   100    21     7 -9999    -1
1994 09 08 18    14     3 10241   100    31     7 -9999 -9999
1994 09 09 06    15     4 10219   100    41     8 -9999 -9999
1994 09 09 12    36    10 10208    80    41     6 -9999     0
1994 09 09 18    30     6 10193   100    51     5 -9999     0
1994 09 10 06    16     5 10163   100    82     8 -9999     0
1994 09 10 09    21     2 10157   100    67     7 -9999 -9999
1994 09 10 12    26     5 10149    90    57     4 -9999     0
1994 09 10 18    24     0 10128   110    41     4 -9999     0
1994 09 11 06    33     7 10046    70    82     7 -9999 -9999
1994 09 11 09    42    11 10025    40    93     8 -9999     0
1994 09 11 12    46    17 10015    60    98     8 -9999     0
1994 09 11 18    43    10  9992    60    62     8 -9999 -9999
1994 09 12 09    24     3  9938    90    87     7 -9999     0
1994 09 12 12    27     3  9929    80    82     7 -9999     0
1994 09 12 18    28    12  9909    90    77     8 -9999 -9999
1994 09 13 06    15    12  9906   100    26     8 -9999 -9999
1994 09 13 09    18     7  9905    90    41     8 -9999 -9999
1994 09 13 12    21    10  9905    70    10     8 -9999     5
1994 09 13 18    15    10  9916     0     0     8 -9999 -9999
1994 09 14 06     0     0  9950     0     0     8 -9999 -9999
1994 09 14 09     9     6  9960     0     0     8 -9999 -9999
1994 09 14 12    12     9  9969     0     0     7 -9999     5
1994 09 14 18    12     1  9985   320    10     8 -9999 -9999
1994 09 15 06     6     3 10006   250    15     8 -9999 -9999
1994 09 15 09     8     5 10014    60    21     8 -9999     0
1994 09 15 12    13     2 10019     0     0     7 -9999     0
1994 09 15 18   -12   -21 10048     0     0     2 -9999     0
1994 09 16 06    -6   -12 10064     0     0     6 -9999     0
1994 09 16 09     6   -16 10067   280    51     4 -9999 -9999
1994 09 16 12     6   -19 10071   290    62     7 -9999    -1
1994 09 16 18    -1   -21 10090   280    31     3 -9999 -9999
1994 09 17 09     9   -44 10133    30    10     2 -9999 -9999
1994 09 17 12    16   -28 10143   310    41     1 -9999     0
1994 09 17 18    -1   -21 10090   280    31     3 -9999 -9999
1994 09 18 06    -4   -22 10114    80    41     8 -9999 -9999
1994 09 18 09     6   -17 10096    80    51     7 -9999 -9999
1994 09 19 06   -25   -69 10123    20    26     2 -9999     0
1994 09 19 09   -21   -64 10140    90    31     1 -9999     0
1994 09 19 12   -12   -48 10150    90    31     3 -9999     0
1994 09 19 18   -16   -43 10155   110    31     7 -9999     0
1994 09 20 06     0   -29 10109    70    72     8 -9999 -9999
1994 09 20 09    18   -16 10076    60   118     8 -9999 -9999
1994 09 20 12    22   -12 -9999    60    82     8 -9999     1
1994 09 20 18    12     1 10033   100    57     8 -9999 -9999
1994 09 21 06    12   -30 10058   310    46     7 -9999 -9999
1994 09 21 09     6    -1 10059   260    15     8 -9999 -9999
1994 09 21 12     7    -7 10069   250    31     8 -9999     1
1994 09 22 06    10   -25  9984    80    62     5 -9999     0
1994 09 22 09    14   -24  9981    60    93     4 -9999 -9999
1994 09 22 18     5   -21  9934    40   103     7 -9999 -9999
1994 09 23 06    12   -23  9917    40    67     8 -9999 -9999
1994 09 23 09    19   -35  9921    50   118     8 -9999 -9999
1994 09 23 12    12   -23  9950    60   108     8 -9999    -1
1994 09 23 18    11   -12  9989    60    51     8 -9999 -9999
1994 09 24 06    -6   -10 10023   100    77     8 -9999 -9999
1994 09 24 09    -2   -26 10025   100    62     7 -9999 -9999
1994 09 24 12     0   -36 10028   100    72     7 -9999    -1
1994 09 24 18    -5   -39 10032    50    51     7 -9999 -9999
1994 09 25 06   -16   -50 10036    30    10     7 -9999     0
1994 09 25 09   -11   -47 10044    60    15     4 -9999     0
1994 09 25 12    -5   -16 10058    90    31     6 -9999     0
1994 09 25 18   -18   -44 10073     0     0     7 -9999     0
1994 09 26 06   -24   -36 10103    80    15     8 -9999     0
1994 09 26 09   -14   -26 10110   100    26     7 -9999 -9999
1994 09 26 18    -4   -10 10112   120    26     8 -9999 -9999
1994 09 27 06     4   -29 10106    60    36     4 -9999 -9999
1994 09 27 09     4   -13 10108    60    41     4 -9999     0
1994 09 27 12     4   -23 10108    60    72     4 -9999     0
1994 09 27 18     8    -9 10099    40    93     5 -9999     0
1994 09 28 09    19  -103 10070   170   108     8 -9999 -9999
1994 09 28 12    20    -2 10066    80   108     7 -9999    10
1994 09 29 09     2   -53 10070    70    62     7 -9999 -9999
1994 09 29 12    -1   -24 10078    80    36     7 -9999    -1
1994 09 29 18    -9   -55 10061    30    36     7 -9999 -9999
1994 09 30 06   -20   -87 10032    40    41     7 -9999     0
1994 09 30 09   -28   -66 10031    40    26     7 -9999 -9999
1994 09 30 12   -17   -95 10021    30    31     6 -9999     0
1994 09 30 18   -37  -113 10029    20    62     3 -9999     0
1994 10 01 09   -59   -90 10006 -9999    10     3 -9999 -9999
1994 10 01 12   -46   -84 10000    90    10     6 -9999     0
1994 10 01 18   -55   -85  9994     0     0     6 -9999     0
1994 10 02 09   -43   -98  9981    50    10     7 -9999 -9999
1994 10 02 18   -36   -84  9971     0     0     7 -9999 -9999
1994 10 03 06   -14   -70  9971    20    41     5 -9999 -9999
1994 10 03 09   -11   -61  9969   360    51     3 -9999 -9999
1994 10 03 12    -6   -66  9967    40    62     5 -9999    -1
1994 10 03 18   -11   -82  9961    40    87     7 -9999 -9999
1994 10 04 06   -11   -77  9920   300    31     8 -9999 -9999
1994 10 04 09    -8   -69  9907   290    41     8 -9999 -9999
1994 10 04 12    -6   -58  9895     0     0     7 -9999    -1
1994 10 04 18   -36   -80 -9999   240    15     4 -9999 -9999
1994 10 05 06   -50   -74  9868   120    10     3 -9999     0
1994 10 05 09   -40   -73  9874     0     0     3 -9999     0
1994 10 05 12   -19   -50  9873   300    31     3 -9999     0
1994 10 05 18   -40   -77  9871     0     0     3 -9999     0
1994 10 06 06   -50   -86  9838   300    51     5 -9999 -9999
1994 10 06 09   -49   -89  9826   330    15     6 -9999 -9999
1994 10 06 12   -46   -85  9823   340    31     7 -9999     0
1994 10 06 18   -64   -91  9808    90    10     3 -9999     0
1994 10 07 06   -82  -100  9791    60    15     2 -9999     0
1994 10 07 09   -83  -102  9797    60     5     2 -9999     0
1994 10 07 12   -72   -93  9806    60    15     3 -9999     0
1994 10 07 18   -76   -98  9831    60    31     7 -9999     0
1994 10 08 06   -90  -114  9892     0     0     3 -9999     0
1994 10 08 09   -78  -118  9908   360    31     3 -9999     0
1994 10 09 06   -21   -64  9982   270    51     7 -9999 -9999
1994 10 09 09   -18   -53  9905   280    62     7 -9999 -9999
1994 10 09 18   -17   -70 10030   270    67     7 -9999 -9999
1994 10 10 06   -17   -29 10077   270    31     8 -9999 -9999
1994 10 10 09   -26   -63 10088    50    10     7 -9999 -9999
1994 10 10 12   -18   -67 10078    50    41     8 -9999     0
1994 10 10 18    -1    -7  9961    70   123     8 -9999 -9999
1994 10 11 06    16     5  9835    80    31     8 -9999 -9999
1994 10 11 09    16     0  9829    80    57     8 -9999 -9999
1994 10 11 12    14   -11  9816    90    72     8 -9999    20
1994 10 11 18     4   -26  9784    90    82     8 -9999 -9999
1994 10 12 06   -20   -87  9823    50    82     7 -9999 -9999
1994 10 12 09   -25   -85  9861    40    51     7 -9999 -9999
1994 10 12 12   -36   -80  9887    20    31     7 -9999    -1
1994 10 12 18   -56   -98  9927    90    51     8 -9999 -9999
1994 10 13 06   -82  -139  9972   310    51     3 -9999 -9999
1994 10 13 09   -80  -131  9979   300    41     4 -9999     0
1994 10 13 12   -76  -123  9980   360    41     3 -9999     0
1994 10 13 18   -76  -136  9965   300    31     3 -9999     0
1994 10 14 06   -82  -151  9914   360    31     6 -9999 -9999
1994 10 14 09   -69  -175  9920   310    21     6 -9999 -9999
1994 10 14 12   -74  -157 -9999   360    36     6 -9999     0
1994 10 14 18   -85  -144  9948    10    10     3 -9999     0
1994 10 15 09   -62  -121  9945   330    82     7 -9999 -9999
1994 10 15 12   -68  -105  9939 -9999    10     7 -9999     0
1994 10 15 18   -66  -107  9960   280    21     8 -9999 -9999
1994 10 16 06   -60  -105 10002     0     0     8 -9999     0
1994 10 16 09   -44  -119 10033   360    21     6 -9999 -9999
1994 10 16 12   -42  -121 10047    10    41     7 -9999     0
1994 10 16 18   -66  -127 10063   260    10     6 -9999     0
1994 10 17 06   -48  -106 10099    30    41     6 -9999     0
1994 10 17 09   -56  -112 10116   360    41     4 -9999     0
1994 10 17 12   -58  -131 10123   300    41     4 -9999     0
1994 10 17 18   -66  -127 10125    90    31     1 -9999     0
1994 10 18 06   -84  -131 10142    80    51     4 -9999     0
1994 10 18 09   -76  -136 10145    60    41     7 -9999 -9999
1994 10 18 12   -75  -124 10152    80    41     7 -9999    -1
1994 10 18 18   -74  -106 10154    90    31     8 -9999 -9999
1994 10 19 06   -62   -93 10151    80    36     8 -9999 -9999
1994 10 19 09   -65   -87 10149    90    51     8 -9999 -9999
1994 10 19 12   -52   -77 10150    90    46     8 -9999     3
1994 10 19 18   -61   -88 10139    70    10     3 -9999 -9999
1994 10 20 06   -32   -63 10022    60    82     8 -9999 -9999
1994 10 20 09   -24   -40  9983    60   134     8 -9999 -9999
1994 10 20 12   -26   -75  9955    70   108     6 -9999    -1
1994 10 20 18   -48   -80  9994    10    62     5 -9999 -9999
1994 10 21 06   -65  -110 10071   330    21     6 -9999 -9999
1994 10 21 09   -72  -119 10085   330    31     7 -9999 -9999
1994 10 21 12   -76  -122 10099     0     0     8 -9999    -1
1994 10 21 18   -77  -127 10091   360    21     4 -9999     0
1994 10 22 06   -79  -110 10097    50    31     7 -9999     0
1994 10 22 09   -76  -121 10090    70    31     6 -9999 -9999
1994 10 22 12   -66  -122 10085    50    31     8 -9999     0
1994 10 22 18   -51   -84 10044    60    51     8 -9999 -9999
1994 10 23 06   -60  -134 10003    20    51     1 -9999 -9999
1994 10 23 09  -101  -155 10015     0     0     1 -9999     0
1994 10 23 12  -116  -157 10034     0     0     1 -9999     0
1994 10 23 18  -125  -190 10086     0     0     1 -9999     0
1994 10 24 06  -126  -177 10145     0     0     0 -9999     0
1994 10 24 09  -130  -182 10158    60    10     2 -9999 -9999
1994 10 24 12  -132  -185 10163   320    21     5 -9999     0
1994 10 24 18  -132  -178 10174    20    21     2 -9999     0
1994 10 25 06  -116  -163 10208    50    41     7 -9999     0
1994 10 25 09  -132  -185 10215    10    31     4 -9999     0
1994 10 25 12  -123  -166 10221    70    31     3 -9999     0
1994 10 25 18  -124  -174 10228   360    36     3 -9999     0
1994 10 26 06  -163  -196 10235    60     5     0 -9999     0
1994 10 26 09  -145  -188 10248    50    10     1 -9999 -9999
1994 10 26 12  -141  -183 10248    80    10     1 -9999     0
1994 10 26 18  -118  -154 10251    90    15     7 -9999     0
1994 10 27 06   -52   -93 10220   330    51     7 -9999 -9999
1994 10 27 09   -64  -109 10229   330    15     8 -9999     0
1994 10 27 12   -74  -104 10238   330    31     7 -9999    -1
1994 10 27 18  -108  -141 10237     0     0     8 -9999     0
1994 10 28 09  -111  -139 10244     0     0     7 -9999 -9999
1994 10 28 12   -86  -124 10248    70    41     7 -9999     0
1994 10 28 18   -82  -129 10245    30    41     8 -9999     0
1994 10 29 06   -91  -120 10246    70    87     7 -9999 -9999
1994 10 29 09   -95  -125 -9999    80    67     7 -9999     0
1994 10 29 12  -104  -147 10251    80    82     5 -9999     0
1994 10 29 18  -106  -150 10242    80   103     8 -9999     0
1994 10 30 06  -108  -152 10210    60   113     6 -9999 -9999
1994 10 30 09  -108  -147 10207    50    62     7 -9999 -9999
1994 10 30 12  -101  -127 10192    70   113     8 -9999     0
1994 10 30 18   -90  -119 10170    70   144     8 -9999 -9999
1994 10 31 06   -38   -71 10094    70    93     8 -9999 -9999
1994 10 31 09   -20   -35 10084    90    72     8 -9999 -9999
1994 10 31 12   -15   -29 10069    70    62     8 -9999    -1
1994 10 31 18    -8   -15 10040    70    21     8 -9999 -9999
1994 11 01 06     5    -3 10003   170    51     8 -9999   150
1994 11 01 09     5    -3 10005    70    21     8 -9999 -9999
1994 11 01 12     2    -4 10009    70    36     8 -9999    70
1994 11 01 18   -30   -54 10009    90    93     8 -9999 -9999
1994 11 02 06   -44   -67 10051    90    67     8 -9999 -9999
1994 11 02 12   -63   -90 10094     0     0     4 -9999     0
1994 11 02 18   -42   -65 10126   300    41     8 -9999     0
1994 11 03 06   -78  -118 10188   320    51     7 -9999 -9999
1994 11 03 09   -79  -120 10210   340    21     7 -9999 -9999
1994 11 03 12   -85  -117 10220   310    10     7 -9999    -1
1994 11 03 18   -90  -119 10219    90    93     8 -9999 -9999
1994 11 04 06  -110  -138 10144    50   123     8 -9999     0
1994 11 04 12   -78  -104 10123    30   129     5 -9999     0
1994 11 04 18   -98  -145 10126    90   123     3 -9999     0
1994 11 05 06   -98  -170 10113    70    82     6 -9999     0
1994 11 05 09   -96  -166 10099    90    93     7 -9999 -9999
1994 11 05 12  -100  -154 10102   110    82     7 -9999     0
1994 11 05 18  -125  -169 10115    80    67     3 -9999     0
1994 11 06 06  -158  -190 10181    60    36     0 -9999     0
1994 11 06 09  -168  -187 10193    70    10     0 -9999     0
1994 11 06 12  -134  -174 10216    70    41     3 -9999     0
1994 11 06 18  -119  -149 10233    90    51     5 -9999 -9999
1994 11 07 06  -122  -162 10236    80    51     7 -9999     0
1994 11 07 09  -126  -158 10235    80    51     6 -9999 -9999
1994 11 07 12  -162  -180 10242    50    31     2 -9999     0
1994 11 07 18  -154  -172 10226    30    10     2 -9999     0
1994 11 08 06  -116  -151 10200    90   134     3 -9999     0
1994 11 08 09  -103  -151 10229    40    62     2 -9999     0
1994 11 08 12  -144  -194 10233    40    82     0 -9999     0
1994 11 08 18  -122  -171 10258    80    51     0 -9999     0
1994 11 09 06  -112  -152 10293    60    41     3 -9999     0
1994 11 09 09  -118  -154 10305    60    41     1 -9999 -9999
1994 11 09 12  -108  -152 10319    70    51     1 -9999     0
1994 11 09 18  -120  -156 10327    80    41     0 -9999     0
1994 11 10 06  -149  -166 10326    70    10     0 -9999     0
1994 11 10 09  -152  -169 10322     0     0     2 -9999     0
1994 11 10 12  -122  -136 10304     0     0     8 -9999    -1
1994 11 10 18   -54   -61 10254   240    41     8 -9999 -9999
1994 11 11 09   -38   -56 10173   100    46     8 -9999 -9999
1994 11 11 12   -54   -83 10184    90    67     8 -9999     0
1994 11 11 18   -72  -106 10196    80    82     8 -9999 -9999
1994 11 12 06   -98  -134 10198    90    93     8 -9999 -9999
1994 11 12 09  -104  -142 10194    90    72     8 -9999     0
1994 11 12 12  -112  -141 10193    90    98     8 -9999     0
1994 11 12 18  -100  -136 10156    80    62     8 -9999     0
1994 11 13 06   -58   -88 10034    90    62     8 -9999 -9999
1994 11 13 09   -72   -93 10042   100    62     7 -9999 -9999
1994 11 13 12   -84   -98 10041    70    31     4 -9999    -1
1994 11 13 18   -70   -99 10042    90    51     7 -9999 -9999
1994 11 14 06  -116  -146 10039    90    82     6 -9999     0
1994 11 14 09  -114  -149 10026    80    72     6 -9999     0
1994 11 14 12  -126  -164 10026    80    51     4 -9999     0
1994 11 14 18  -162  -193 10021    70    51     3 -9999     0
1994 11 15 06  -126  -152  9964    90    41     8 -9999     0
1994 11 15 09  -110  -138  9953    90    36     7 -9999 -9999
1994 11 15 12  -106  -133  9943    60    21     8 -9999     0
1994 11 15 18   -38   -67  9898   160    51     8 -9999 -9999
1994 11 16 09   -71  -100  9838    90    72     8 -9999     0
1994 11 16 12   -68  -101  9845   120    51     5 -9999     0
1994 11 16 18   -88  -126  9867   360    10     1 -9999     0
1994 11 17 06  -137  -165  9918    60    51     8 -9999     0
1994 11 17 09  -138  -166  9939    80    51     7 -9999 -9999
1994 11 17 12  -143  -166  9949    70    31     5 -9999     0
1994 11 17 18  -170  -196  9973    70    46     3 -9999     0
1994 11 18 06  -223  -237  9999    50    41     2 -9999     0
1994 11 18 09  -209  -241 10005    60    31     2 -9999     0
1994 11 18 12  -221  -245 10013    60    21     2 -9999     0
1994 11 18 18  -222  -246 10024    50    10     1 -9999     0
1994 11 19 09  -204  -257 10033   290    10     0 -9999 -9999
1994 11 19 12  -222  -257 10040    40    21     1 -9999     0
1994 11 19 18  -223  -258 10035    30    21     1 -9999     0
1994 11 20 06  -182  -219  9987    90    77     1 -9999     0
1994 11 20 09  -164  -205  9969    90   103     8 -9999 -9999
1994 11 20 12  -150  -189  9965    70    82     8 -9999     0
1994 11 20 18  -128  -173  9939    80   103     7 -9999     0
1994 11 21 06  -111  -151  9931    70   103     7 -9999     0
1994 11 21 09  -113  -147  9948    80    93     6 -9999 -9999
1994 11 21 12  -110  -144  9953    70    93     3 -9999     0
1994 11 21 18  -102  -145  9975    70    82     2 -9999     0
1994 11 22 06  -115  -150  9989    60   118     2 -9999     0
1994 11 22 09  -116  -151  9985    60   154     2 -9999     0
1994 11 22 12  -120  -169  9978    60   154     1 -9999     0
1994 11 22 18  -100  -142  9986    50   103     3 -9999     0
1994 11 23 06  -104  -110 10014    70   180     1 -9999     0
1994 11 23 09  -114  -149 10022    50   123     1 -9999 -9999
1994 11 23 12  -110  -134 10019    70   164     2 -9999     0
1994 11 23 18   -97  -133 10007    80   139     3 -9999     0
1994 11 24 06   -69   -89 10002    80   149     2 -9999 -9999
1994 11 24 09   -68   -93 10024    60    98     7 -9999 -9999
1994 11 24 12   -58  -101 10030    70   123     7 -9999     1
1994 11 24 18   -67  -104 10045    40    93     2 -9999 -9999
1994 11 25 06   -54   -83 10038    90    51     8 -9999 -9999
1994 11 25 09   -46   -73 10030    70    51     7 -9999 -9999
1994 11 25 12   -27   -37 10000    50    36     7 -9999    -1
1994 11 25 18   -16   -46  9961   280    51     8 -9999 -9999
1994 11 26 06   -28   -44  9873    60    36     8 -9999 -9999
1994 11 26 09   -14   -41  9873    80    72     8 -9999 -9999
1994 11 26 18   -26   -56  9922    90    82     8 -9999 -9999
1994 11 27 06   -50   -71  9769   100    72     8 -9999 -9999
1994 11 27 09   -58   -72  9735    90    93     8 -9999 -9999
1994 11 27 12   -58   -62  9720    90    93     8 -9999     5
1994 11 27 18   -74   -95  9705   100    87     8 -9999 -9999
1994 11 28 06   -83  -112  9769   100    93     6 -9999     0
1994 11 28 09   -94  -119  9795    90   103     8 -9999 -9999
1994 11 28 12  -114  -149  9823    90   103     8 -9999     0
1994 11 29 06  -138  -228 10076    90    62     0 -9999     0
1994 11 29 09  -150  -211 10123    80    77     0 -9999 -9999
1994 11 29 12  -152  -205 10151    70    62     6 -9999     0
1994 11 29 18  -165  -206 10197    60    51     3 -9999     0
1994 11 30 06  -110  -149 10143    90   103     8 -9999 -9999
1994 11 30 12   -90  -105 10027    70   123     9 -9999     5
1994 11 30 18     4   -13  9866   190    82     8 -9999 -9999
1994 12 01 06   -46   -73  9762   300   185     9 -9999 -9999
1994 12 01 09   -80   -90  9818   290   154     9 -9999 -9999
1994 12 01 12   -90  -105  9826   280   216     7 -9999    -1
1994 12 01 18  -119  -128  9922   300    62     8 -9999 -9999
1994 12 02 06  -146  -189 10147   310    72     0 -9999 -9999
1994 12 02 09  -148  -192 10176   320    51     1 -9999     0
1994 12 02 12  -170  -204 10199     0     0     3 -9999     0
1994 12 02 18  -136  -140 10199    90    82     8 -9999     0
1994 12 03 06  -124  -139 10046    70   190     9 -9999 -9999
1994 12 03 09  -110  -123  9999    70   216     9 -9999 -9999
1994 12 03 12   -86   -96  9968    80   185     9 -9999    -1
1994 12 03 18   -22   -28  9874   120    21     8 -9999 -9999
1994 12 04 06    -6   -24  9995   280   108     8 -9999 -9999
1994 12 04 09   -12   -32  9924   290    51     8 -9999     0
1994 12 04 12   -34   -61  9933   290    10     7 -9999     0
1994 12 04 18   -75 -9999  9924    80    51     8 -9999     0
1994 12 05 06     4   -10  9886   290    10     7 -9999     0
1994 12 05 12     8    -9  9849   250    10     7 -9999    40
1994 12 05 18    -4   -16  9818   180    82     8 -9999 -9999
1994 12 06 09    -8   -27  9802   290   103     8 -9999 -9999
1994 12 06 12   -24   -40  9835   280   123     8 -9999     5
1994 12 06 18   -73  -103  9927   300    72     7 -9999 -9999
1994 12 07 06  -114  -161 10081     0     0     0 -9999 -9999
1994 12 07 09  -133  -166 10100    90    31     6 -9999 -9999
1994 12 07 12  -108  -141 10108    90    82     7 -9999     0
1994 12 07 18   -96 -9999 10099    70   123     7 -9999     0
1994 12 08 06   -39   -47 10086    70   129     8 -9999 -9999
1994 12 08 09   -24   -46 10082    70   123     7 -9999 -9999
1994 12 08 12   -20   -41 10086    80   118     8 -9999    -1
1994 12 08 18   -12   -35 10041    80   159     5 -9999     0
1994 12 09 06     8   -21  9971    80    51     8 -9999 -9999
1994 12 09 09     4    -7  9960    70    31     8 -9999 -9999
1994 12 09 12     2    -7  9965    70    15     8 -9999    20
1994 12 09 18    21    -7  9962    80    31     8 -9999 -9999
1994 12 10 06    16    -6  9918    80    72     8 -9999 -9999
1994 12 10 09    15     1  9920    80    41     8 -9999 -9999
1994 12 10 12    20    -2  9918   100    51     8 -9999    40
1994 12 10 18    22     0  9918   130    10     8 -9999 -9999
1994 12 11 06    12   -23  9921    70   123     8 -9999 -9999
1994 12 11 09    14   -21  9930    70    51     7 -9999 -9999
1994 12 11 12    10   -39  9928    60    93     7 -9999     0
1994 12 11 18     8   -31  9932    60    51     7 -9999     0
1994 12 12 06    -1   -34  9935    50    82     8 -9999 -9999
1994 12 12 09    -8   -43  9946    30    51     8 -9999 -9999
1994 12 12 12   -12   -48  9955    30    82     8 -9999    -1
1994 12 12 18   -22   -51  9972    50    72     8 -9999 -9999
1994 12 13 06   -38   -63 10005    90    82     8 -9999 -9999
1994 12 13 09   -43   -66 10022    80    82     8 -9999 -9999
1994 12 13 12   -38   -67 10023    90    57     5 -9999     0
1994 12 13 18   -57   -83 10031    80    10     7 -9999     0
1994 12 14 06   -90  -105 10081     0     0     0 -9999     0
1994 12 14 09   -96  -108 10102     0     0     1 -9999     0
1994 12 14 12  -106 -9999 10109     0     0     2 -9999     0
1994 12 14 18   -82  -100 10119    10    10     2 -9999     0
1994 12 15 06   -76   -97 10120   100    62     8 -9999     0
1994 12 15 09   -48   -72 10113    90    72     8 -9999 -9999
1994 12 15 12   -36   -68 10104    80    93     8 -9999     0
1994 12 15 18   -28   -58 10086    80   103     7 -9999     0
1994 12 16 06     2   -22 10054   120    62     8 -9999 -9999
1994 12 16 09     3   -25 10049   120    62     8 -9999 -9999
1994 12 16 12    -2    -8 10041    80   123     8 -9999     1
1994 12 16 18   -13   -24 10026    80   103     8 -9999 -9999
1994 12 17 06     2    -2 10032     0     0     8 -9999 -9999
1994 12 17 09    -8    -9 10048   270    21     8 -9999 -9999
1994 12 17 12   -18   -26 10065     0     0     8 -9999    -1
1994 12 17 18   -22   -28 10090     0     0     8 -9999 -9999
1994 12 18 06   -80   -98 10109    70    41     2 -9999 -9999
1994 12 18 09   -48   -76 10100    60    51     1 -9999     0
1994 12 18 12   -24   -56 10090    80    62     3 -9999     0
1994 12 18 18   -20   -41 10066    80   103     8 -9999     0
1994 12 19 06   -25   -34  9997    80   123     8 -9999 -9999
1994 12 19 09   -16   -24  9976    70   123     8 -9999 -9999
1994 12 19 12   -17   -19  9959    90   134     8 -9999     5
1994 12 19 18   -19   -24  9918    70   113     8 -9999 -9999
1994 12 20 06   -28   -69  9885    50    62     1 -9999 -9999
1994 12 20 09   -40   -86  9885    10    10     1 -9999     0
1994 12 20 18   -86  -110  9887     0     0     1 -9999     0
1994 12 21 06   -82  -114  9906     0     0     3 -9999     0
1994 12 21 12   -74   -91  9943   280    10     8 -9999     0
1994 12 21 18   -70   -87  9984     0     0     7 -9999 -9999
1994 12 22 06   110  -133 10026     0     0     1 -9999 -9999
1994 12 22 09   -85  -117 10020     0     0     8 -9999     0
1994 12 22 12   -78  -113 10007    80    31     8 -9999    -1
1994 12 22 18   -60   -99  9885    80   144     8 -9999     0
1994 12 23 06    -6    -7  9589    50   129     8 -9999 -9999
1994 12 23 09    -6   -10  9586    50   103     8 -9999 -9999
1994 12 23 12    -8   -33  9589    30   103     7 -9999     3
1994 12 23 18    -6   -24  9620    40    93     7 -9999     3
1994 12 24 06   -16   -69  9742   360    41     3 -9999 -9999
1994 12 24 09   -20   -52  9764   360    51     6 -9999     0
1994 12 24 12   -22   -73  9788   360    31     8 -9999     0
1994 12 24 18   -36   -84  9819    20    21     6 -9999     0
1994 12 25 12  -100  -131  9904    70   103     8 -9999    -1
1994 12 25 18  -124  -149  9922    70    51     8 -9999 -9999
1994 12 26 12  -170  -221  9905    50    41     1 -9999 -9999
1994 12 26 18  -162  -229  9862   100    51     0 -9999     0
1994 12 27 06  -136  -176  9789    70    77     8 -9999     0
1994 12 27 12  -124  -167  9778    90   103     7 -9999     0
1994 12 28 06   -72   -89  9770    50   123     8 -9999 -9999
1994 12 28 09   -61   -92  9783    60    62     8 -9999 -9999
1994 12 28 12   -53   -86  9789    40    82     8 -9999     1
1994 12 29 06  -103  -125  9859    80   123     6 -9999 -9999
1994 12 29 09  -118  -137  9877    90   134     2 -9999 -9999
1994 12 29 12  -126  -152  9884    80   118     5 -9999     0
1994 12 29 18  -146  -189  9896    80   118     0 -9999     0
1994 12 30 06  -174  -209  9904    90   123     0 -9999     0
1994 12 30 09  -172  -199  9912    90   113     0 -9999     0
1994 12 30 12  -175  -202  9914    90    93     1 -9999     0
1994 12 30 18  -178  -206  9915    90   113     0 -9999     0
1994 12 31 06  -187  -235  9940    70    77     0 -9999     0
1994 12 31 09  -180  -235  9952    30    62     0 -9999 -9999
1994 12 31 12  -170  -245  9957    50    62     4 -9999     0
1994 12 31 18  -188  -246  9979    30    51     2 -9999     0
