1956 01 01 12   -89  -139 10063   170    31     8 -9999 -9999
1956 01 02 12   -11   -22  9813   210   108     8 -9999 -9999
1956 01 04 12   -11   -78  9798   230   103     2 -9999 -9999
1956 01 04 18    11   -11  9759   170   180     8 -9999 -9999
1956 01 05 00   -11   -61  9774   220   129     8 -9999 -9999
1956 01 05 12   -22   -50  9817   220    93     6 -9999 -9999
1956 01 06 12    22    11  9772   330   118     8 -9999 -9999
1956 01 07 12   -72  -100 10160    20   154     7 -9999 -9999
1956 01 08 00   -78  -111 10224   360   113     8 -9999 -9999
1956 01 08 12   -78  -111 10253    40    46     6 -9999 -9999
1956 01 08 18   -78  -128 10242    80    57     6 -9999 -9999
1956 01 09 12   -78  -128 10254   300    57     6 -9999 -9999
1956 01 10 12   -78   -89 10255    20   190     8 -9999 -9999
1956 01 11 12 -9999 -9999 10143    20   165     8 -9999 -9999
1956 01 12 12   -22   -39 10075    10   118     8 -9999 -9999
1956 01 13 18   -78  -100 10028   340    82     8 -9999 -9999
1956 01 14 12   -50   -50  9959   260    98     8 -9999 -9999
1956 01 15 06   -28   -50  9917   350   123     8 -9999 -9999
1956 01 17 12   -61   -89  9910    20    41     7 -9999 -9999
1956 01 18 12   -28   -39  9983    40   129     7 -9999 -9999
1956 01 18 18   -28   -39  9983    20   154     8 -9999 -9999
1956 01 19 00   -39   -50  9984    10   134     5 -9999 -9999
1956 01 19 06   -50   -61 10013    10   108     6 -9999 -9999
1956 01 19 18   -39   -50 10113    20    93     8 -9999 -9999
1956 01 20 12   -61   -89 10039    20   144     4 -9999 -9999
1956 01 20 18   -61   -89 10064    20   108     6 -9999 -9999
1956 01 21 00   -50 -9999 10071    20   103     6 -9999 -9999
1956 01 21 12   -50   -61 10037   360   154     8 -9999 -9999
1956 01 22 12   -61   -72 10023   360   159     8 -9999 -9999
1956 01 23 12   -50   -61 10020   360   165     8 -9999 -9999
1956 01 24 00   -61   -61 10108    20   123     8 -9999 -9999
1956 01 24 12   -78  -100 10148    10   123     7 -9999 -9999
1956 01 25 12  -122  -161 10187    20    87     8 -9999 -9999
1956 01 26 12  -139  -178 10206    30    51     5 -9999 -9999
1956 01 27 12   -22   -28 10151   200    77     8 -9999 -9999
1956 01 28 00     0   -39 10048   190   185     8 -9999 -9999
1956 01 28 12    11     0  9912   140   118     8 -9999 -9999
1956 01 28 18    28    22  9874   120   154     8 -9999 -9999
1956 01 29 00    28    22  9878   150   139     8 -9999 -9999
1956 01 30 12    11     0 10030   180   139     5 -9999 -9999
1956 01 30 18     0   -28 10083   200    93     7 -9999 -9999
1956 01 31 00     0   -50 10152   200    77     5 -9999 -9999
1956 01 31 12    22     0 10204   150    93     7 -9999 -9999
1956 02 01 12    22   -11 10164   170   237     8 -9999 -9999
1956 02 02 06     0   -11 10068   140   149     8 -9999 -9999
1956 02 04 06   -11   -28 10031   170    21     8 -9999 -9999
1956 02 04 12   -22   -39 10068   270    98     6 -9999 -9999
1956 02 05 12   -78  -128 10271   340    72     6 -9999 -9999
1956 02 05 18   -89  -128 10286   280    26     3 -9999 -9999
1956 02 06 12    11     0 10022   180    77     8 -9999 -9999
1956 02 07 00    11     0 10033   240    82     8 -9999 -9999
1956 02 07 06     0   -11 10060   240    51     8 -9999 -9999
1956 02 07 12   -28   -61 10130   300    62     7 -9999 -9999
1956 02 08 00   -22   -61 10239   140    67     5 -9999 -9999
1956 02 08 12    22    11 10187   140   134     8 -9999 -9999
1956 02 09 00    22    11 10170   140   113     8 -9999 -9999
1956 02 09 12    22    11 10149   170   123     8 -9999 -9999
1956 02 10 00    11   -22 10184   160    82     5 -9999 -9999
1956 02 11 12   -39   -72 10139   180    41     8 -9999 -9999
1956 02 12 12   -22   -28 10168   160    57     7 -9999 -9999
1956 02 13 12    11     0 10126   230    72     8 -9999 -9999
1956 02 14 12   -22   -39 10255     0     0     8 -9999 -9999
1956 02 15 12   -39   -61 10217    20    67     8 -9999 -9999
1956 02 15 18   -39   -50 10198    20   118     8 -9999 -9999
1956 02 16 06   -28   -50 10176   360    98     8 -9999 -9999
1956 02 16 18   -22   -28 10148    30    36     5 -9999 -9999
1956 02 18 12   -28   -78 10278   200    26     8 -9999 -9999
1956 02 19 12   -28   -39 10185   360   144     8 -9999 -9999
1956 02 20 00   -78  -111 10254   360   118     8 -9999 -9999
1956 02 21 12   -11   -22 10271   180    93     8 -9999 -9999
1956 02 21 18    22    11 10236   220    82     8 -9999 -9999
1956 02 22 18   -89  -122 10304   350    93     5 -9999 -9999
1956 02 24 12  -111  -150 10310    20    62     7 -9999 -9999
1956 02 25 12   -39   -72 10160   120    77     8 -9999 -9999
1956 02 26 12   -78  -111 10113    20   118     8 -9999 -9999
1956 02 27 12  -122  -161 10144    40    41     7 -9999 -9999
1956 02 28 06   -78  -122  9994    10    46     8 -9999 -9999
1956 02 28 12   -61   -72  9922   360    21     8 -9999 -9999
1956 03 01 00   -89  -122  9870    20   139     3 -9999 -9999
1956 03 01 12  -100  -150  9896    70    31     5 -9999 -9999
1956 03 02 00  -139  -172  9842    20   103     6 -9999 -9999
1956 03 02 12  -139  -178  9877    20    82     7 -9999 -9999
1956 03 03 00  -139  -172  9913   350   113     8 -9999 -9999
1956 03 03 12  -122  -161  9924   360   108     7 -9999 -9999
1956 03 04 00  -128  -161  9951   350   139     7 -9999 -9999
1956 03 04 12  -128  -172 10010   340    82     7 -9999 -9999
1956 03 04 18  -122  -161 10046   360   113     7 -9999 -9999
1956 03 05 00  -128  -178 10070   340    62     7 -9999 -9999
1956 03 05 12  -150  -200 10116   360   103     7 -9999 -9999
1956 03 05 18  -161  -200 10134   350   113     8 -9999 -9999
1956 03 06 00   -61  -189 10157   350    87     7 -9999 -9999
1956 03 06 12  -139  -189 10184   350    57     6 -9999 -9999
1956 03 07 00   -61  -128 10146   180    41     7 -9999 -9999
1956 03 07 06   -28  -128 10093   200   144     8 -9999 -9999
1956 03 07 12   -72  -111 10089   240    72     6 -9999 -9999
1956 03 08 12     0   -11  9994   340    21     7 -9999 -9999
1956 03 09 00    22    11  9935   160   113     8 -9999 -9999
1956 03 09 12    11   -11  9926   160    72     8 -9999 -9999
1956 03 10 00     0   -22  9997   160    51     5 -9999 -9999
1956 03 10 12    28    22  9952   140   175     9 -9999 -9999
1956 03 11 00    11     0  9898   170   118     8 -9999 -9999
1956 03 11 12   -22   -28 10036   160    67     7 -9999 -9999
1956 03 12 00    22    11  9957   170   118     8 -9999 -9999
1956 03 12 12    22    11  9960   180   159     8 -9999 -9999
1956 03 13 00   -61   -72 10066   360    41     8 -9999 -9999
1956 03 13 12    11     0 10030   160    46     8 -9999 -9999
1956 03 14 00   -28   -39 10096   360    21     8 -9999 -9999
1956 03 14 12    22    11 10127   140    98     8 -9999 -9999
1956 03 15 00    22     0 10099   130   165     8 -9999 -9999
1956 03 15 12    28    11 10087   140   123     8 -9999 -9999
1956 03 16 00    22   -11 10087   150   170     8 -9999 -9999
1956 03 16 06    22    22 10060   160   175     8 -9999 -9999
1956 03 16 12     0   -11 10120   160    98     9 -9999 -9999
1956 03 17 00   -11   -22 10171   140    62     8 -9999 -9999
1956 03 17 12    11     0 10218   140    62     9 -9999 -9999
1956 03 18 12     0   -11 10236   160    51     8 -9999 -9999
1956 03 19 00   -22   -28 10212   170    36     3 -9999 -9999
1956 03 19 12    11   -11 10191   120    36     3 -9999 -9999
1956 03 20 00    11     0 10163   150   103     9 -9999 -9999
1956 03 20 12    11 -9999 10176   160    62     8 -9999 -9999
1956 03 21 06    22    11 10204   140    62     8 -9999 -9999
1956 03 21 12    28    11 10224   140    51     5 -9999 -9999
1956 03 22 12    28   -11 10149    90    82     7 -9999 -9999
1956 03 23 00    11     0 10127   180    15     7 -9999 -9999
1956 03 23 12     0   -11 10164   100    15     8 -9999 -9999
1956 03 24 00    28     0 10152   140    82     8 -9999 -9999
1956 03 25 12    22    11 10032   140    26     8 -9999 -9999
1956 03 25 18    22    11 10012   160    93     8 -9999 -9999
1956 03 26 00    11     0  9946   130   103     8 -9999 -9999
1956 03 26 12  -111  -122 10039   320   154     8 -9999 -9999
1956 03 27 12   -11   -22 10060   160    98     8 -9999 -9999
1956 03 27 18     0   -11 10029   310    36     8 -9999 -9999
1956 03 28 00   -39   -50 10108    20    51     7 -9999 -9999
1956 03 28 12   -11   -28 10168   260    46     8 -9999 -9999
1956 03 28 18    11     0 10167   250    51     8 -9999 -9999
1956 03 31 00   -11   -28 10214     0     0     8 -9999 -9999
1956 03 31 06   -11   -22 10192   340    41     8 -9999 -9999
1956 03 31 12   -11   -22 10217   360    67     8 -9999 -9999
1956 04 01 00   -61   -89 10230   360    57     7 -9999 -9999
1956 04 01 12   -50   -78 10214     0     0     8 -9999 -9999
1956 04 03 00   -89  -122 10193   360   123     7 -9999 -9999
1956 04 06 00  -122  -150 10193    40    62     6 -9999 -9999
1956 04 06 18   -78  -128 10158   130    21     3 -9999 -9999
1956 04 07 00   -78  -111 10149   100    10     3 -9999 -9999
1956 04 08 12   -28   -72 10004    20   226     9 -9999 -9999
1956 04 09 00   -61   -89 10003   360   185     9 -9999 -9999
1956 04 09 12   -72   -78 10019   360   129     8 -9999 -9999
1956 04 10 00   -39   -50 10023   360   118     8 -9999 -9999
1956 04 10 06   -39   -50 10019   360   134     7 -9999 -9999
1956 04 11 00   -50   -61 10054   360    67     8 -9999 -9999
1956 04 12 00   -11   -22 10078   220    36     7 -9999 -9999
1956 04 12 06   -11   -22 10096   200    21     7 -9999 -9999
1956 04 12 12     0   -11 10120     0     0     6 -9999 -9999
1956 04 12 18   -11   -22 10128   350    41     7 -9999 -9999
1956 04 13 00   -11   -22 10140   330    41     7 -9999 -9999
1956 04 13 12     0   -11 10144   160    62     6 -9999 -9999
1956 04 14 00   -22   -61 10152    70    21     6 -9999 -9999
1956 04 14 06   -11   -50 10154   140    21     6 -9999 -9999
1956 04 14 12     0   -28 10165   360    26     6 -9999 -9999
1956 04 15 00   -11   -39 10168   320   103     7 -9999 -9999
1956 04 15 12     0   -50 10191   240    21     6 -9999 -9999
1956 04 15 18   -11   -72 10190   360    67     5 -9999 -9999
1956 04 16 00   -22   -72 10190 -9999 -9999     5 -9999 -9999
1956 04 16 12     0   -50 10212     0     0     3 -9999 -9999
1956 04 17 00   -28   -78 10211   120    51     5 -9999 -9999
1956 04 17 12   -22   -28 10194   240    31     8 -9999 -9999
1956 04 18 12   -72   -78 10208   340    72     7 -9999 -9999
1956 04 19 12   -22   -61 10208   120    26     8 -9999 -9999
1956 04 20 00   -39   -78 10184   350    51     8 -9999 -9999
1956 04 20 12   -61   -78 10188    20   103     5 -9999 -9999
1956 04 21 12   -61  -100 10194     0     0     6 -9999 -9999
1956 04 22 00   -72  -111 10164   360    26     7 -9999 -9999
1956 04 22 12   -78  -128 10143    20   118     3 -9999 -9999
1956 04 23 12   -72  -111 10233   360    67     6 -9999 -9999
1956 04 24 12   -22   -78 10272   340    10     7 -9999 -9999
1956 04 25 12   -22   -89 10255   160    62     8 -9999 -9999
1956 04 26 12   -11   -61 10214   160    57     7 -9999 -9999
1956 04 27 12     0     0 10228   120    10     3 -9999 -9999
1956 04 28 12   -11   -28 10185   240    21     8 -9999 -9999
1956 04 29 12    11     0 10010   180    41     8 -9999 -9999
1956 04 30 12   -28   -39 10073    20   108     8 -9999 -9999
1956 05 01 00   -28   -39 10065    10   103     8 -9999 -9999
1956 05 01 12   -50   -78 10120    20    41     8 -9999 -9999
1956 05 01 18   -50   -89 10149   330    21     7 -9999 -9999
1956 05 02 00   -39   -78 10162   170    36     5 -9999 -9999
1956 05 02 06   -22   -61 10162   160    46     8 -9999 -9999
1956 05 02 12   -11   -39 10156   160    67     8 -9999 -9999
1956 05 02 18     0   -39 10137   150    41     7 -9999 -9999
1956 05 03 00     0   -28 10120     0     0     8 -9999 -9999
1956 05 03 12   -22   -28 10105    20    77     7 -9999 -9999
1956 05 03 18   -39   -50 10113    20    67     7 -9999 -9999
1956 05 04 00   -50   -61 10124   200    26     7 -9999 -9999
1956 05 04 06   -61   -78 10134   100    31     3 -9999 -9999
1956 05 04 12   -11   -61 10148     0     0     3 -9999 -9999
1956 05 04 18   -28   -78 10151   180    15     7 -9999 -9999
1956 05 05 00   -50   -89 10145 -9999    26     8 -9999 -9999
1956 05 05 12   -39   -72 10126    20    41     8 -9999 -9999
1956 05 06 00   -39   -72 10109    20    41     7 -9999 -9999
1956 05 06 12     0   -39 10096   240    10     8 -9999 -9999
1956 05 07 00 -9999 -9999 10095   140    31     8 -9999 -9999
1956 05 07 06   -22   -50 10102    30    15     7 -9999 -9999
1956 05 07 12   -11   -28 10118   180    36     8 -9999 -9999
1956 05 07 18   -11   -22 10125   290    21     8 -9999 -9999
1956 05 08 00   -28   -39 10126     0     0     8 -9999 -9999
1956 05 08 12     0   -39 10100   240     5     7 -9999 -9999
1956 05 08 18   -11   -39 10097   250    15     8 -9999 -9999
1956 05 09 00   -22   -28 10095     0     0     8 -9999 -9999
1956 05 09 06   -22   -39 10085     0     0     7 -9999 -9999
1956 05 09 12    28   -22 10085     0     0     5 -9999 -9999
1956 05 09 18    11   -39 10083    80    15     4 -9999 -9999
1956 05 10 00   -11   -28 10079    60    15     7 -9999 -9999
1956 05 10 06    11   -22 10071     0     0     7 -9999 -9999
1956 05 10 12    28   -11 10066   360    31     8 -9999 -9999
1956 05 10 18    28     0 10054    50    15     8 -9999 -9999
1956 05 11 00    22   -22 10002    60    26     8 -9999 -9999
1956 05 11 06    22   -11  9941   240    31     7 -9999 -9999
1956 05 11 12    22     0  9903   200    21     8 -9999 -9999
1956 05 11 18    22     0  9881     0     0     8 -9999 -9999
1956 05 12 00    11     0  9891     0     0     8 -9999 -9999
1956 05 12 06     0   -11  9888   340    21     9 -9999 -9999
1956 05 12 12     0   -11  9897   360    87     9 -9999 -9999
1956 05 13 00   -22   -28  9917   360   108     9 -9999 -9999
1956 05 13 06   -28   -39  9932   360   103     8 -9999 -9999
1956 05 13 12   -22   -28  9943    10    51     8 -9999 -9999
1956 05 13 18    11     0  9912   350    46     7 -9999 -9999
1956 05 14 00   -11   -22  9888   360   108     6 -9999 -9999
1956 05 14 06   -22   -28  9906   360   103     8 -9999 -9999
1956 05 14 12   -11   -22  9943   360    77     8 -9999 -9999
1956 05 14 18   -11   -22  9960   360    62     9 -9999 -9999
1956 05 15 00   -22   -28 10025    50   103     8 -9999 -9999
1956 05 15 06   -28   -39  9980    20    57     6 -9999 -9999
1956 05 15 12   -22   -28  9956   360    87     7 -9999 -9999
1956 05 15 18   -22   -28  9935    20    93     8 -9999 -9999
1956 05 16 00   -22   -28  9921    20    87     8 -9999 -9999
1956 05 16 06   -22   -28  9936   360   103     8 -9999 -9999
1956 05 16 12   -28   -39 10009    20   103     8 -9999 -9999
1956 05 16 18   -28   -39 10062    20   118     8 -9999 -9999
1956 05 17 00   -39   -50 10111    20   123     8 -9999 -9999
1956 05 17 06   -39   -50 10146    20    62     8 -9999 -9999
1956 05 17 18   -39   -50 10171   360    46     7 -9999 -9999
1956 05 18 00    11     0 10111   140    77     7 -9999 -9999
1956 05 18 06   -28   -78 10155   160    21     1 -9999 -9999
1956 05 18 12     0   -22 10138   160    46     8 -9999 -9999
1956 05 19 00    11     0 10083   150    77     8 -9999 -9999
1956 05 19 06     0   -11 10053   180    21     9 -9999 -9999
1956 05 19 12     0   -11 10042   300    26     8 -9999 -9999
1956 05 19 18   -11   -28 10032   330    41     8 -9999 -9999
1956 05 20 00   -11   -22 10027   340    46     8 -9999 -9999
1956 05 20 12    11     0 10034   340    21     8 -9999 -9999
1956 05 20 18    11   -11 10045     0     0     8 -9999 -9999
1956 05 21 00   -11   -22 10065    10    21     9 -9999 -9999
1956 05 21 12    22    11 10094   340    21     9 -9999 -9999
1956 05 22 00     0   -11 10090    50    26     8 -9999 -9999
1956 05 22 06    28     0 10077   120    41     7 -9999 -9999
1956 05 22 12    50    28 10055   120   113     8 -9999 -9999
1956 05 22 18    61    28 10010   100   129     8 -9999 -9999
1956 05 23 00    50    28 10008   100    93     8 -9999 -9999
1956 05 23 06    22    11 10028   120    82     9 -9999 -9999
1956 05 23 12    50    28 10047   160    51     7 -9999 -9999
1956 05 23 18    28    22 10037     0     0     7 -9999 -9999
1956 05 24 00    22    11 10020     0     0     7 -9999 -9999
1956 05 24 06     0   -11  9999   200    26     9 -9999 -9999
1956 05 24 12    39    28 10008   160    21     9 -9999 -9999
1956 05 25 00    11     0 10026     0     0     9 -9999 -9999
1956 05 25 06     0   -11 10032   340    21     9 -9999 -9999
1956 05 25 12     0   -11 10049   320    26     9 -9999 -9999
1956 05 25 18     0   -11 10051   280    26     8 -9999 -9999
1956 05 26 06     0   -11 10012   200    36     8 -9999 -9999
1956 05 26 12     0   -11 10026   340    21     7 -9999 -9999
1956 05 26 18     0     0 10050   300    31     8 -9999 -9999
1956 05 27 00    11   -11 10047   130    77     7 -9999 -9999
1956 05 27 06    11     0 10004   160   108     8 -9999 -9999
1956 05 27 12    39    22 10008   200    67     3 -9999 -9999
1956 05 28 00    11     0  9868   200   129     7 -9999 -9999
1956 05 28 06   -11   -28  9815   180    57     6 -9999 -9999
1956 05 28 12     0   -28  9823   240    98     6 -9999 -9999
1956 05 28 18     0   -22  9858   270   108     8 -9999 -9999
1956 05 29 00     0   -22  9891   280   113     8 -9999 -9999
1956 05 29 06   -11   -28  9914   280    72     8 -9999 -9999
1956 05 29 12   -11   -39  9964   340    87     8 -9999 -9999
1956 05 29 18   -11   -39 10017   350    93     4 -9999 -9999
1956 05 30 12   -11   -22 10131   340    46     8 -9999 -9999
1956 05 30 18   -11   -28 10128   350    36     8 -9999 -9999
1956 05 31 00   -11   -22 10100   310    21     8 -9999 -9999
1956 05 31 06     0   -39 10051    20    10     8 -9999 -9999
1956 05 31 12    22   -28 10019   340    31     8 -9999 -9999
1956 05 31 18    61    11  9988    80   113     8 -9999 -9999
1956 06 01 00    22     0  9988     0     0     7 -9999 -9999
1956 06 01 06    22     0  9992   200     5     7 -9999 -9999
1956 06 01 12    28     0 -9999 -9999 -9999     7 -9999 -9999
1956 06 01 18    22   -22 10030   330    77     7 -9999 -9999
1956 06 02 00     0   -22 10031    50    41     5 -9999 -9999
1956 06 02 12    39     0 10050    20    51     8 -9999 -9999
1956 06 02 18    28   -11 10074     0     0     7 -9999 -9999
1956 06 03 00   -11   -28 10093   360   113     4 -9999 -9999
1956 06 03 12   -22   -39 10116    20    82     8 -9999 -9999
1956 06 04 00   -22   -50 10127    20    72     8 -9999 -9999
1956 06 04 06   -22   -39 10111    20    93     7 -9999 -9999
1956 06 04 12     0   -50 10131    20    62     5 -9999 -9999
1956 06 05 00   -28   -78 10135   360    57     8 -9999 -9999
1956 06 05 06   -28   -78 10116    20    77     8 -9999 -9999
1956 06 05 12   -11   -50 10115   280    21     6 -9999 -9999
1956 06 05 18   -11   -72 10103   360    98     7 -9999 -9999
1956 06 06 06   -22   -50 10101   360    98     8 -9999 -9999
1956 06 06 12   -22   -28 10118   340    57     7 -9999 -9999
1956 06 06 18    11   -22 10132   360    82     6 -9999 -9999
1956 06 07 00   -22   -61 10155   350    62     7 -9999 -9999
1956 06 07 06   -22   -61 10158    10    57     7 -9999 -9999
1956 06 07 12   -22   -50 10172   360    41     8 -9999 -9999
1956 06 07 18   -22   -39 10179    10    46     8 -9999 -9999
1956 06 08 00   -22   -61 10187   340    36     8 -9999 -9999
1956 06 08 06   -22   -61 10189   320    21     8 -9999 -9999
1956 06 08 12   -11   -61 10184   320    21     8 -9999 -9999
1956 06 08 18     0   -50 10198   170    51     7 -9999 -9999
1956 06 09 00   -11   -50 10208   200    46     8 -9999 -9999
1956 06 09 06     0   -50 10198   180    62     3 -9999 -9999
1956 06 09 12    28   -11 10150   100   139     8 -9999 -9999
1956 06 09 18    28    22 10107   170   123     8 -9999 -9999
1956 06 10 00    39    28 10020   170   180     8 -9999 -9999
1956 06 10 06    39    28 -9999   180    82     8 -9999 -9999
1956 06 11 00    39    22 10077   150    93     2 -9999 -9999
1956 06 11 06     0   -11 10135   260    67     8 -9999 -9999
1956 06 11 12    28     0 10174   260    31     6 -9999 -9999
1956 06 11 18    28    22 10169   170    51     8 -9999 -9999
1956 06 12 06    61    39 10034   100   134     8 -9999 -9999
1956 06 12 18     0   -11 10053   230    82     8 -9999 -9999
1956 06 13 00     0   -11 10098   300    77     8 -9999 -9999
1956 06 13 06   -11   -22 10132   360    82     9 -9999 -9999
1956 06 13 12   -11   -22 10145    20    57     8 -9999 -9999
1956 06 13 18     0   -11 10155    20    41     4 -9999 -9999
1956 06 14 00     0   -28 10157   350    46     5 -9999 -9999
1956 06 14 06   -22   -28 10152    20    57     8 -9999 -9999
1956 06 14 12   -11   -28 10172   360    51     7 -9999 -9999
1956 06 14 18     0   -28 10176   360    51     8 -9999 -9999
1956 06 15 00   -11   -39 10170   150    62     3 -9999 -9999
1956 06 15 06   -11   -39 10138   160   113     5 -9999 -9999
1956 06 15 12    22    11 10121   160    82     7 -9999 -9999
1956 06 15 18    28     0 10107   210    77     8 -9999 -9999
1956 06 16 00    11     0 10118   270    51     8 -9999 -9999
1956 06 16 06    22    11 10143   360    31     9 -9999 -9999
1956 06 16 12    50    28 10153   160    36     8 -9999 -9999
1956 06 16 18    61    28 10155   180    46     7 -9999 -9999
1956 06 17 00    39    22 10165   180    41     7 -9999 -9999
1956 06 17 06    22    11 10170   180    72     7 -9999 -9999
1956 06 17 12    39    28 10179   200    46     7 -9999 -9999
1956 06 17 18    39    28 10181   360    31     8 -9999 -9999
1956 06 18 00    22    11 10173   340    21     8 -9999 -9999
1956 06 18 06    22    11 10150   340    21     8 -9999 -9999
1956 06 18 12    11    11 10128   360    36     9 -9999 -9999
1956 06 18 18     0   -11 10116   360    31     9 -9999 -9999
1956 06 19 00   -11   -22 10103   340    82     8 -9999 -9999
1956 06 19 12    11     0 10084    20    77     8 -9999 -9999
1956 06 19 18    11     0 10090   360   103     8 -9999 -9999
1956 06 20 00     0   -11 10101   360    87     8 -9999 -9999
1956 06 20 06     0   -11 10116   360    77     8 -9999 -9999
1956 06 20 12     0   -11 10129   360    62     9 -9999 -9999
1956 06 20 18    11     0 10138   360    41     8 -9999 -9999
1956 06 21 00   -11   -22 10143   310    31     8 -9999 -9999
1956 06 21 06   -11   -22 10146   320    26     8 -9999 -9999
1956 06 21 12    11     0 10158   240    21     3 -9999 -9999
1956 06 21 18     0   -11 10170   270    15     9 -9999 -9999
1956 06 22 00     0     0 10177   140    57     9 -9999 -9999
1956 06 22 12    61    39 10112   120   118     8 -9999 -9999
1956 06 22 18    50    39 10062   200    57     8 -9999 -9999
1956 06 23 00    28    22 10068   180    98     8 -9999 -9999
1956 06 23 12     0   -11 10051   320    57     8 -9999 -9999
1956 06 23 18    11     0 10091   340    98     9 -9999 -9999
1956 06 24 00     0   -11 10134   310    51     9 -9999 -9999
1956 06 24 06    22    11 10130    20    26     1 -9999 -9999
1956 06 24 12    11     0 10124   320    21     9 -9999 -9999
1956 06 24 18    11     0 10118   330    15     9 -9999 -9999
1956 06 25 00   -11   -22 10113   340    21     9 -9999 -9999
1956 06 25 12    11     0 10133   360    87     8 -9999 -9999
1956 06 26 00    11     0 10163   360   118     8 -9999 -9999
1956 06 26 06     0   -11 10153   360   113     8 -9999 -9999
1956 06 26 18     0   -11 10160    20    87     8 -9999 -9999
1956 06 27 00     0   -11 10168    10    87     8 -9999 -9999
1956 06 27 06   -11   -22 10179   360    77     8 -9999 -9999
1956 06 27 12    11     0 10175    10    77     8 -9999 -9999
1956 06 27 18    11     0 10177   360    93     7 -9999 -9999
1956 06 28 00   -11   -22 10189    10    77     7 -9999 -9999
1956 06 28 06     0   -11 10201   360    62     8 -9999 -9999
1956 06 28 12    11     0 10207   360    62     6 -9999 -9999
1956 06 28 18    22    11 10207   360    51     8 -9999 -9999
1956 06 29 00   -11   -22 10192   330    41     8 -9999 -9999
1956 06 29 06   -11   -22 10175   360    46     9 -9999 -9999
1956 06 29 12    22    11 10155   360    46     6 -9999 -9999
1956 06 29 18    28    22 10140   350    26     3 -9999 -9999
1956 06 30 00     0   -11 -9999   150    77     9 -9999 -9999
1956 06 30 06     0   -11 10146     0     0     9 -9999 -9999
1956 06 30 12    28    22 10150    20    26     7 -9999 -9999
1956 06 30 18    28    11 10150   350    15     7 -9999 -9999
1956 07 01 00    28    22 10156   190    21     8 -9999 -9999
1956 07 01 06    22    11 10155     0     0     7 -9999 -9999
1956 07 01 12    22    11 10160   340    21     9 -9999 -9999
1956 07 01 18    22    11 10160   350    26     8 -9999 -9999
1956 07 02 00    22    11 10164   280    15     8 -9999 -9999
1956 07 02 06    11    11 10166    20    10     8 -9999 -9999
1956 07 02 12    28    22 10182   200    21     8 -9999 -9999
1956 07 02 18    28    22 10197   270    15     8 -9999 -9999
1956 07 03 00    22    11 10204   190    21     8 -9999 -9999
1956 07 03 06    11     0 10201   160    21     8 -9999 -9999
1956 07 03 12    28    11 10192   350    41     5 -9999 -9999
1956 07 03 18    39    11 10164   360    36     8 -9999 -9999
1956 07 04 00    50    22 10122   100    87     8 -9999 -9999
1956 07 04 06    39    22 10084    20    31     8 -9999 -9999
1956 07 05 00    78    72 10077   180    31     8 -9999 -9999
1956 07 05 06    61    50 10087   160    72     8 -9999 -9999
1956 07 05 18    89    78 10112   160    41     8 -9999 -9999
1956 07 06 00    50    39 10105     0     0     9 -9999 -9999
1956 07 06 06    50    39 10068   180    46     8 -9999 -9999
1956 07 06 12    61    50 10031   160    31     7 -9999 -9999
1956 07 07 00    50    39 10018     0     0     9 -9999 -9999
1956 07 07 12    50    39 10007    20    21     7 -9999 -9999
1956 07 08 06    39    28 10129   160    93     8 -9999 -9999
1956 07 08 12    39    28 10167   160    77     9 -9999 -9999
1956 07 08 18    61    50 10184   100    77     7 -9999 -9999
1956 07 09 00    72    61 10195   130    67     8 -9999 -9999
1956 07 09 06    72    50 10192   140    51     8 -9999 -9999
1956 07 09 12    78    39 10176   190    46     1 -9999 -9999
1956 07 09 18    78    61 10174   120    93     7 -9999 -9999
1956 07 10 00    78    39 10134   100   144     8 -9999 -9999
1956 07 10 06    78    39 10067   100   195     8 -9999 -9999
1956 07 10 12    78    72 10014   100   175     7 -9999 -9999
1956 07 11 00    50    39 10057 -9999 -9999     9 -9999 -9999
1956 07 11 06    39    28 10079   140    82     9 -9999 -9999
1956 07 11 12    28    22 10112   160    57     8 -9999 -9999
1956 07 11 18    39    28 10150   180    57     8 -9999 -9999
1956 07 12 00    28    22 10191   290    10     7 -9999 -9999
1956 07 12 12    28    22 10233   140   129     9 -9999 -9999
1956 07 12 18    39    28 10236   130   144     6 -9999 -9999
1956 07 13 00    39    28 10244   140    98     7 -9999 -9999
1956 07 13 06    61    50 10250   130    62     7 -9999 -9999
1956 07 13 12    61    50 10253   160   108     7 -9999 -9999
1956 07 14 00    50    28 10253   130   108     8 -9999 -9999
1956 07 14 06    39    28 10254   160    93     8 -9999 -9999
1956 07 14 12    50    39 10256   180    82     8 -9999 -9999
1956 07 14 18    39    28 10257   170    72     8 -9999 -9999
1956 07 15 00    50    39 10256   100    31     5 -9999 -9999
1956 07 15 12    61    22 10235   110    67     7 -9999 -9999
1956 07 15 18    39    28 10212   180    51     9 -9999 -9999
1956 07 16 00    39    39 10206   110    41     9 -9999 -9999
1956 07 16 06    39    28 10198   160    62     8 -9999 -9999
1956 07 16 12    50    39 10209   180    57     7 -9999 -9999
1956 07 16 18    50    28 10212   160    41     8 -9999 -9999
1956 07 17 12    50    39 10220   180    72     6 -9999 -9999
1956 07 18 12    50    39 10220   160     5     6 -9999 -9999
1956 07 18 18    50    28 10205   140    93     7 -9999 -9999
1956 07 19 06    39    28 10222   180    67     8 -9999 -9999
1956 07 19 12    28    22 10175   260    26     9 -9999 -9999
1956 07 19 18    28    22 10173   270    15     9 -9999 -9999
1956 07 20 06    22    11 10149   160    62     9 -9999 -9999
1956 07 20 12    50    39 10131   180    62     7 -9999 -9999
1956 07 20 18    50    28 10122   340    15     8 -9999 -9999
1956 07 21 06    50    39 10089   340    15     8 -9999 -9999
1956 07 21 12    50    39 10082   320    10     7 -9999 -9999
1956 07 21 18    61    50 10068   160    41     8 -9999 -9999
1956 07 23 06    72    61 10066   120    82     7 -9999 -9999
1956 07 23 12    61    50 10070   140   103     8 -9999 -9999
1956 07 23 18    78    61 10077   120    36     7 -9999 -9999
1956 07 24 06    50    39 10111   140    36     8 -9999 -9999
1956 07 24 12    78    61 10126   160    26     6 -9999 -9999
1956 07 24 18    89    72 10129   100    67     7 -9999 -9999
1956 07 25 12    72    39 10075     0     0     6 -9999 -9999
1956 07 25 18    50    28 10070   240    31     9 -9999 -9999
1956 07 26 00    50    28 10194   360    46     7 -9999 -9999
1956 07 26 12    50    39 10112   300    31     9 -9999 -9999
1956 07 26 18    50    39 10116   340    87     7 -9999 -9999
1956 07 27 06    28    22 10121   340    77     7 -9999 -9999
1956 07 27 12    28    28 10119   320    62     9 -9999 -9999
1956 07 27 18    50    28 10112   340    67     9 -9999 -9999
1956 07 28 06    39    22 10077    90    15     8 -9999 -9999
1956 07 28 12    61    50 10051   340    41     8 -9999 -9999
1956 07 29 06    72    61  9996   200    15     8 -9999 -9999
1956 07 29 12    72    61 10008   200     5     8 -9999 -9999
1956 07 29 18    50    39 10019   260    21     7 -9999 -9999
1956 07 30 18    72    61 10110   180    15     8 -9999 -9999
1956 07 31 00    50    39 10112     0     0     9 -9999 -9999
1956 07 31 06    61    50 10105   180    15     8 -9999 -9999
1956 07 31 12    50    39 10103   200    15     8 -9999 -9999
1956 07 31 18    50    39 10098   200    15     8 -9999 -9999
1956 08 01 12    50    39 10073   320    15     9 -9999 -9999
1956 08 01 18    39    28 10064   240    36     9 -9999 -9999
1956 08 02 00    61    50 10070   210     5     8 -9999 -9999
1956 08 02 06    61    50 10025   160    26     5 -9999 -9999
1956 08 02 18    78    39 10138   190    31     3 -9999 -9999
1956 08 03 00    50    22 10144     0     0     2 -9999 -9999
1956 08 03 06    50    28 10157   300    26     3 -9999 -9999
1956 08 03 12    39    28 10181   340    26     8 -9999 -9999
1956 08 03 18    22    11 10202   350    31     9 -9999 -9999
1956 08 04 00    11     0 10177     0     0     9 -9999 -9999
1956 08 04 06    22    11 10184   240    15     8 -9999 -9999
1956 08 04 12    39    28 10192   340    67     8 -9999 -9999
1956 08 04 18    39    28 10193   360   118     7 -9999 -9999
1956 08 05 06    61    22 10192   360    82     6 -9999 -9999
1956 08 05 12    50    28 10203   340    67     6 -9999 -9999
1956 08 06 00    22    11 10204   160    57     9 -9999 -9999
1956 08 06 06    22    11 10202   310    57     8 -9999 -9999
1956 08 06 12    22    11 10204   310    51     7 -9999 -9999
1956 08 06 18    22    11 10196   300    21     9 -9999 -9999
1956 08 07 00    22    11 10186   180    36     9 -9999 -9999
1956 08 07 06    22    11 10168   180    10     9 -9999 -9999
1956 08 07 12    28    22 10166   340    72     0 -9999 -9999
1956 08 07 18    28    22 10162   130    77     6 -9999 -9999
1956 08 08 06    28    22 10163   140    41     8 -9999 -9999
1956 08 08 12    50    28 10168   140    46     8 -9999 -9999
1956 08 09 00    50    39 10172   130    67     8 -9999 -9999
1956 08 09 06    50    39 10162   120    15     8 -9999 -9999
1956 08 09 18    39    28 10138   260    26     9 -9999 -9999
1956 08 10 00    22    11 10112     0     0     9 -9999 -9999
1956 08 10 12    50    39 10120   320    21     8 -9999 -9999
1956 08 10 18    39    28 10109   330    26     8 -9999 -9999
1956 08 11 00    28    22 10103   360     5     8 -9999 -9999
1956 08 11 06    28    22 10087   360    21     6 -9999 -9999
1956 08 11 18    89    72 10038    90    98     8 -9999 -9999
1956 08 12 00   100    78 10041    90    82     8 -9999 -9999
1956 08 12 18   150    50 10073    90   134     7 -9999 -9999
1956 08 13 06   128    50 10109    80   123     3 -9999 -9999
1956 08 13 12    89    39 10139 -9999 -9999     6 -9999 -9999
1956 08 14 00    50    28 10181   360    31     8 -9999 -9999
1956 08 14 06    39    22 10182     0     0     8 -9999 -9999
1956 08 14 12    50    28 10169   340    46     8 -9999 -9999
1956 08 14 18    39    39 10161   340    67     7 -9999 -9999
1956 08 15 00    28    22 10156   330    36     9 -9999 -9999
1956 08 15 06    28    22 10154   340    36     9 -9999 -9999
1956 08 15 12    39    28 10162   320    46     8 -9999 -9999
1956 08 15 18    39    39 10171   320    36     4 -9999 -9999
1956 08 16 00    22    11 10178   330    15     9 -9999 -9999
1956 08 16 06    11     0 10179   340    15     9 -9999 -9999
1956 08 16 12    22    11 10186   340    41     8 -9999 -9999
1956 08 16 18    22    22 10186   350    51     8 -9999 -9999
1956 08 17 00    22    11 10190   360    10     8 -9999 -9999
1956 08 17 06    22    11 10182   120    26     8 -9999 -9999
1956 08 17 12    28    11 10182   340    57     8 -9999 -9999
1956 08 17 18    28    11 10176   360    72     8 -9999 -9999
1956 08 18 06    11   -11 10164   360    46     6 -9999 -9999
1956 08 18 12    28     0 10162   360    57     5 -9999 -9999
1956 08 18 18    39     0 10161   270    21     7 -9999 -9999
1956 08 19 00    28     0 10153   360    36     6 -9999 -9999
1956 08 19 06    28     0 10148   100    15     5 -9999 -9999
1956 08 19 12    39   -11 10155   240    36     6 -9999 -9999
1956 08 19 18    39    11 10158   350    72     7 -9999 -9999
1956 08 20 00    39     0 10161   340    41     6 -9999 -9999
1956 08 20 06    22    11 10162   360    26     8 -9999 -9999
1956 08 20 12    39   -11 10167   240    31     6 -9999 -9999
1956 08 20 18    28     0 10173   330    10     8 -9999 -9999
1956 08 21 00    22     0 10164   100    41     6 -9999 -9999
1956 08 21 12    50    28 10133   120    57     7 -9999 -9999
1956 08 22 00    39    28 10119   160    10     8 -9999 -9999
1956 08 22 12    22   -11 10126   300    15     7 -9999 -9999
1956 08 22 18    28   -11 10127   290    15     8 -9999 -9999
1956 08 23 06    28     0 10123   120    57     8 -9999 -9999
1956 08 23 12    50    28 10124   120    62     8 -9999 -9999
1956 08 23 18    28    28 10125   260    31     9 -9999 -9999
1956 08 24 00    22     0 10120   300    57     8 -9999 -9999
1956 08 24 06    22    11 10114   320    62     7 -9999 -9999
1956 08 24 12    11   -11 10118   280    31     7 -9999 -9999
1956 08 24 18    28     0 10132   310    31     2 -9999 -9999
1956 08 25 00    11   -11 10148   360    15     4 -9999 -9999
1956 08 25 06    22     0 10149   320    46     7 -9999 -9999
1956 08 25 12    28     0 10149   340    77     3 -9999 -9999
1956 08 25 18    28     0 10148   340    67     5 -9999 -9999
1956 08 26 00    22    11 10153   360    51     6 -9999 -9999
1956 08 26 06    22     0 10125   340    31     6 -9999 -9999
1956 08 26 12    39    11 10157   340    46     6 -9999 -9999
1956 08 26 18    39    22 10161   330    67     6 -9999 -9999
1956 08 27 00    28    22 10170   350    51     7 -9999 -9999
1956 08 27 06    11   -22 10174   340    51     3 -9999 -9999
1956 08 27 12    28   -11 10188   320    41     1 -9999 -9999
1956 08 27 18    39   -11 10192   290    36     0 -9999 -9999
1956 08 28 00    22     0 10186     0     0     5 -9999 -9999
1956 08 28 06    22   -11 10159   340    10     5 -9999 -9999
1956 08 28 12    39    22 10168   270    31     2 -9999 -9999
1956 08 28 18    50    22 10167   290    15     3 -9999 -9999
1956 08 29 00    22   -11 10165   360    26     2 -9999 -9999
1956 08 29 06    28    11 10157   280    21     3 -9999 -9999
1956 08 29 12    22    11 10165   300    31     8 -9999 -9999
1956 08 29 18    39    11 10170   310    10     1 -9999 -9999
1956 08 30 00    39 -9999 10171   290    21     3 -9999 -9999
1956 08 30 06    50    39 10168   360    10     8 -9999 -9999
1956 08 30 12    50    22 10162   280    36     6 -9999 -9999
1956 08 30 18    50    28 10129   190    72     8 -9999 -9999
1956 08 31 00    50    11 10116   250    46     8 -9999 -9999
1956 08 31 06    11 -9999 10104   300    36     8 -9999 -9999
1956 08 31 12    11     0 10105   340    41     8 -9999 -9999
1956 08 31 18    28    22 10083   180    72     5 -9999 -9999
1956 09 01 00    28    22 10044   130    51     7 -9999 -9999
1956 09 01 12    39    28 10039   260    67     8 -9999 -9999
1956 09 01 18    22   -11 10119   320    87     7 -9999 -9999
1956 09 02 00    22   -28 10158   310    51     6 -9999 -9999
1956 09 02 06    22   -22 10174   270    31     7 -9999 -9999
1956 09 02 12    39   -11 10200   280    31     1 -9999 -9999
1956 09 02 18    61   -22 10219   300    15     1 -9999 -9999
1956 09 03 00    39  -100 10211   130    82     2 -9999 -9999
1956 09 03 06    50    39 10153   140    72     9 -9999 -9999
1956 09 03 12    39    28 10119   280    57     8 -9999 -9999
1956 09 03 18    22    11 10123   310    46     8 -9999 -9999
1956 09 04 00    22    11 10147   330    51     8 -9999 -9999
1956 09 04 06    22     0 10170   200    21     6 -9999 -9999
1956 09 04 12    39     0 10207   180    46     5 -9999 -9999
1956 09 04 18    22   -11 10197   130    51     7 -9999 -9999
1956 09 05 00    39     0 10149   120    72     8 -9999 -9999
1956 09 05 06    22    11 10102   240    57     8 -9999 -9999
1956 09 05 12    28    28 10100   270    51     9 -9999 -9999
1956 09 05 18    11     0 10103   290    41     8 -9999 -9999
1956 09 06 00    11   -11 10114   300    41     8 -9999 -9999
1956 09 06 06    11   -11 10126   360    26     8 -9999 -9999
1956 09 06 12    11   -22 10138   280    31     7 -9999 -9999
1956 09 06 18    22   -11 10155   340    21     7 -9999 -9999
1956 09 07 00    11   -11 10162   120    15     8 -9999 -9999
1956 09 07 06     0   -11 10164    90    36     8 -9999 -9999
1956 09 07 18    61    39 10169    90    31     6 -9999 -9999
1956 09 08 00    11    11 10174    90    41     8 -9999 -9999
1956 09 08 06    61    39 10169    80    51     8 -9999 -9999
1956 09 08 12    72    50 10167   120    36     8 -9999 -9999
1956 09 08 18    61    39 10152     0     0     8 -9999 -9999
1956 09 09 00    50    39 10133     0     0     7 -9999 -9999
1956 09 09 06    22    22 10113     0     0     9 -9999 -9999
1956 09 09 12    28    22 10103     0     0     9 -9999 -9999
1956 09 09 18    39    39 10086    40    36     0 -9999 -9999
1956 09 10 00    22    11 10064   300    10     1 -9999 -9999
1956 09 10 06    50    28 10031   120    57     7 -9999 -9999
1956 09 10 12    50    50 -9999   120    93     8 -9999 -9999
1956 09 11 06    61    39  9895   360    15     8 -9999 -9999
1956 09 11 12    39    39  9870   340    36     9 -9999 -9999
1956 09 11 18    39    39  9840   260    10     8 -9999 -9999
1956 09 12 00    39    39  9808   270    15     8 -9999 -9999
1956 09 12 06    22    11  9812   150   134     8 -9999 -9999
1956 09 12 12    50    11  9895   120   113     7 -9999 -9999
1956 09 12 18    50    11  9947   100    77     7 -9999 -9999
1956 09 13 12    50    28  9938   120    82     7 -9999 -9999
1956 09 13 18    39    28  9945   140   113     8 -9999 -9999
1956 09 14 12    22    11  9956   260    67     8 -9999 -9999
1956 09 14 18    22    22  9980   270    77     8 -9999 -9999
1956 09 15 00    11     0 10011   170    51     8 -9999 -9999
1956 09 15 06    11     0 10032   270    51     8 -9999 -9999
1956 09 15 12    11     0 10065   340    57     7 -9999 -9999
1956 09 15 18    11   -22 10091   290    31     7 -9999 -9999
1956 09 16 00    22     0 10105   260    51     3 -9999 -9999
1956 09 16 06    22   -11 10085   260    31     3 -9999 -9999
1956 09 16 12    39    11 10079   280    26     6 -9999 -9999
1956 09 16 18    39    11 10094   250    15     6 -9999 -9999
1956 09 17 00    22     0 10107   270    36     8 -9999 -9999
1956 09 17 06    11   -11 10100   250    15     7 -9999 -9999
1956 09 17 12    39    28 10078   200     5     8 -9999 -9999
1956 09 17 18    28    22 10118   310    82     7 -9999 -9999
1956 09 18 00    22   -28 10163   310    57     1 -9999 -9999
1956 09 18 06    22   -39 10185   280    57     4 -9999 -9999
1956 09 18 12    28   -22 10196   320    41     5 -9999 -9999
1956 09 18 18    28   -22 10194   300    31     6 -9999 -9999
1956 09 19 00    11   -61 10194    10    15     6 -9999 -9999
1956 09 19 06    11     0 10170    50    31     8 -9999 -9999
1956 09 19 12     0     0 10134    20    15     8 -9999 -9999
1956 09 19 18     0   -11 10134   360   129     7 -9999 -9999
1956 09 20 00     0   -50 10180   320   103     6 -9999 -9999
1956 09 20 06     0   -39 10216   240   113     8 -9999 -9999
1956 09 20 12     0   -39 10253   340    87     7 -9999 -9999
1956 09 20 18     0   -50 10260   340    77     7 -9999 -9999
1956 09 21 00   -11   -50 10273    20    51     8 -9999 -9999
1956 09 21 06   -11   -61 10266    30    62     8 -9999 -9999
1956 09 21 12    11   -50 10272    80    77     7 -9999 -9999
1956 09 22 00    28   -28 10225    60   134     8 -9999 -9999
1956 09 22 12    61    39 10146   100   201     8 -9999 -9999
1956 09 22 18    72    61 10102   110   139     8 -9999 -9999
1956 09 23 00    72    50 10082   140    87     8 -9999 -9999
1956 09 23 06    61    50 10033   120    98     9 -9999 -9999
1956 09 23 12     0   -39 10082   240   149     6 -9999 -9999
1956 09 23 18    11   -39 10131   260   103     7 -9999 -9999
1956 09 24 06     0   -50 10158   340    51     7 -9999 -9999
1956 09 24 12     0   -50 10163   340    36     8 -9999 -9999
1956 09 24 18     0   -50 10159   120    31     4 -9999 -9999
1956 09 25 00    11   -22 10150   120    51     8 -9999 -9999
1956 09 25 06    11   -11 10146   270    26     8 -9999 -9999
1956 09 25 12    11   -11 10168   360    46     6 -9999 -9999
1956 09 25 18   -22   -72 10192   360   103     7 -9999 -9999
1956 09 26 00   -28   -89 10204   360    72     3 -9999 -9999
1956 09 26 12   -11   -78 10184    20    87     7 -9999 -9999
1956 09 26 18   -11   -61 10154   360    57     7 -9999 -9999
1956 09 27 00     0   -50 10120   360    31     8 -9999 -9999
1956 09 27 06     0   -39 10078   220    62     8 -9999 -9999
1956 09 27 12    11   -28 10049   140    26     8 -9999 -9999
1956 09 27 18    22   -39  9984   260    98     8 -9999 -9999
1956 09 28 00    22   -28  9970   290    51     8 -9999 -9999
1956 09 28 06    11   -39  9955   210    57     8 -9999 -9999
1956 09 28 12    22   -39  9958   360    62     7 -9999 -9999
1956 09 28 18     0   -28  9966   360    77     8 -9999 -9999
1956 09 29 00   -22   -61  9977   360   123     5 -9999 -9999
1956 09 29 06   -22   -72  9998   360   129     6 -9999 -9999
1956 09 29 12   -39  -100 10026   360   103     7 -9999 -9999
1956 09 29 18   -22   -22 10035   360    87     7 -9999 -9999
1956 09 30 00   -22   -72 10070   360   103     7 -9999 -9999
1956 09 30 12   -28   -89 10120   340    41     7 -9999 -9999
1956 09 30 18   -22   -61 10122   360    36     5 -9999 -9999
1956 10 01 00   -22   -50 10115   320    41     7 -9999 -9999
1956 10 01 06   -50   -50 10085    20    26     3 -9999 -9999
1956 10 01 12   -22   -61 10062   140    72     6 -9999 -9999
1956 10 01 18   -11   -28 10029   190    46     8 -9999 -9999
1956 10 02 00     0   -39 10016   150    57     8 -9999 -9999
1956 10 02 06    11   -11  9990   120    62     8 -9999 -9999
1956 10 02 12    22   -28  9984   120    62     5 -9999 -9999
1956 10 02 18    11   -39  9962 -9999 -9999 -9999 -9999 -9999
1956 10 03 00     0   -11  9959   360    36     8 -9999 -9999
1956 10 03 18    72    22 10012    50   129     8 -9999 -9999
1956 10 04 00    50    11 10078    80    72     8 -9999 -9999
1956 10 04 06    28     0 10124    20    41     7 -9999 -9999
1956 10 04 18   -11   -50 10210   360   108     7 -9999 -9999
1956 10 05 00   -11   -72 10223   350   123     8 -9999 -9999
1956 10 05 06   -22   -89 10219   320    87     7 -9999 -9999
1956 10 05 12   -28   -89 10218   320    51     3 -9999 -9999
1956 10 05 18   -28   -89 10197    70    31     2 -9999 -9999
1956 10 06 00   -22   -78 10161   110    57     8 -9999 -9999
1956 10 06 06 -9999 -9999 10119    60   118     7 -9999 -9999
1956 10 06 12    22   -22 10138   320    26     5 -9999 -9999
1956 10 07 12   -11   -28 10133   360    46     7 -9999 -9999
1956 10 07 18   -22   -61 10148   360    62     8 -9999 -9999
1956 10 08 00   -28   -61 10161   360    67     4 -9999 -9999
1956 10 08 06   -39   -89 10159   340    57     5 -9999 -9999
1956 10 08 12   -39   -89 10157   340    26     8 -9999 -9999
1956 10 08 18     0   -28 10130   110    98     8 -9999 -9999
1956 10 09 00    22    11 10066   110   144     8 -9999 -9999
1956 10 09 06    39    28  9981    90   118     8 -9999 -9999
1956 10 09 12    11    11  9977   180    77     8 -9999 -9999
1956 10 09 18   -11   -22  9995   240    87     8 -9999 -9999
1956 10 10 00   -11   -22 10001   260    62     8 -9999 -9999
1956 10 10 06     0   -11  9975   120    72     8 -9999 -9999
1956 10 10 12    39    28  9917   100    62     8 -9999 -9999
1956 10 11 00    22    22  9857   320    62     8 -9999 -9999
1956 10 11 06     0   -11  9902   320   103     8 -9999 -9999
1956 10 11 12     0   -11  9930   320    57     9 -9999 -9999
1956 10 12 00   -22   -28  9874   360   123     8 -9999 -9999
1956 10 12 12   -22   -28  9911   340   159     9 -9999 -9999
1956 10 12 18   -22   -28  9847   360   165     8 -9999 -9999
1956 10 13 18   -11   -22 -9999   330    93     8 -9999 -9999
1956 10 14 00   -22   -28 10136   320    72     7 -9999 -9999
1956 10 14 06   -39   -61 10132    30    41     5 -9999 -9999
1956 10 14 12   -22   -50 10170   100    31     6 -9999 -9999
1956 10 14 18     0   -39 10163   110    51     8 -9999 -9999
1956 10 15 00   -22   -61 10129    90   134     8 -9999 -9999
1956 10 15 06    39    11 10055    80   216     8 -9999 -9999
1956 10 15 12    72    50 10022   100   144     8 -9999 -9999
1956 10 15 18    39    28  9980   120   103     8 -9999 -9999
1956 10 16 00    22    11  9995 -9999 -9999 -9999 -9999 -9999
1956 10 16 06     0   -11  9990   120    51     8 -9999 -9999
1956 10 16 12    11     0  9964   140    82     7 -9999 -9999
1956 10 16 18    39    28  9914   130    72     9 -9999 -9999
1956 10 17 00    11     0  9900   120   108     9 -9999 -9999
1956 10 17 06   -11   -22  9940     0     0     8 -9999 -9999
1956 10 17 12   -22   -28  9934     0     0     8 -9999 -9999
1956 10 17 18   -11   -22  9849     0     0     8 -9999 -9999
1956 10 18 00     0   -11  9749   350   175     9 -9999 -9999
1956 10 18 06    11     0  9671   360   185     8 -9999 -9999
1956 10 18 12    11     0  9667   360   195     8 -9999 -9999
1956 10 18 18     0   -11  9716   360   139     8 -9999 -9999
1956 10 19 00     0   -11  9763   350   175     9 -9999 -9999
1956 10 19 06   -22   -50  9833   360   190     8 -9999 -9999
1956 10 19 12   -22   -28  9910   340   139     8 -9999 -9999
1956 10 19 18   -28   -61  9968   310   123     8 -9999 -9999
1956 10 20 00   -28   -72 10019   320    82     7 -9999 -9999
1956 10 20 06   -39   -61 10023   360    26     8 -9999 -9999
1956 10 20 18    11     0  9892    90   190     8 -9999 -9999
1956 10 21 00    28 -9999  9774    90   247     8 -9999 -9999
1956 10 21 06    39    11  9711    80   247     8 -9999 -9999
1956 10 21 12    28    11  9737   140    62     6 -9999 -9999
1956 10 22 00     0   -11  9795   130    57     8 -9999 -9999
1956 10 22 06     0   -22  9814   240    62     8 -9999 -9999
1956 10 22 18   -11   -28  9863   180    87     8 -9999 -9999
1956 10 23 00   -11   -22  9887   190   103     9 -9999 -9999
1956 10 23 06   -11   -50  9908   200    72     8 -9999 -9999
1956 10 23 12     0   -50  9924   240    57     5 -9999 -9999
1956 10 23 18    11   -28  9920   310    21     6 -9999 -9999
1956 10 24 00     0   -39  9899    80    26     2 -9999 -9999
1956 10 24 06     0     0  9870   340   149     8 -9999 -9999
1956 10 24 12     0   -11  9823   360   221     9 -9999 -9999
1956 10 24 18    28     0  9870   130   108     6 -9999 -9999
1956 10 25 00    28   -11  9925   100    31     1 -9999 -9999
1956 10 25 06    28   -11  9957   360   103     8 -9999 -9999
1956 10 25 12    28    22 10002   240    51     6 -9999 -9999
1956 10 25 18    11     0 10058     0     0     7 -9999 -9999
1956 10 26 06   -11   -22 10051     0     0     8 -9999 -9999
1956 10 26 12    11     0 10046   240   113     9 -9999 -9999
1956 10 26 18    28    22  9949   120   195     8 -9999 -9999
1956 10 27 00    50    39  9848   130   123     8 -9999 -9999
1956 10 27 06    39    28  9771   200   201     8 -9999 -9999
1956 10 27 12    28     0  9803   200   149     7 -9999 -9999
1956 10 27 18    22   -22  9829   140   113     8 -9999 -9999
1956 10 28 00    11   -22  9845   250    10     1 -9999 -9999
1956 10 28 06   -28   -39  9946   360   175     9 -9999 -9999
1956 10 28 12   -50   -61  9944   340   175     8 -9999 -9999
1956 10 28 18   -61  -100 10034   290   154     8 -9999 -9999
1956 10 29 00   -61  -111 10110   260    51     7 -9999 -9999
1956 10 29 12   -11   -22 10142   180   113     8 -9999 -9999
1956 10 29 18    11     0 10135   250    93     8 -9999 -9999
1956 10 30 00   -22   -72 10178   290    46     0 -9999 -9999
1956 10 30 06   -28   -72 10197    80    15     3 -9999 -9999
1956 10 30 12    11   -22 10197   200    57     8 -9999 -9999
1956 10 30 18    11     0 10186    40    10     8 -9999 -9999
1956 10 31 00     0   -11 10210   310    67     8 -9999 -9999
1956 10 31 06   -22   -61 10248   300    15     8 -9999 -9999
1956 10 31 12   -22   -72 10277   120    36     6 -9999 -9999
1956 10 31 18   -22   -78 10266   110    77     7 -9999 -9999
1956 11 01 00    11   -22 10238   100   103     2 -9999 -9999
1956 11 01 06    22    11 10195   120    46     6 -9999 -9999
1956 11 01 12   -11   -11 10188     0     0     8 -9999 -9999
1956 11 01 18   -22   -22 10189     0     0     9 -9999 -9999
1956 11 02 00   -22   -22 10183     0     0     9 -9999 -9999
1956 11 02 06   -28   -39 10177   340    26     9 -9999 -9999
1956 11 02 12 -9999 -9999 -9999   340    62     7 -9999 -9999
1956 11 02 18   -39   -50 10184   320    77     8 -9999 -9999
1956 11 03 06   -28   -50 10173   320    82     8 -9999 -9999
1956 11 03 12   -22   -61 10193   350    72     7 -9999 -9999
1956 11 03 18   -50   -89 10183   340   103     8 -9999 -9999
1956 11 04 00   -61  -111 10160   350   108     6 -9999 -9999
1956 11 04 06   -61  -100 10140   350   129     8 -9999 -9999
1956 11 04 12   -61  -111 10135   350   185     7 -9999 -9999
1956 11 04 18   -72  -100 10153   360   159     8 -9999 -9999
1956 11 05 00   -72  -111 10175   350   103     8 -9999 -9999
1956 11 05 06   -72  -122 10177   320    72     8 -9999 -9999
1956 11 05 12   -72  -122 10161   240    31     8 -9999 -9999
1956 11 05 18   -61  -111 10140   100    21     8 -9999 -9999
1956 11 06 00   -50   -89 10133    80    46     6 -9999 -9999
1956 11 06 06   -28   -50 10095    90   123     8 -9999 -9999
1956 11 06 12   -11   -28 10067   120    87     8 -9999 -9999
1956 11 07 00    28    22 10008   110   144     8 -9999 -9999
1956 11 07 06    50    28  9933   120   123     8 -9999 -9999
1956 11 07 18    39    22  9882   120   118     9 -9999 -9999
1956 11 08 00    28    22  9885   100    21     9 -9999 -9999
1956 11 08 06    22    11  9893   140   123     3 -9999 -9999
1956 11 08 18    50    39  9862   110   139     8 -9999 -9999
1956 11 09 00    50    39  9844 -9999 -9999     9 -9999 -9999
1956 11 09 06    61    50  9837   120   113     8 -9999 -9999
1956 11 09 12    61    39  9827   120   103     8 -9999 -9999
1956 11 09 18    50    28  9860    80    87     9 -9999 -9999
1956 11 10 00    50    39  9883 -9999 -9999     9 -9999 -9999
1956 11 10 06    50    28  9904   120   139     8 -9999 -9999
1956 11 10 12    61    39 -9999   120   118     8 -9999 -9999
1956 11 10 18    61    39  9948   130   108     8 -9999 -9999
1956 11 11 00    50    28  9947   130   103     8 -9999 -9999
1956 11 11 12    50    39  9972   120    26     9 -9999 -9999
1956 11 12 00    50     0 10144   100    26     0 -9999 -9999
1956 11 12 12   -22   -28 10069   320    26     8 -9999 -9999
1956 11 13 12     0   -11  9881   260    36     8 -9999 -9999
1956 11 14 12   -39   -78  9884   260    77     6 -9999 -9999
1956 11 14 18   -39  -111  9879   240    62     5 -9999 -9999
1956 11 15 12   -39   -89  9946   300   123     8 -9999 -9999
1956 11 16 00   -28   -78 10041   290    57     6 -9999 -9999
1956 11 16 12   -39  -111 10091   320    57     3 -9999 -9999
1956 11 17 12    11   -22 10105   120   129     8 -9999 -9999
1956 11 18 00    28    22 10080   130   103     8 -9999 -9999
1956 11 18 12   -11   -28 10031    40    21     8 -9999 -9999
1956 11 19 00    39    28  9918   120   103     8 -9999 -9999
1956 11 19 12    28     0  9913   150   108     8 -9999 -9999
1956 11 20 12    39    28  9948   150   165     8 -9999 -9999
1956 11 21 06    11    11 10056    20   165     7 -9999 -9999
1956 11 21 12    50    28 10032   120   159     8 -9999 -9999
1956 11 21 18    50    28 10013   120   180     8 -9999 -9999
1956 11 22 00    50    28  9989   150    93     8 -9999 -9999
1956 11 22 06    39    28  9991   150   134     9 -9999 -9999
1956 11 22 12   -11 -9999 10088   240    67     6 -9999 -9999
1956 11 23 00    11   -11 10123   140    87     6 -9999 -9999
1956 11 23 06    22    11 10112   140   123     8 -9999 -9999
1956 11 23 12    28    11 10093   140   103     8 -9999 -9999
1956 11 23 18     0   -11 10056   180    72     6 -9999 -9999
1956 11 24 00     0   -39  9988   150    82     5 -9999 -9999
1956 11 24 06    11     0  9808   120   123     8 -9999 -9999
1956 11 24 12    28    22  9620   120   139     8 -9999 -9999
1956 11 24 18    11    11  9629   140    77     8 -9999 -9999
1956 11 25 06   -11   -22  9607    30    21     8 -9999 -9999
1956 11 25 18   -39   -50  9708   290   144     9 -9999 -9999
1956 11 26 00   -39   -50  9736   270    93     8 -9999 -9999
1956 11 26 06   -39   -50  9723   260    57     8 -9999 -9999
1956 11 26 12   -39   -61  9725    90    21     8 -9999 -9999
1956 11 26 18   -28   -78  9770    70    72     8 -9999 -9999
1956 11 27 00   -28  -100  9829    70    51     3 -9999 -9999
1956 11 27 06   -11   -61  9868   160    36     8 -9999 -9999
1956 11 27 12     0   -50  9908   240    41     8 -9999 -9999
1956 11 27 18   -22   -61  9956    30   175     4 -9999 -9999
1956 11 28 00   -22   -61  9999   360   113     7 -9999 -9999
1956 11 28 06   -22   -61 10012   360   123     7 -9999 -9999
1956 11 28 12   -28   -78 10022   350   123     8 -9999 -9999
1956 11 28 18   -50   -72 10022   310   129     6 -9999 -9999
1956 11 29 00   -39   -78 10040   290   144     7 -9999 -9999
1956 11 29 06   -28   -50 10064   320   149     8 -9999 -9999
1956 11 29 12   -22   -39 10097   340   123     8 -9999 -9999
1956 11 30 00   -22   -39 10074   120    51     8 -9999 -9999
1956 11 30 12   -11   -22  9853   120   190     8 -9999 -9999
1956 11 30 18    11     0  9786   130   134     8 -9999 -9999
1956 12 01 00   -22   -28  9781   280    98     9 -9999 -9999
1956 12 01 06   -22   -50  9785     0     0     6 -9999 -9999
1956 12 01 12   -22   -78  9800   100    67     3 -9999 -9999
1956 12 01 18   -11   -72  9803   110    77     4 -9999 -9999
1956 12 02 00   -28   -72  9828   100    41     2 -9999 -9999
1956 12 02 06   -28  -122  9869    60    41     1 -9999 -9999
1956 12 02 12   -11   -28  9923   340   103     6 -9999 -9999
1956 12 02 18   -11   -50 10011   360   113     8 -9999 -9999
1956 12 03 00   -11   -50 10073   330   108     6 -9999 -9999
1956 12 03 06   -11   -50 10105   300    67     5 -9999 -9999
1956 12 03 12   -39   -72 10108    10    46     6 -9999 -9999
1956 12 03 18   -50   -89 10085    40    36     5 -9999 -9999
1956 12 04 00   -39   -89 10054    50    15     5 -9999 -9999
1956 12 04 06   -28   -89 10006   240    26     8 -9999 -9999
1956 12 04 12   -50  -100  9991   360   113     6 -9999 -9999
1956 12 04 18   -28   -72 10011   360   123     5 -9999 -9999
1956 12 05 00   -39   -78 10062   330   144     7 -9999 -9999
1956 12 05 12   -50   -72 10088   300   103     8 -9999 -9999
1956 12 05 18   -22   -28 10065   290   123     8 -9999 -9999
1956 12 06 00   -22   -39 10097   320   149     8 -9999 -9999
1956 12 06 06   -28   -61 10109   320   134     8 -9999 -9999
1956 12 07 00   -22   -28 10175   340    87     8 -9999 -9999
1956 12 07 06   -22   -28 10185   340    72     6 -9999 -9999
1956 12 07 12   -11   -61 10167    90   113     5 -9999 -9999
1956 12 07 18    22   -28 10101    90    26     8 -9999 -9999
1956 12 08 00    11     0  9948   100   201     8 -9999 -9999
1956 12 08 06   -22   -61 10002   120    31     8 -9999 -9999
1956 12 08 12     0   -11  9901   160    62     8 -9999 -9999
1956 12 08 18   -28   -50  9932   280    57     6 -9999 -9999
1956 12 09 00   -22   -61  9981   280    36     8 -9999 -9999
1956 12 09 12     0   -28 10005   100    41     4 -9999 -9999
1956 12 09 18    22   -22  9986   100    62     6 -9999 -9999
1956 12 10 00    28    22  9967    90    77     8 -9999 -9999
1956 12 10 06    28    22  9936   100    62     8 -9999 -9999
1956 12 10 12    28     0  9905    90   113     5 -9999 -9999
1956 12 10 18    39    22  9840    60   108     8 -9999 -9999
1956 12 11 00    22   -11  9801    50   139     8 -9999 -9999
1956 12 11 06    11   -11  9802   120    93     6 -9999 -9999
1956 12 11 12    11   -39  9834   120    41     1 -9999 -9999
1956 12 11 18    11   -39  9840    80    62     3 -9999 -9999
1956 12 12 00    11   -22  9827    90    72     8 -9999 -9999
1956 12 12 06     0   -39  9841     0     0     8 -9999 -9999
1956 12 12 12   -22   -50  9867     0     0     2 -9999 -9999
1956 12 12 18   -28   -61  9871     0     0     1 -9999 -9999
1956 12 13 00   -22   -50  9860     0     0     0 -9999 -9999
1956 12 13 06   -11   -39  9833 -9999 -9999     2 -9999 -9999
1956 12 13 12   -11   -78  9816   340    26     5 -9999 -9999
1956 12 13 18   -11   -28  9810   360   134     8 -9999 -9999
1956 12 14 00   -11   -39  9802   300    21     6 -9999 -9999
1956 12 14 06    39   -11  9815   100    67     7 -9999 -9999
1956 12 14 12    22   -11  9832   140    72     5 -9999 -9999
1956 12 14 18     0   -11  9821   350   134     6 -9999 -9999
1956 12 15 06   -22   -28  9764     0     0     3 -9999 -9999
1956 12 15 12    11   -11  9752   350    82     6 -9999 -9999
1956 12 16 00    11   -11  9738   310   118     8 -9999 -9999
1956 12 16 06    22   -22  9732   360    57     3 -9999 -9999
1956 12 16 12    22   -11  9738    30   103     8 -9999 -9999
1956 12 16 18     0   -11  9728   360   195     8 -9999 -9999
1956 12 17 00     0   -11  9717   350   159     8 -9999 -9999
1956 12 17 06     0   -11  9719   360   154     7 -9999 -9999
1956 12 17 12     0   -11  9773   360   113     7 -9999 -9999
1956 12 17 18   -11   -11  9821   350    98     7 -9999 -9999
1956 12 18 00   -22   -28  9885   340   113     8 -9999 -9999
1956 12 18 06   -22   -39  9938   340   149     8 -9999 -9999
1956 12 18 12   -28   -78  9995   320   103     6 -9999 -9999
1956 12 18 18   -22   -72 10018   250    36     3 -9999 -9999
1956 12 19 00   -22   -61 10031   250    72     6 -9999 -9999
1956 12 19 06   -22   -61 10055   260    62     6 -9999 -9999
1956 12 19 12   -11   -50 10083   200    36     7 -9999 -9999
1956 12 19 18   -11   -61 10101   180    41     8 -9999 -9999
1956 12 20 00   -11   -61 10077   180   108     6 -9999 -9999
1956 12 20 06    11   -22 10045   160   144     8 -9999 -9999
1956 12 20 18     0   -11 10124   180   103     8 -9999 -9999
1956 12 21 00     0   -39 10176   120   113     8 -9999 -9999
1956 12 21 12    39    22 10133   120   159     8 -9999 -9999
1956 12 21 18    39    28 10086   120   206     8 -9999 -9999
1956 12 22 00     0   -11 10089   270    46     8 -9999 -9999
1956 12 22 12   -11   -39 10247   360    36     5 -9999 -9999
1956 12 22 18     0   -11 10263    90    57     3 -9999 -9999
1956 12 23 00    22   -50 10220   120    93     1 -9999 -9999
1956 12 23 06    11   -22 10189   120    93     3 -9999 -9999
1956 12 23 12    28    22 10139   120   103     8 -9999 -9999
1956 12 23 18    11     0 10144   120   103     4 -9999 -9999
1956 12 24 00     0   -22 10168   150   144     8 -9999 -9999
1956 12 24 06    11     0 10190   140    82     8 -9999 -9999
1956 12 24 12    22    11 -9999   140    93     8 -9999 -9999
1956 12 24 18    22   -11 10259   110   144     6 -9999 -9999
1956 12 25 06    22   -11 10271   140   113     3 -9999 -9999
1956 12 25 18    22   -22 10226   120   139     3 -9999 -9999
1956 12 26 00    28     0 10204   120   134     8 -9999 -9999
1956 12 26 06    22   -22 10101   120   154     8 -9999 -9999
1956 12 26 18    22    11 10119   140   170     8 -9999 -9999
1956 12 27 00    22    11 10104   140    72     8 -9999 -9999
1956 12 27 06    22    11 10046   140   165     8 -9999 -9999
1956 12 27 12    11     0 10028   160   165     8 -9999 -9999
1956 12 27 18     0   -11 10075   190    41     8 -9999 -9999
1956 12 28 00   -28   -39 10103   140    26     4 -9999 -9999
1956 12 28 12    11     0 10152   120    87     9 -9999 -9999
1956 12 28 18    22     0 10161   110    62     8 -9999 -9999
1956 12 29 00    28    11 10162   120    77     5 -9999 -9999
1956 12 29 18    28   -22 10071   140    98     7 -9999 -9999
1956 12 30 00    28     0 10047   100    93     8 -9999 -9999
1956 12 30 06    28    28 10036   120   108     8 -9999 -9999
1956 12 30 12    22    11 10060   120    93     8 -9999 -9999
1956 12 30 18    11     0 10082   120    72     7 -9999 -9999
1956 12 31 00     0   -11 10108   120    51     0 -9999 -9999
1956 12 31 06     0   -11 10119   120    46     9 -9999 -9999
1956 12 31 12    11     0 10129   160    46     9 -9999 -9999
1956 12 31 18    11     0 10124   120    62     9 -9999 -9999
