1993 01 01 09  -102  -124  9914   300   118     8 -9999     0
1993 01 01 12   -90  -129  9919   270    93     7 -9999    -1
1993 01 01 18  -138  -186  9966    10    62     0 -9999 -9999
1993 01 02 06  -126  -136  9952   100    41     8 -9999 -9999
1993 01 02 09  -110  -123  9917    90    51     8 -9999     0
1993 01 02 12   -97  -118  9889    70   103     8 -9999     0
1993 01 02 18  -134  -174  9926    60    57     2 -9999     0
1993 01 03 06  -182 -9999 10033    50    62     8 -9999 -9999
1993 01 03 09  -113  -136 10023    90    82     8 -9999 -9999
1993 01 03 12  -128  -149 10041    90    93     5 -9999    -1
1993 01 03 18  -160  -186 10114    90    62     7 -9999 -9999
1993 01 04 06  -192  -213 10075    70   164     8 -9999     0
1993 01 04 09  -178  -206 10026    70   206     8 -9999     0
1993 01 04 12  -154  -172  9962    70   236     8 -9999     0
1993 01 04 18  -126  -136  9866    70   247     9 -9999     0
1993 01 05 06   -93  -113  9703    70   139     8 -9999 -9999
1993 01 05 09   -92   -99  9685    80   129     9 -9999 -9999
1993 01 05 12   -89  -104  9634    80   144     9 -9999     1
1993 01 05 18   -99  -120  9693    90   144     8 -9999 -9999
1993 01 06 06  -142  -153  9773    90   103     9 -9999 -9999
1993 01 06 09  -149  -160  9790    90   103     8 -9999 -9999
1993 01 06 12  -154  -172  9807    80   103     8 -9999     1
1993 01 06 18  -170  -182  9847    80   129     8 -9999 -9999
1993 01 07 06  -170  -196  9928    80   103     8 -9999 -9999
1993 01 07 09  -174  -209  9946    90   113     7 -9999 -9999
1993 01 07 12  -177  -213  9962    80   113     7 -9999    -1
1993 01 07 18  -192  -231  9981    80   113     2 -9999 -9999
1993 01 08 06  -192  -231  9953    70   144     6 -9999     0
1993 01 08 09  -182  -210  9926    50   154     9 -9999     0
1993 01 08 12  -176  -196  9890    60   175     9 -9999     0
1993 01 08 18  -136  -158  9797    70   200     9 -9999     0
1993 01 09 06  -105  -127  9654    40   185     8 -9999 -9999
1993 01 09 09  -120  -139  9653    40   164     7 -9999     0
1993 01 09 12  -135  -169  9643    40   231     7 -9999     0
1993 01 09 18  -132  -178  9673    30   180     7 -9999     0
1993 01 10 06  -154  -201  9768    80   108     2 -9999     0
1993 01 10 09  -165  -214 -9999    80   103     1 -9999     0
1993 01 10 12  -171  -206  9807    80    93     1 -9999     0
1993 01 10 18  -196  -226  9840    90   123     1 -9999     0
1993 01 11 06  -220  -265  9888    50   144     2 -9999     0
1993 01 11 09  -226  -274  9892    50   149     1 -9999     0
1993 01 11 12  -224  -285  9892    40   206     1 -9999     0
1993 01 11 18  -225  -287  9908    30   190     1 -9999     0
1993 01 12 06  -220  -279  9919    30   185     1 -9999     0
1993 01 12 09  -220  -279  9932    40   154     1 -9999     0
1993 01 12 18  -226  -288  9966    50   113     1 -9999     0
1993 01 13 06  -232  -282  9985    80    93     2 -9999     0
1993 01 13 09  -228  -277  9993    90    82     1 -9999     0
1993 01 13 12  -225  -273  9990    90    93     1 -9999     0
1993 01 13 18  -235  -286  9990    80    41     1 -9999     0
1993 01 14 06  -236  -250  9964    80    31     1 -9999     0
1993 01 14 09  -233  -258  9960    80    26     1 -9999     0
1993 01 14 12  -232  -269  9960    60    21     1 -9999     0
1993 01 14 18  -218  -271  9947    90    21     3 -9999     0
1993 01 15 06  -101  -143  9899    90    57     8 -9999     0
1993 01 15 09   -80  -116  9850    80   134     8 -9999 -9999
1993 01 15 12   -66   -98  9807    70    62     8 -9999    -1
1993 01 15 18   -74  -100  9804   240    87     8 -9999 -9999
1993 01 16 06   -56   -68  9802   230    67     8 -9999 -9999
1993 01 16 09   -57   -95  9798   270    31     8 -9999 -9999
1993 01 16 12   -65   -73  9788    50    10     9 -9999    10
1993 01 16 18   -74   -87  9752     0     0     8 -9999 -9999
1993 01 17 06   -82   -88  9743    10    10     7 -9999 -9999
1993 01 17 09   -86   -92 -9999   250    10     7 -9999 -9999
1993 01 17 12   -72 -9999 -9999   300    21     8 -9999 -9999
1993 01 17 18  -102  -139  9778   300    87     5 -9999 -9999
1993 01 18 06  -111  -151  9758   300    51     1 -9999 -9999
1993 01 18 09  -104  -136  9767   290    46     3 -9999     0
1993 01 18 12  -101  -149  9786   330    57     1 -9999     0
1993 01 19 06  -158  -214  9935    80    26     1 -9999     0
1993 01 19 09  -150  -220  9944   360    41     1 -9999     0
1993 01 19 12  -154  -200  9953     0     0     7 -9999     0
1993 01 19 18  -132  -178  9942    90    41     8 -9999     0
1993 01 20 06  -132  -159  9881    90   123     1 -9999     0
1993 01 20 09  -136  -164  9872    90   118     6 -9999     0
1993 01 20 12  -145  -181  9855    70   159     7 -9999     0
1993 01 20 18  -138  -160  9773    70   216     7 -9999     0
1993 01 21 06  -163  -182  9732    80   118     1 -9999 -9999
1993 01 21 09  -163  -182  9726    80   123     8 -9999     0
1993 01 21 12  -169  -181  9706    80   103     8 -9999     1
1993 01 21 18  -176  -203  9687    90    93     8 -9999 -9999
1993 01 22 06  -192  -231  9649    70    10     1 -9999     0
1993 01 22 09  -192  -222  9653     0     0     1 -9999     0
1993 01 22 12  -195  -216  9655 -9999 -9999     0 -9999     0
1993 01 22 18  -184  -213  9664 -9999    15     1 -9999     0
1993 01 23 06  -158  -205  9735 -9999    21     2 -9999     0
1993 01 23 09  -146  -197  9769   290    57     3 -9999     0
1993 01 23 12  -157  -212  9797 -9999    10     6 -9999     0
1993 01 23 18  -164  -232  9848 -9999    26     4 -9999     0
1993 01 24 06  -164  -205  9914    90   113     5 -9999     0
1993 01 24 09  -173  -208  9928    90   129     6 -9999     0
1993 01 24 12  -178  -214  9941    80   113     7 -9999     0
1993 01 24 18  -170  -221  9946    90   134     7 -9999     0
1993 01 25 06  -160  -216  9920    90   129     1 -9999     0
1993 01 25 09  -152  -223  9921    90    98     1 -9999     0
1993 01 25 12  -152  -223  9924    90    93     3 -9999     0
1993 01 25 18  -166  -199  9937    90    41     1 -9999     0
1993 01 26 06  -138  -172  9953   100    46     5 -9999     0
1993 01 26 09  -141  -176  9960    60    10     7 -9999     0
1993 01 26 12  -137  -165  9973     0     0     7 -9999     0
1993 01 26 18  -123  -154  9997    70    46     7 -9999     0
1993 01 27 06  -160  -172 10038    90    26     1 -9999     0
1993 01 27 09  -159  -165 10046   100    36     1 -9999 -9999
1993 01 27 12  -176  -182 10048    60    31     1 -9999    -1
1993 01 27 18  -186  -192 10069    50    10     0 -9999     0
1993 01 28 06  -134  -144 10036   110    41     8 -9999 -9999
1993 01 28 09  -130  -140 10034   130     5     8 -9999 -9999
1993 01 28 12  -102  -114 10017   110    46     8 -9999    -1
1993 01 28 18  -100  -112 10008   100    62     8 -9999 -9999
1993 01 29 06  -110  -138 10051   100   108     8 -9999 -9999
1993 01 29 09  -126  -146 10053    90   113     8 -9999 -9999
1993 01 29 12  -125  -145 10043    80   123     8 -9999     1
1993 01 29 18  -115  -129  9980    90   118     8 -9999 -9999
1993 01 30 06   -74   -95  9866    90    82     7 -9999 -9999
1993 01 30 09   -70   -83  9823   100    93     8 -9999 -9999
1993 01 30 12   -44   -56  9744    60   149     8 -9999    -1
1993 01 30 18    10     2  9606   200    82     7 -9999 -9999
1993 01 31 06   -13   -24  9517   180    72     9 -9999 -9999
1993 01 31 09   -16   -21  9494   170    51     8 -9999 -9999
1993 01 31 12   -20   -32  9498 -9999    21     8 -9999     5
1993 01 31 18   -40   -45  9571   290   134     9 -9999 -9999
1993 02 01 06   -64   -76  9636   270    62     8 -9999 -9999
1993 02 01 09   -79  -115  9601 -9999    31     1 -9999     0
1993 02 01 12   -77   -99  9583    90    31     8 -9999     0
1993 02 01 18   -75   -96  9693    10    10     8 -9999 -9999
1993 02 02 06  -123  -143  9818    40    21     6 -9999 -9999
1993 02 02 09   -85  -127  9787    60    51     7 -9999     0
1993 02 02 12   -68   -76  9708    70   134     8 -9999    -1
1993 02 02 18   -56   -86  9651    70    98     7 -9999 -9999
1993 02 03 06   -60   -75  9597    60    57     8 -9999 -9999
1993 02 03 09   -58   -84  9605   120    36     7 -9999 -9999
1993 02 03 12   -61   -69  9663     0     0     8 -9999     5
1993 02 03 18   -84   -98  9649    90    57     7 -9999 -9999
1993 02 04 06   -96  -137  9705    80    82     7 -9999     0
1993 02 04 09   -83  -110  9711    40    93     7 -9999 -9999
1993 02 04 12   -53   -74  9719    50   123     7 -9999    -1
1993 02 04 18  -118  -142  9812    40   154     9 -9999 -9999
1993 02 05 06  -153  -191  9969    40   154     2 -9999     0
1993 02 05 09  -155  -193 10008    40   118     7 -9999     0
1993 02 05 12  -155  -227 10034 -9999    21     2 -9999     0
1993 02 05 18  -170  -221 10048   100     5     0 -9999     0
1993 02 06 06  -168  -228 10056   320    31     7 -9999 -9999
1993 02 06 09  -156  -211 10062   110    51     5 -9999     0
1993 02 06 12  -151  -212 10072   330    51     3 -9999     0
1993 02 06 18  -162  -229 10078    30    21     1 -9999     0
1993 02 07 06  -200  -222 10069    60    41     7 -9999 -9999
1993 02 07 09  -188  -217 10056    90    51     8 -9999 -9999
1993 02 07 12  -190  -211 10045   100    72     7 -9999    -1
1993 02 07 18  -205  -227 10049    90    62     6 -9999 -9999
1993 02 08 06  -219  -233 10004    80    93     6 -9999 -9999
1993 02 08 09  -216  -239 -9999    80   108     8 -9999     0
1993 02 08 12  -224  -248  9998    70   118     8 -9999     0
1993 02 08 18  -227  -263 10053    60    77     3 -9999     0
1993 02 09 06  -249  -275 10193    80    26     1 -9999     0
1993 02 09 12  -242  -268 10240    70    21     2 -9999     0
1993 02 09 18  -239  -277 10278    80    26     0 -9999     0
1993 02 10 06  -222  -257 10335    80    21     1 -9999     0
1993 02 10 09  -224  -259 10331    90    21     2 -9999     0
1993 02 10 12  -208  -231 10317    90    10     4 -9999     0
1993 02 10 18  -158  -183 10226   100    57     8 -9999     0
1993 02 11 06   -37   -62  9939   260   103     8 -9999 -9999
1993 02 11 09   -42   -44  9911   280   113     8 -9999 -9999
1993 02 11 12   -31   -58  9913    30    46     5 -9999    30
1993 02 11 18   -68   -92 10049   180    21     1 -9999 -9999
1993 02 12 06  -124  -133 10154   110    31     7 -9999 -9999
1993 02 12 09  -120  -124 10150   110    46     7 -9999 -9999
1993 02 12 12  -128  -133 10149   110    21     7 -9999    -1
1993 02 13 06   -34   -42 10077   230    41     8 -9999 -9999
1993 02 13 09   -20   -41 10080   260    26     7 -9999     0
1993 02 13 12    -8   -24 10071   300    21     7 -9999     0
1993 02 13 18    16     5  9961   190    98     8 -9999 -9999
1993 02 14 06   -18   -46  9905   270    72     5 -9999 -9999
1993 02 14 09   -13   -60  9898   270    77     7 -9999     0
1993 02 14 12   -20   -35  9899   270    77     7 -9999     1
1993 02 14 18   -48   -51  9905     0     0     8 -9999 -9999
1993 02 15 06   -59  -102  9865   310    51     8 -9999 -9999
1993 02 15 09   -77   -91  9859   200    10     7 -9999     0
1993 02 15 12   -90  -110  9855     0     0     7 -9999     0
1993 02 15 18  -108  -126  9861    80   113     2 -9999     0
1993 02 16 06  -174  -209  9964    50    36     5 -9999     0
1993 02 16 09  -192  -222  9986    50    26     3 -9999     0
1993 02 16 12  -192  -231 10001    40    31     3 -9999     0
1993 02 16 18  -217  -251 10020    90    31     1 -9999     0
1993 02 17 06  -213  -257 10047   100    51     1 -9999     0
1993 02 17 09  -218  -264 10057    60    36     1 -9999     0
1993 02 17 12  -220  -266 10068    40    21     1 -9999     0
1993 02 17 18  -206  -248 10062    30    21     7 -9999     0
1993 02 18 06  -131  -191 10012 -9999    21     6 -9999     0
1993 02 18 09  -156  -203 10012 -9999    31     6 -9999     0
1993 02 18 12  -158  -190 10010    90    36     6 -9999     0
1993 02 18 18  -199  -221 10009    60    31     4 -9999     0
1993 02 19 06  -174  -187 10013    90    41     6 -9999 -9999
1993 02 19 09  -176  -189 10013    90    41     6 -9999 -9999
1993 02 19 12  -183  -196 10019   100    57     7 -9999     1
1993 02 19 18  -180  -193 10021    30    10     6 -9999 -9999
1993 02 20 06  -168  -187  9999    90    72     8 -9999 -9999
1993 02 20 09  -186  -207 10013   100   103     7 -9999 -9999
1993 02 20 12  -192  -213 10027   100    77     8 -9999    -1
1993 02 20 18  -204  -236 10059    70    51     1 -9999 -9999
1993 02 21 06  -256  -270 10090   100    10     1 -9999     0
1993 02 21 09  -249  -251 10096    70     5     1 -9999     0
1993 02 21 12  -237  -251 10100     0     0     1 -9999     0
1993 02 21 18  -242  -256 10104    90    21     0 -9999     0
1993 02 22 06  -239  -253 10110    70    15     0 -9999     0
1993 02 22 09  -246  -260 10112    60    15     1 -9999     0
1993 02 22 12  -234  -248 10114    90    31     1 -9999     0
1993 02 22 18  -178  -198 10086    90    51     7 -9999 -9999
1993 02 23 06    -2   -11  9795   210    93     8 -9999 -9999
1993 02 23 09    -8   -24  9776   250   129     8 -9999 -9999
1993 02 23 12    -8   -43  9782   250   180     7 -9999     5
1993 02 23 18   -24   -68  9840   260   154     7 -9999 -9999
1993 02 24 06    -2    -8  9840    90    51     8 -9999 -9999
1993 02 24 09     6     3  9822   190    46     8 -9999 -9999
1993 02 24 12   -24   -30  9835   230    82     7 -9999    30
1993 02 24 18   -27   -97  9827   240   190     7 -9999 -9999
1993 02 25 06  -138  -172  9953   100    46     5 -9999     0
1993 02 25 09   -74   -91  9865   230   129     8 -9999 -9999
1993 02 25 12   -61   -80  9868   230   129     8 -9999     1
1993 02 25 18   -54   -91  9893   290    93     7 -9999 -9999
1993 02 26 06   -94  -129  9967    90    51     7 -9999 -9999
1993 02 26 09  -116  -146  9988    90   103     8 -9999 -9999
1993 02 26 12  -141  -169 10015    90   113     5 -9999     0
1993 02 26 18  -170  -196 10052    90   113     1 -9999     0
1993 02 27 06  -151  -189 10080    60    57     7 -9999     0
1993 02 27 09  -148  -192 10094    60   108     7 -9999     0
1993 02 27 12  -156  -187 10096    50   144     7 -9999     0
1993 02 27 18  -137  -200 10109    40   108     7 -9999     0
1993 02 28 06  -152  -205 10136    80    62     2 -9999     0
1993 02 28 09  -154  -185 10143    90    62     5 -9999 -9999
1993 02 28 12  -160  -185 10151    90    51     1 -9999     0
1993 02 28 18  -165  -171 10147   100    57     8 -9999 -9999
1993 03 01 06   -95  -107 10008    80   113     8 -9999 -9999
1993 03 01 09   -84  -103 10006    80   134     8 -9999 -9999
1993 03 01 12   -74  -100 10023    70    82     8 -9999    -1
1993 03 01 18   -85   -95 10065   100    82     8 -9999 -9999
1993 03 02 06   -14   -16  9986   250    31     8 -9999 -9999
1993 03 02 09     8     3  9961   270    82     8 -9999 -9999
1993 03 02 12     9    -5  9959   290   103     8 -9999    20
1993 03 02 18    -6   -24  9946   250    87     8 -9999 -9999
1993 03 03 06   -54   -68  9846   290   123     7 -9999 -9999
1993 03 03 09   -80   -90  9853   270   149     7 -9999 -9999
1993 03 03 12  -110  -123  9867   260   164     7 -9999     5
1993 03 03 18   -86   -92  9856   360    51     8 -9999 -9999
1993 03 04 06  -178  -214 10060    50    26     1 -9999 -9999
1993 03 04 09  -187  -216 10097   110    46     1 -9999     0
1993 03 04 12  -216  -250 10123   110    26     1 -9999     0
1993 03 04 18  -198  -250 10158    80    51     1 -9999     0
1993 03 05 06  -202  -244 10201    70    62     1 -9999     0
1993 03 05 09  -203  -235 10215    80    51     1 -9999     0
1993 03 05 12  -205  -237 10219    90    51     1 -9999     0
1993 03 05 18  -233  -258 10224    60    21     1 -9999     0
1993 03 06 06  -208  -231 10211    40    15     1 -9999     0
1993 03 06 09  -193  -242 10214 -9999    26     0 -9999     0
1993 03 06 12  -166  -235 10215   300    46     1 -9999     0
1993 03 06 18  -183  -229 10211   360    10     2 -9999     0
1993 03 07 06  -159  -191 10201    40    21     5 -9999     0
1993 03 07 09  -162  -180 10199    40    15     6 -9999     0
1993 03 07 12  -136  -158 10192   100    36     8 -9999    -1
1993 03 07 18  -136  -164 10159    90    98     8 -9999 -9999
1993 03 08 06  -191  -211 10062    70   200     9 -9999 -9999
1993 03 08 09  -210  -224 10021    70   216     9 -9999 -9999
1993 03 08 12  -210  -215  9960    80   247     9 -9999    -1
1993 03 08 18  -206  -211  9965    40   190     9 -9999 -9999
1993 03 09 06  -225  -229  9968    50   164     8 -9999 -9999
1993 03 09 09  -226  -230  9978    50   144     8 -9999 -9999
1993 03 09 12  -232  -246 10002    70   134     8 -9999     1
1993 03 09 18  -247  -273 10041    60   123     8 -9999 -9999
1993 03 10 06  -258  -285 10139    90    62     1 -9999     0
1993 03 10 09  -266  -293 10157    80    62     1 -9999     0
1993 03 10 12  -256  -297 10172    80    51     1 -9999     0
1993 03 10 18  -258  -285 10176    70    57     1 -9999     0
1993 03 11 06  -283  -312 10165    90    31     1 -9999     0
1993 03 11 09  -269  -297 10173    70    21     1 -9999     0
1993 03 11 12  -247  -287 10175   100    41     1 -9999     0
1993 03 11 18  -260  -273 10173    80    31     1 -9999     0
1993 03 12 06  -274  -287 10153    90    31     1 -9999     0
1993 03 12 09  -260  -273 10149    80    36     1 -9999     0
1993 03 12 12  -256  -270 10156   100    41     4 -9999     0
1993 03 12 18  -214  -248 10118   100   108     7 -9999     0
1993 03 13 06  -207  -239 10056    90   118     8 -9999     0
1993 03 13 09  -186  -215 10028    90   129     8 -9999 -9999
1993 03 13 12  -178  -191 10018    80   134     8 -9999    -1
1993 03 13 18  -150  -155  9995    80   129     7 -9999 -9999
1993 03 14 06   -46   -70  9961    90    62     8 -9999 -9999
1993 03 14 09   -52   -89  9941    80    87     8 -9999 -9999
1993 03 14 12   -56   -63  9910    80   129     8 -9999    -1
1993 03 14 18   -46   -52  9865    80   175     8 -9999 -9999
1993 03 15 06   -45   -58  9884    70   144     7 -9999 -9999
1993 03 15 09   -40   -48  9870    70   159     7 -9999 -9999
1993 03 15 12   -40   -55  9851    70   159     7 -9999     1
1993 03 15 18   -42   -54  9828    50   108     8 -9999 -9999
1993 03 16 06   -62   -77  9816    50   103     7 -9999 -9999
1993 03 16 09   -68   -84  9820    60   108     7 -9999 -9999
1993 03 16 12   -66   -90  9825    80    82     6 -9999    -1
1993 03 16 18   -73  -103  9838    80    72     7 -9999 -9999
1993 03 17 06   -79  -110  9860    70    57     7 -9999 -9999
1993 03 17 09   -81  -108  9867    70    51     3 -9999 -9999
1993 03 17 12   -72  -101  9877    90    62     2 -9999     0
1993 03 17 18   -70  -121  9880    40    57     2 -9999     0
1993 03 18 06   -36   -65  9849   100    62     7 -9999 -9999
1993 03 18 12   -46   -66  9853    90   108     7 -9999    -1
1993 03 18 18   -39   -54  9857    60    62     8 -9999 -9999
1993 03 19 06   -39   -51  9880    60   113     8 -9999 -9999
1993 03 19 09   -44   -63  9891    90   103     7 -9999 -9999
1993 03 19 12   -46   -59  9904    60   103     6 -9999    -1
1993 03 19 18   -58   -88  9919    50    67     4 -9999     0
1993 03 20 06   -71  -105  9961    60    41     5 -9999     0
1993 03 20 09   -81  -104  9976   100    93     3 -9999     0
1993 03 20 12  -105  -127  9986   100   139     2 -9999     0
1993 03 20 18  -146  -169 10025    90   154     1 -9999     0
1993 03 21 06  -188  -236 10061    70   123     2 -9999     0
1993 03 21 09  -174  -247 10066    80   134     1 -9999     0
1993 03 21 12  -172  -244 10073    80   123     1 -9999     0
1993 03 22 06  -178  -214 10107    90   154     1 -9999     0
1993 03 22 09  -174  -227 10117    80   118     1 -9999     0
1993 03 22 12  -163  -204 10116    30    98     1 -9999     0
1993 03 22 18  -176  -229 10105    80   129     1 -9999     0
1993 03 23 06  -178  -198 10055    90   118     7 -9999     0
1993 03 23 09  -134  -150 10043    60   108     7 -9999 -9999
1993 03 23 12  -102  -124 10026    60   118     7 -9999    -1
1993 03 23 18   -98  -114 10009    80    93     5 -9999 -9999
1993 03 24 09   -44   -50  9929    60   123     8 -9999 -9999
1993 03 24 12   -30   -43  9915    60   103     8 -9999     1
1993 03 24 18   -26   -71  9893    20    93     8 -9999 -9999
1993 03 25 06   -69  -116  9941   130    41     6 -9999     0
1993 03 25 09   -75  -119  9979    90    21     2 -9999     0
1993 03 25 12   -86  -119 10026   110    21     3 -9999     0
1993 03 25 18  -136  -176 10114 -9999    10     1 -9999     0
1993 03 26 06  -130  -135 10175    90    21     8 -9999 -9999
1993 03 26 09   -84   -90 10158    90    15     8 -9999 -9999
1993 03 26 12   -34   -48 10127   190    72     8 -9999     1
1993 03 26 18     2    -1 10028   190   123     9 -9999 -9999
1993 03 27 06     1    -3 10005   220    41     8 -9999 -9999
1993 03 27 09     9     9  9990   260    36     8 -9999 -9999
1993 03 27 12    14    11  9980   240    67     8 -9999    40
1993 03 27 18   -13   -27  9976   280    72     8 -9999 -9999
1993 03 28 06  -138  -193 10192   300    51     2 -9999 -9999
1993 03 28 09  -140  -196 10217 -9999    21     1 -9999     0
1993 03 28 12  -136  -198 10238    90    31     2 -9999     0
1993 03 28 18  -158  -190 10269    60    41     6 -9999     0
1993 03 29 06  -187  -225 10344    80    15     0 -9999     0
1993 03 29 09  -158  -197 10364    70    10     7 -9999     0
1993 03 29 12  -140  -175 10380    50    10     2 -9999     0
1993 03 29 18  -150  -173 10397   110    10     0 -9999     0
1993 03 30 06  -137  -185 10385    90    31     1 -9999     0
1993 03 30 09   -74  -108 10368    50    93     7 -9999     0
1993 03 30 12   -46   -70 10349    80    62     7 -9999    -1
1993 03 30 18   -31   -45 10306    80    51     8 -9999 -9999
1993 03 31 06   -40   -48 10290   110    36     7 -9999 -9999
1993 03 31 09   -28   -38 10298    90    51     7 -9999     0
1993 03 31 12   -30   -54 10311    90    82     7 -9999     0
1993 03 31 18   -67   -91 10327    80   103     7 -9999     0
1993 04 01 06   -86  -105 10356    90   103     7 -9999     0
1993 04 01 09   -90  -114 10367   100   103     7 -9999     0
1993 04 01 12   -93  -118 10376   100   129     5 -9999     0
1993 04 01 18  -100  -131 10396    60    93     1 -9999     0
1993 04 02 06  -118  -132 10414    90    51     7 -9999     0
1993 04 02 09  -100  -112 10412   100    57     7 -9999     0
1993 04 02 12   -76   -93 10403   100    31     7 -9999     0
1993 04 02 18   -64   -79 10372    90    21     8 -9999 -9999
1993 04 03 06    -9   -28 10278   100    93     8 -9999 -9999
1993 04 03 12     2    -9 10211   270    41     8 -9999    10
1993 04 03 18     8    -3 10126   260   134     8 -9999 -9999
1993 04 04 06   -53   -90 10085   300    67     5 -9999 -9999
1993 04 04 09   -69  -121 10096   300    98     1 -9999     0
1993 04 04 12   -68  -110 10102   300    93     3 -9999     0
1993 04 04 18   -72  -110 10105   310    87     7 -9999 -9999
1993 04 05 06  -101  -155 10096   130    36     1 -9999 -9999
1993 04 05 09  -103  -178 10099    10    72     1 -9999     0
1993 04 05 18  -134  -167 10118   130    46     1 -9999     0
1993 04 06 06  -170  -196 10181   130    10     1 -9999     0
1993 04 06 09  -146  -175 10193   120    41     6 -9999     0
1993 04 06 12  -112  -164 10206    30    10     2 -9999     0
1993 04 06 18  -146  -175 10216    80    15     1 -9999     0
1993 04 07 06  -148  -178 10250    80    51     0 -9999     0
1993 04 07 09  -142  -165 10272   120    31     0 -9999     0
1993 04 07 12  -116  -151 10279    80    15     0 -9999     0
1993 04 07 18  -140  -175 10270   110    21     1 -9999     0
1993 04 08 06  -106  -110 10165     0     0     8 -9999 -9999
1993 04 08 09  -119  -133 10138    20    10     8 -9999 -9999
1993 04 08 12   -51   -64 10108   250    31     8 -9999    20
1993 04 08 18   -84   -98 10077   110    72     7 -9999 -9999
1993 04 09 09  -165  -191 10189     0     0     0 -9999     0
1993 04 09 12  -138  -179 10199    60    10     0 -9999     0
1993 04 10 06  -134  -139 10182    70    10     8 -9999 -9999
1993 04 10 09  -129  -134 10165   100    31     8 -9999 -9999
1993 04 10 12  -112  -116 10127   100    41     8 -9999    10
1993 04 10 18   -17   -22 10035   270    62     9 -9999 -9999
1993 04 11 06  -151  -175 10056    90   123     8 -9999 -9999
1993 04 11 09  -168  -187 10077   100   113     8 -9999 -9999
1993 04 11 12  -162  -194 10086    90   103     7 -9999     1
1993 04 11 18  -170  -221 10101    80    93     6 -9999 -9999
1993 04 12 06  -186  -224 10176    80    62     7 -9999     0
1993 04 12 09  -183  -220 10195    90    82     1 -9999     0
1993 04 12 12  -187  -225 10216   100    93     1 -9999     0
1993 04 12 18  -215  -249 10247    90    21     1 -9999     0
1993 04 13 06  -215  -229 10275    50    10     3 -9999     0
1993 04 13 09  -178  -206 10281    50    10     3 -9999     0
1993 04 13 12  -140  -204 10287 -9999    10     2 -9999     0
1993 04 13 18  -175  -210 10298    80    21     2 -9999     0
1993 04 14 06  -197  -219 10313    90    21     1 -9999     0
1993 04 14 09  -176  -203 10317    50    10     2 -9999     0
1993 04 14 12  -132  -165 10324   100    10     4 -9999     0
1993 04 14 18  -159  -215 10326    90    15     2 -9999     0
1993 04 15 06  -169  -211 10346    70    15     6 -9999     0
1993 04 15 09  -142  -199 10346   100    36     7 -9999     0
1993 04 15 12  -115  -182 10347    70    15     7 -9999     0
1993 04 15 18  -144  -187 10338   310    10     7 -9999     0
1993 04 16 06  -149  -179 10322    90    67     7 -9999     0
1993 04 16 12  -121  -157 10318   110    72     3 -9999     0
1993 04 16 18  -124  -181 10289   100    21     0 -9999     0
1993 04 17 06   -84  -116 10234   120    21     1 -9999     0
1993 04 17 09   -59   -86 10221    70    31     7 -9999     0
1993 04 17 12   -57   -79 10201   120    41     8 -9999     0
1993 04 17 18   -84   -94 10150    80    21     7 -9999     0
1993 04 18 06  -130  -163 10123    80    72     2 -9999 -9999
1993 04 18 09  -136  -164 10119    90    93     1 -9999     0
1993 04 18 12  -127  -159 10117    90    72     1 -9999     0
1993 04 18 18  -138  -166 10106    70    21     7 -9999     0
1993 04 19 06  -172  -191 10061   100    98     7 -9999     0
1993 04 19 09  -170  -189 10052   100    72     7 -9999     0
1993 04 19 12  -136  -152 10034    90    15     7 -9999    -1
1993 04 19 18  -124  -149  9987   110    31     8 -9999 -9999
1993 04 20 06  -176  -189  9973    80    26     8 -9999 -9999
1993 04 20 09  -178  -191  9971   100    62     8 -9999 -9999
1993 04 20 12  -175  -195  9980    30    31     2 -9999     1
1993 04 20 18  -180  -225  9975    20    15     2 -9999 -9999
1993 04 21 06  -195  -208  9944   100    36     4 -9999 -9999
1993 04 21 09  -178  -191  9945    80    36     1 -9999     0
1993 04 21 12  -138  -172  9952   120    15     1 -9999     0
1993 04 21 18  -169  -188  9961    80    26     5 -9999     0
1993 04 22 06  -138  -148  9990    90    41     7 -9999     0
1993 04 22 09  -130  -145 10000   100    46     7 -9999     0
1993 04 22 12  -126  -146 10010   100    51     6 -9999     0
1993 04 22 18  -135  -157 10030    80    21     5 -9999     0
1993 04 23 06  -152  -176 10074   110    10     1 -9999     0
1993 04 23 09  -118  -160 10086    90    10     1 -9999     0
1993 04 23 12   -97  -138 10105     0     0     1 -9999     0
1993 04 23 18  -134  -161 10125    90    26     0 -9999     0
1993 04 24 06  -140  -162 10156   110    41     7 -9999 -9999
1993 04 24 09  -125  -145 10166    70    21     1 -9999 -9999
1993 04 24 18  -135  -157 10157    80    26     7 -9999     0
1993 04 25 06   -89   -96 10102   120    21     7 -9999 -9999
1993 04 25 09   -75   -96 10111   300    51     5 -9999 -9999
1993 04 25 18   -84  -131 10129   360    41     3 -9999 -9999
1993 04 26 06   -94  -114 10142    90    41     7 -9999     0
1993 04 26 09   -62   -81 10135    60    41     8 -9999 -9999
1993 04 26 12   -37   -45 10110    70    31     8 -9999     5
1993 04 26 18    -9   -28 10119   330    21     7 -9999 -9999
1993 04 27 09    18    -1 10061   170    82     8 -9999 -9999
1993 04 27 18    12    -2  9898    80    41     8 -9999 -9999
1993 04 28 06    -1   -24  9866   310    87     7 -9999 -9999
1993 04 28 09     3   -23  9886   270    72     7 -9999 -9999
1993 04 28 12    -3   -12  9893   290    67     8 -9999     1
1993 04 28 18   -26   -39  9946   300    87     8 -9999 -9999
1993 04 29 06   -39   -72  9909    10    21     7 -9999 -9999
1993 04 29 09   -40   -81  9899   290    31     7 -9999     0
1993 04 29 12   -34   -81  9899   280    21     7 -9999    -1
1993 04 29 18   -65   -89  9925   310    77     7 -9999 -9999
1993 04 30 06   -98  -145 10006   310    62     6 -9999 -9999
1993 04 30 09   -10  -148 10030   300    82     3 -9999     0
1993 04 30 12   -85  -144 10056   320    82     3 -9999     0
1993 04 30 18   -92  -137 10098   310    67     6 -9999     0
1993 05 01 06   -76  -142 10154   320    41     2 -9999 -9999
1993 05 01 09   -74  -133 10167   300    62     1 -9999     0
1993 05 01 12   -64  -124 10178   300    41     1 -9999     0
1993 05 01 18   -82  -134 10189 -9999    21     0 -9999     0
1993 05 02 06   -75  -135 10165    80    82     7 -9999     0
1993 05 02 09   -84  -121 10147    70   113     7 -9999     0
1993 05 02 12   -85  -117 10099    50   134     8 -9999     0
1993 05 02 18   -76   -89  9960    70   226     9 -9999     0
1993 05 03 06   -67   -91 10048   320    41     7 -9999 -9999
1993 05 03 12   -60   -79 10130   310    93     7 -9999     1
1993 05 03 18   -74  -100 10213   320    87     6 -9999 -9999
1993 05 04 06   -30   -43 10234   200    82     8 -9999 -9999
1993 05 04 09   -26   -56 10236   290    98     7 -9999 -9999
1993 05 04 12   -37   -86 10253   300    67     6 -9999    -1
1993 05 04 18   -40   -86 10279   290    62     3 -9999 -9999
1993 05 05 06   -30   -47 10286   100    57     8 -9999 -9999
1993 05 05 09   -11   -27 10273    80    41     8 -9999 -9999
1993 05 05 12     0    -5 10245   170    72     8 -9999     1
1993 05 06 06     9    -5 10217   270    31     7 -9999 -9999
1993 05 06 09     9    -5 10223   230    31     7 -9999     0
1993 05 06 18    20     7 10202   110    31     7 -9999     0
1993 05 07 06     5    -3 10139   230    26     8 -9999 -9999
1993 05 07 09     3    -3 10161   260    62     8 -9999 -9999
1993 05 07 12    -2    -8 10177   260    72     8 -9999    10
1993 05 07 18     3   -14 10190   260    72     8 -9999 -9999
1993 05 08 06     2    -4 10147    50    41     8 -9999 -9999
1993 05 08 09    17     6 10120   200    57     8 -9999 -9999
1993 05 08 12    10   -22 10112   260    82     8 -9999    20
1993 05 08 18   -35   -67 10136   290   129     8 -9999 -9999
1993 05 09 06   -29   -49 10176     0     0     7 -9999 -9999
1993 05 09 09   -16   -57 10188    80    26     6 -9999     0
1993 05 09 12   -19   -54 10188    80    36     8 -9999     0
1993 05 09 18   -24   -36 10141    70   103     8 -9999     0
1993 05 10 06   -28   -55 10192   120    46     7 -9999     0
1993 05 10 09   -21   -46 10221    80    36     7 -9999     0
1993 05 10 12   -14   -37 10233     0     0     7 -9999     0
1993 05 10 18   -22   -28 10216    20    10     7 -9999 -9999
1993 05 11 06   -30   -54 10145    90    51     8 -9999 -9999
1993 05 11 09   -34   -70 10144    60    67     7 -9999     0
1993 05 11 12   -34   -75 10145    50    72     7 -9999     0
1993 05 11 18   -54  -100 10155    30    57     7 -9999     0
1993 05 12 06   -52   -93 10188    40    82     6 -9999     0
1993 05 12 09   -46   -85 10229    40    67     7 -9999     0
1993 05 12 12   -42  -106 10244    40    72     1 -9999     0
1993 05 12 18   -44   -91 10266    90    51     1 -9999     0
1993 05 13 06   -71  -100 10240    60    41     7 -9999     0
1993 05 13 09   -54  -100 10231   100    57     7 -9999     0
1993 05 13 12   -48   -88 10222   100    67     6 -9999     0
1993 05 13 18   -53   -94 10226   100    72     5 -9999     0
1993 05 14 06   -70  -103 10265    90    77     4 -9999     0
1993 05 14 09   -79  -120 10284    50    93     4 -9999     0
1993 05 14 12   -73  -122 10293    80    87     3 -9999     0
1993 05 14 18   -83  -130 10307    60    82     3 -9999     0
1993 05 15 06  -105  -118 10293    50    87     7 -9999 -9999
1993 05 15 09   -94  -105 10288    60   144     8 -9999 -9999
1993 05 15 12   -79  -106 10280    70   123     7 -9999 -9999
1993 05 15 18   -80  -116 10278    90   103     6 -9999 -9999
1993 05 16 06   -93  -123 10292    90    77     2 -9999     0
1993 05 16 09   -90  -119 10302   100    82     1 -9999     0
1993 05 16 12   -78  -113 10310   100    67     1 -9999     0
1993 05 16 18   -73  -112 10322   100    72     1 -9999     0
1993 05 17 06   -86  -119 10317    90    87     1 -9999     0
1993 05 17 09   -84  -112 10318   100    98     1 -9999     0
1993 05 17 12   -75   -96 10307    90    82     1 -9999     0
1993 05 17 18   -68  -110 10282    80    93     6 -9999     0
1993 05 18 06   -50   -78 10232    60   139     7 -9999     0
1993 05 18 09   -54   -91 10226    50   144     7 -9999     0
1993 05 18 12   -40   -81 10225    60   103     7 -9999     0
1993 05 18 18   -41   -83 10225    80    98     6 -9999     0
1993 05 19 06   -44   -67 10253    80    72     2 -9999 -9999
1993 05 19 09   -39   -65 10270    90    77     4 -9999     0
1993 05 19 12   -30   -64 10295    90    62     6 -9999     0
1993 05 19 18   -30   -76 10331   100    31     1 -9999     0
1993 05 20 06   -14   -51 10387   100    10     6 -9999     0
1993 05 20 09   -19   -43 10395     0     0     7 -9999     0
1993 05 20 12    -9   -38 10403     0     0     7 -9999     0
1993 05 20 18    -7   -29 10402   110    15     7 -9999     0
1993 05 21 06   -24   -68 10372    90    77     7 -9999     0
1993 05 21 09   -24   -72 10370    90    87     7 -9999     0
1993 05 21 12   -28   -58 10358   100   113     7 -9999     0
1993 05 21 18   -27   -50 10324   100    98     6 -9999     0
1993 05 22 06   -15   -35 10252    80    98     9 -9999     0
1993 05 22 09   -12   -38 10242    80   103     7 -9999     0
1993 05 22 12    -8   -33 10236    80   108     7 -9999     0
1993 05 22 18   -17   -48 10224    80   113     7 -9999     0
1993 05 23 06   -47   -63 10220    90   118     8 -9999 -9999
1993 05 23 09   -46   -73 10222    80   108     8 -9999 -9999
1993 05 23 12   -38   -75 10222 -9999 -9999     7 -9999    -1
1993 05 23 18   -34   -73 10220    90    87     7 -9999     0
1993 05 24 06   -43   -81 10223    80    26     1 -9999     0
1993 05 24 12   -38   -71 10223   100    72     4 -9999     0
1993 05 24 18   -38   -75 10227    70    41     6 -9999     0
1993 05 25 06   -37   -70 10215 -9999    41     1 -9999     0
1993 05 25 09   -12   -52 10215   350    10     1 -9999     0
1993 05 25 12    -4   -52 10216   100    10     1 -9999     0
1993 05 25 18     3   -37 10198    90    15     0 -9999     0
1993 05 26 06     2   -46 10164   120    57     3 -9999     0
1993 05 26 09    36   -24 10167    40    10     6 -9999     0
1993 05 26 12    33   -24 10171    60    36     3 -9999     0
1993 05 26 18    18   -19 10180    90    41     7 -9999     0
1993 05 27 06    16   -18 10176   280    10     7 -9999     0
1993 05 27 09    32   -15 10167    40    10     1 -9999     0
1993 05 27 12    34    -4 10162    50    15     1 -9999     0
1993 05 27 18     2   -28 10147    90    93     7 -9999     0
1993 05 28 06    -6   -37 10157    50    87     7 -9999 -9999
1993 05 28 09     2   -42 10171    40    87     7 -9999 -9999
1993 05 28 12     4   -41 10184    80   118     4 -9999    -1
1993 05 28 18     8   -35 10205    90    87     1 -9999     0
1993 05 29 06     0   -21 10213   260    31     5 -9999     0
1993 05 29 09     5   -28 -9999    90    41     5 -9999     0
1993 05 29 12     1   -29 10189   100    72     5 -9999     0
1993 05 29 18    -1   -21 10166   100    93     7 -9999     0
1993 05 30 04     4   -37 10166    60    67     7 -9999 -9999
1993 05 30 06     5   -39 10162    40    77     7 -9999 -9999
1993 05 30 09     4   -37 10166    60    67     7 -9999 -9999
1993 05 30 12    -9   -13 10178    90    67     8 -9999    -1
1993 05 30 18     8   -32 10164    50    62     7 -9999 -9999
1993 05 31 06     7   -26 10110   360    15     7 -9999 -9999
1993 05 31 09     1   -25 10089   100    46     7 -9999     0
1993 05 31 12    -7   -29 10073   100    41     8 -9999     0
1993 05 31 18   -32   -39 10031    90    57     8 -9999 -9999
1993 06 01 06   -37   -77 10001    90    57     2 -9999 -9999
1993 06 01 09   -19   -77 10010   100    21     5 -9999     0
1993 06 01 12    -2   -80 10010 -9999    21     7 -9999     0
1993 06 01 18   -11   -34 10018     0     0     7 -9999 -9999
1993 06 02 06   -13   -60 10057 -9999    31     6 -9999 -9999
1993 06 02 09     0   -27 10073   300    62     7 -9999 -9999
1993 06 02 12     2   -40 10088   300    57     7 -9999    -1
1993 06 02 18    -6   -47 10118   300    57     7 -9999 -9999
1993 06 03 06    -6   -18 10170   250    41     7 -9999 -9999
1993 06 03 09     0   -23 10178   240    31     8 -9999     0
1993 06 03 12     6   -13 10185   260    21     7 -9999     0
1993 06 03 18     5    -3 10201   250    41     7 -9999     0
1993 06 04 06    -3    -9 10197   210    62     8 -9999 -9999
1993 06 04 09    -2    -8 10196   230    62     7 -9999 -9999
1993 06 04 12     0  -118 10194   250    62     7 -9999    -1
1993 06 04 18     2   -33 10215   300    62     7 -9999 -9999
1993 06 05 06    -1   -21 10244   250    21     7 -9999 -9999
1993 06 05 09    16   -31 10243     0     0     7 -9999     0
1993 06 05 12     8   -38 10241   280    15     7 -9999     0
1993 06 05 18     4   -13 10216   270    31     7 -9999     0
1993 06 06 06    18   -16 10198     0     0     7 -9999 -9999
1993 06 06 12    24     8 10188    10    10     7 -9999    -1
1993 06 06 18    21     2 10181     0     0     8 -9999     0
1993 06 07 06     7    -4 10177   100    51     5 -9999     0
1993 06 07 09    18   -51 10177    60    57     6 -9999     0
1993 06 07 12    17   -45 10181   100    62     7 -9999     0
1993 06 07 18    11   -31 10190   100    41     7 -9999     0
1993 06 09 06   -10   -42 10231   100    51     7 -9999 -9999
1993 06 09 09    -7   -38 10240   100    62     7 -9999     0
1993 06 09 12    -1   -44 10247   100    41     7 -9999     0
1993 06 09 18     2   -37 10253     0     0     7 -9999     0
1993 06 10 06    -1    -7 10261     0     0     7 -9999 -9999
1993 06 10 09     0   -14 10263    70    10     7 -9999 -9999
1993 06 10 12    -4   -22 10267   220    31     7 -9999     1
1993 06 10 18    -6   -24 10265   270    10     7 -9999 -9999
1993 06 11 06   -19   -34 10271   100    26     5 -9999     0
1993 06 11 09   -10   -14 10270   100    10     6 -9999     0
1993 06 11 12    18   -23 10265     0     0     3 -9999     0
1993 06 11 18    -6   -18 10254   100    26     7 -9999     0
1993 06 12 06     1   -25 10236     0     0     7 -9999     0
1993 06 12 09     5   -15 10234 -9999    15     8 -9999     0
1993 06 12 12     2   -25 10285    90    41     7 -9999     0
1993 06 12 18    -1   -24 10329    90    41     8 -9999     0
1993 06 13 06    13   -19 10175    40    72     7 -9999     0
1993 06 13 09     5    -6 10156   270    31     8 -9999 -9999
1993 06 13 12    23   -10 10116    70    72     8 -9999    -1
1993 06 13 18    62     9 10039    60   190     7 -9999 -9999
1993 06 14 06    19     0 10102    90   103     7 -9999 -9999
1993 06 14 09    16    -3 10109    80    87     7 -9999 -9999
1993 06 14 12    16    -2 10122    90    72     7 -9999     1
1993 06 15 06    13     2 10172 -9999 -9999     7 -9999 -9999
1993 06 15 09    34     5 10174 -9999    15     6 -9999     0
1993 06 15 12    48     7 10171    90    10     7 -9999     0
1993 06 15 18    32     8 10157    80    15     7 -9999     0
1993 06 16 06    23    15 10111    80    31     8 -9999 -9999
1993 06 16 09    23     7 10113    60    31     8 -9999 -9999
1993 06 16 12    22     9 10116   200    31     8 -9999    -1
1993 06 16 18    16     5 10132   270    10     8 -9999 -9999
1993 06 17 06     7     2 10166   260    15     8 -9999     0
1993 06 17 09    22     3 10172   260    21     7 -9999     0
1993 06 17 12    32    11 10170   230    10     7 -9999     0
1993 06 17 18    39     2 10153 -9999    10     7 -9999     0
1993 06 18 06    27     6 10068    90   103     8 -9999 -9999
1993 06 18 09    32     1 10056    60   118     7 -9999 -9999
1993 06 18 12    36     1 10056    70   118     8 -9999    50
1993 06 18 18    17     1 10080    90    82     8 -9999 -9999
1993 06 19 06    19    14 10112   360    10     8 -9999     0
1993 06 19 09    28    12 10105    50    15     7 -9999     0
1993 06 19 12    18     7 10106   140    10     8 -9999     0
1993 06 19 18    34    16 10068   100    62     8 -9999 -9999
1993 06 20 06    38     4 10068    80    93     7 -9999 -9999
1993 06 20 09    39    11 10092    90   113     6 -9999     0
1993 06 20 12    35    14 10092    90   123     7 -9999     0
1993 06 20 18    35     8 10013    80   113     7 -9999 -9999
1993 06 21 06    29    -1 10133    80   113     6 -9999 -9999
1993 06 21 09    18     2 10149    90   118     7 -9999     0
1993 06 21 12    21    -1 10165    90    82     7 -9999     0
1993 06 21 18    22     2 10184    90    67     7 -9999     0
1993 06 22 06    40     0 10181    90    87     6 -9999     0
1993 06 22 09    25     5 10181    80   236     7 -9999     0
1993 06 22 12    56     3 10183   290   103     4 -9999     0
1993 06 22 18    57    -3 10183    80    57     2 -9999     0
1993 06 23 06    76    20 10191 -9999    21     6 -9999     0
1993 06 23 09    55 -9999 10198   140    10     1 -9999     0
1993 06 23 12    65    24 10197   230    10     1 -9999     0
1993 06 23 18    24    24 10189 -9999    15     7 -9999 -9999
1993 06 24 06    33    12 10166   270    31     2 -9999     0
1993 06 24 09    63     7 10160 -9999    15     6 -9999     0
1993 06 24 12    91    -5 10158   300    62     4 -9999     0
1993 06 24 18    76    -2 10115   290    51     1 -9999     0
1993 06 25 06    15    10 10151    60     5     9 -9999     0
1993 06 25 09    20    15 10157   230    21     9 -9999     0
1993 06 25 12    21    18 10164   250    31     9 -9999     0
1993 06 26 09    10     7 10208 -9999 -9999     9 -9999     0
1993 06 26 12    22    12 10210   250    31     6 -9999     0
1993 06 26 18    16    11 10206   150    10     9 -9999     0
1993 06 27 06     2    -2 10196   220    15     9 -9999 -9999
1993 06 27 09     3     0 10200   220    26     5 -9999     0
1993 06 27 18    -4    -7 10207   230    15     9 -9999     0
1993 06 28 06     0    -3 10203   210    15     8 -9999     0
1993 06 28 09     8    -6 10203   240    31     8 -9999     0
1993 06 28 18    28    12 10201   120    10     8 -9999     0
1993 06 29 06    29    21 10198    90    15     8 -9999 -9999
1993 06 29 12    35    20 10202 -9999    26     6 -9999     0
1993 06 29 18    35    12 -9999   120    10     7 -9999     0
1993 06 30 06    24    21 10181   120    15     8 -9999     0
1993 06 30 09    31    23 10178   100    21     8 -9999     0
1993 06 30 12    40    25 10174   110    10     8 -9999     0
1993 06 30 18    38    26 10174 -9999    10     7 -9999     0
1993 07 01 06    20    18 10172   110   118     9 -9999     0
1993 07 01 09    19    16 10175   230    26     9 -9999     0
1993 07 01 12    31    23 10175   150    15     7 -9999     0
1993 07 01 18    54    27 10168     0     0     6 -9999     0
1993 07 02 06    62    20 10139    60    51     8 -9999     0
1993 07 02 12    67    21 10122    90    82     7 -9999     0
1993 07 02 18    63    10 10106    80    72     7 -9999     0
1993 07 03 06    33    10 10105   260    36     7 -9999     0
1993 07 03 09    33    12 10109   100    82     6 -9999     0
1993 07 03 12    35    17 10122    90    46     6 -9999     0
1993 07 03 18    67 -9999 10121    90    98     6 -9999     0
1993 07 04 09    45     9 10142    90   139     2 -9999     0
1993 07 04 12    52     3 10144    90   113     2 -9999     0
1993 07 04 18    42    -2 10150    90   113     3 -9999     0
1993 07 05 06    35    -9 10161    90   108     2 -9999     0
1993 07 05 09    32   -13 10169    90   118     1 -9999     0
1993 07 05 12    37     3 10176    90   123     2 -9999     0
1993 07 05 18    46   -17 10181    90    93     1 -9999     0
1993 07 06 06    46   -21 10196    90    93     2 -9999     0
1993 07 06 09    62   -23 10205    70    87     1 -9999     0
1993 07 06 12    78   -24 10213    70    51     0 -9999     0
1993 07 06 18    71    -4 10220   240    26     0 -9999     0
1993 07 07 06    44    13 10210   100    10     0 -9999     0
1993 07 07 09    58    24 10208 -9999    15     0 -9999     0
1993 07 07 18    24    11 10190   230    21     0 -9999     0
1993 07 08 06    45    -6 10166   100    62     4 -9999     0
1993 07 08 09    46    -2 10167   100    82     3 -9999     0
1993 07 08 12    51   -14 10170   100    82     6 -9999     0
1993 07 08 18    41   -17 10173   100    82     3 -9999     0
1993 07 09 06    49    14 10175   100    10     8 -9999     0
1993 07 09 09    64    17 10170 -9999    15     7 -9999     0
1993 07 09 12    62    26 10170 -9999    21     7 -9999     0
1993 07 09 18    58    29 10169   220    26     4 -9999     0
1993 07 10 09    36     4 10182   150    31     1 -9999     0
1993 07 10 12    40     9 10188   100    41     1 -9999     0
1993 07 10 18    23     7 10201   250    31     8 -9999     0
1993 07 11 06    28    -5 10224    90    67     7 -9999     0
1993 07 11 12    34   -16 10234    90   103     2 -9999     0
1993 07 11 18    41   -14 10226    70    93     3 -9999     0
1993 07 12 06    39    19 10217    90    93     8 -9999 -9999
1993 07 12 09    32    11 10235   100    67     8 -9999 -9999
1993 07 12 12    32    15 10256   100    31     8 -9999     1
1993 07 12 18    46    21 10273 -9999    10     7 -9999     0
1993 07 13 06    45    28 10277 -9999    15     6 -9999     0
1993 07 13 09    64    31 10271    80    21     7 -9999 -9999
1993 07 13 12    64    33 10261   100    51     7 -9999     0
1993 07 13 18    88    45 10228   100    82     4 -9999     0
1993 07 14 06    36     4 10211   100    62     3 -9999     0
1993 07 14 09    45    23 10215   100    51     3 -9999     0
1993 07 14 18    78    36 10219   100    36     0 -9999     0
1993 07 15 06    91    44 10236   100    82     0 -9999     0
1993 07 15 09    97    46 10238   100    72     0 -9999 -9999
1993 07 15 12   107    50 10242    80    62     1 -9999     0
1993 07 15 18    91    39 10238    90    72     1 -9999     0
1993 07 16 06    45    17 10236   240    21     3 -9999     0
1993 07 16 09    36    13 10238   210    21     2 -9999 -9999
1993 07 16 12    39    13 10235   180    21     1 -9999     0
1993 07 16 18    49    32 10229   120    46     1 -9999     0
1993 07 17 06    46    26 10208   140     5     4 -9999     0
1993 07 17 09    16     2 10210   240    36     1 -9999 -9999
1993 07 17 12    62    34 10210   110    31     5 -9999     0
1993 07 17 18    66    38 10208   220    10     6 -9999     0
1993 07 18 09    73    30 10197   200    10     3 -9999 -9999
1993 07 18 12    80    31 10194   140    10     1 -9999     0
1993 07 19 06    25    12 10176   230    21     1 -9999     0
1993 07 19 09    38    12 10178   240    21     1 -9999 -9999
1993 07 19 12    42    14 10181   220    21     1 -9999     0
1993 07 19 18    38    23 10181   230    21     1 -9999     0
1993 07 20 06    14    11 10177   220    21     6 -9999     0
1993 07 20 09    12    12 10178   240    36     9 -9999 -9999
1993 07 20 12    18    16 10181   230    41     5 -9999     0
1993 07 20 18    21    13 10177   250    41     8 -9999     0
1993 07 21 06    28    25 10167   270    21     9 -9999 -9999
1993 07 21 09    30    27 10165   250    21     8 -9999 -9999
1993 07 21 12    36    31 10165   240    57     8 -9999     0
1993 07 21 18    48    18 10166   250    31     7 -9999     0
1993 07 22 06    49    16 10190 -9999    10     1 -9999     0
1993 07 22 09    38    20 10196   240    31     1 -9999 -9999
1993 07 22 12    54    22 10205   250    31     1 -9999 -9999
1993 07 22 18    14    11 10196   240    26     5 -9999     0
1993 07 23 06    10    10 10216   230    31     7 -9999     0
1993 07 23 09    34    24 10219   220    15     7 -9999 -9999
1993 07 23 12    44    32 10221   230    57     6 -9999     0
1993 07 23 18    39    32 10220   220    31     6 -9999     0
1993 07 24 06    30    24 10208   240    15     7 -9999     0
1993 07 24 09    40    30 10221   240    36     5 -9999 -9999
1993 07 24 12    45    30 10221   230    36     5 -9999     0
1993 07 24 18    38    31 10220   210    21     7 -9999     0
1993 07 25 06    24    16 10227 -9999    10     1 -9999 -9999
1993 07 25 09    34    16 10228   230    26     1 -9999 -9999
1993 07 25 12    36    16 10234   240    36     5 -9999     0
1993 07 25 18    28    18 10232   100    21     8 -9999     0
1993 07 26 06    47    27 10291   100    87     3 -9999     0
1993 07 26 09    73    22 10218    90    62     5 -9999 -9999
1993 07 26 12    68    16 10208    70    72     5 -9999     0
1993 07 26 18    48     7 10190    80    77     7 -9999     0
1993 07 27 06    69    31 10150    90    87     3 -9999     0
1993 07 27 09    80    39 10146     0   103     2 -9999 -9999
1993 07 27 12    94    40 10144    60   113     7 -9999     0
1993 07 27 18    76    31 10140    90   118     7 -9999     0
1993 07 28 06    58    34 10132    90   103     7 -9999 -9999
1993 07 28 09    67    37 10132    90    82     6 -9999 -9999
1993 07 28 18    55    38 10130    90    72     3 -9999     0
1993 07 29 06    41    39 10121   110    10     7 -9999     0
1993 07 29 09    42    30 10124   160    41     7 -9999 -9999
1993 07 29 12    41    34 10121   110    51     4 -9999     0
1993 07 29 18    34    29 10121   230    15     6 -9999     0
1993 07 30 06    23    21 10127   220    21     8 -9999     0
1993 07 30 09    24    21 10133   240    31     8 -9999 -9999
1993 07 30 12    29    26 10141    90    21     6 -9999     1
1993 07 31 06    11    11 10170   110    10     7 -9999     0
1993 07 31 09    26    13 10177   230    21     1 -9999 -9999
1993 07 31 12    31    13 10179   230    21     2 -9999     0
1993 07 31 18    21    13 10182   240    21     1 -9999     0
1993 08 01 06    27    19 10188   250    26     1 -9999     0
1993 08 01 09    75    22 10189    90    62     1 -9999 -9999
1993 08 01 12    65    18 10191    90   108     2 -9999     0
1993 08 01 18    42    17 10188   100   118     1 -9999     0
1993 08 02 06    64    31 10156    90   134     8 -9999     0
1993 08 02 09    65    34 10146    80   123     8 -9999 -9999
1993 08 02 12    71    38 10125    90   139     8 -9999    20
1993 08 02 18    74    52 10095    70   108     6 -9999 -9999
1993 08 03 06    45    35 10066   100    51     7 -9999 -9999
1993 08 03 09    44    32 10070    90    62     8 -9999 -9999
1993 08 03 12    70    63 10078   180    57     8 -9999    10
1993 08 03 18    73    55 10091   180    67     8 -9999 -9999
1993 08 04 06    51    34 10102   120    10     7 -9999 -9999
1993 08 04 09    62    51 10100   200    72     8 -9999 -9999
1993 08 04 12    56    42 10100   200    41     8 -9999    -1
1993 08 04 18    49    44 10080   210    10     8 -9999 -9999
1993 08 05 06    39    39 10057   260    21     9 -9999     0
1993 08 05 09    52    43 10058   240    15     7 -9999 -9999
1993 08 05 12    49    47 10062   240    15     9 -9999    10
1993 08 05 18    43    41 10079   220    15     8 -9999 -9999
1993 08 06 06    40    23 10120   110    10     1 -9999     0
1993 08 06 09    64    38 10130    70    31     1 -9999 -9999
1993 08 06 12    58    14 10141   130    31     7 -9999     0
1993 08 06 18    58    32 10155   240    36     5 -9999     0
1993 08 07 06    52    40 10149     0     0     7 -9999 -9999
1993 08 07 09    58    46 10140   120    26     8 -9999 -9999
1993 08 07 12    61    47 10128   180    46     8 -9999    20
1993 08 07 18    59    57 10099   200    98     8 -9999 -9999
1993 08 08 06    52    52 10107   260    36     9 -9999 -9999
1993 08 08 09    54    52 10111   270    31     7 -9999 -9999
1993 08 08 12    66    59 10113   210    10     7 -9999    20
1993 08 08 18    60    41 10103    70    31     8 -9999 -9999
1993 08 09 06    71    41 10054    70    87     8 -9999 -9999
1993 08 09 09    54    35 10055    90   103     8 -9999 -9999
1993 08 09 12    46    36 10058   100    72     8 -9999     5
1993 08 09 18    27    22 10074   100    51     8 -9999 -9999
1993 08 10 06    55    43 10084    90    36     7 -9999 -9999
1993 08 10 09    64    46 10090    90    87     7 -9999 -9999
1993 08 10 12    66    38 10090   100   103     4 -9999     0
1993 08 10 18    55    36 10095    90   118     2 -9999     0
1993 08 11 06    61    40 10078    80   154     7 -9999     0
1993 08 11 09    65    54 10079    80   129     6 -9999 -9999
1993 08 11 12    69    49 10084    80   118     7 -9999     0
1993 08 11 18    76    49 10091    80   139     7 -9999 -9999
1993 08 12 06    70    45 10108    60   386     7 -9999 -9999
1993 08 12 09    62    43 10121    70   154     8 -9999 -9999
1993 08 12 12    65    44 10127    80   154     8 -9999    -1
1993 08 12 18    52    35 10135    80   175     6 -9999 -9999
1993 08 13 06    69    39 10141    90   108     4 -9999     0
1993 08 13 09    80    33 10160    80   103     3 -9999 -9999
1993 08 13 12    82    17 10163    90   113     3 -9999     0
1993 08 13 18    49    22 10174    80   144     7 -9999     0
1993 08 14 00   106    42 10195   160    72     2 -9999 -9999
1993 08 14 06    44    19 10195    90   113     6 -9999     0
1993 08 14 09    44    16 10195    90   113     4 -9999 -9999
1993 08 14 12    54    19 10195    70    93     5 -9999     0
1993 08 14 18    61    22 10187    80   118     7 -9999     0
1993 08 15 06    68    38 10181    90    98     7 -9999     0
1993 08 15 09    67    42 10190    90    82     7 -9999 -9999
1993 08 15 12    55 -9999 10201    80    51     7 -9999     0
1993 08 16 06    26    26 10221    90    10     4 -9999     0
1993 08 17 18   279   161 10162     0     0     2 -9999 -9999
1993 08 21 12    40     6 10250    90    57     7 -9999     0
1993 08 26 09    44    24 10286    90    77     7 -9999 -9999
1993 08 26 12    53    26 10234    70    57     7 -9999     0
1993 08 26 18    45    20 10241   100    77     6 -9999     0
1993 08 27 06    34    -4 10243    90    41     3 -9999     0
1993 08 27 09    38     1 10246    70    51     7 -9999 -9999
1993 08 27 12    38    10 10246    80    62     7 -9999     0
1993 08 27 18    39     8 10246    80    51     7 -9999     0
1993 08 28 06    22    12 10249    90    36     7 -9999     0
1993 08 28 09    32     8 10248    90    36     7 -9999 -9999
1993 08 28 12    41     4 10250    60    41     7 -9999     0
1993 08 28 18    28     7 10251    80    36     7 -9999     0
1993 08 29 06    17    -2 10251    90    67     7 -9999     0
1993 08 29 09    30    -2 10253   100    82     1 -9999 -9999
1993 08 29 12    37     0 10257    90    57     1 -9999     0
1993 08 29 18    28     4 10261    80    31     7 -9999 -9999
1993 08 30 06    16     8 10262    60    15     7 -9999 -9999
1993 08 30 12    41    10 10259   230    10     7 -9999     0
1993 08 30 18    18    15 10243   100    21     8 -9999 -9999
1993 08 31 06    30     9 10212    80    46     7 -9999 -9999
1993 08 31 09    28     7 10210   100    67     8 -9999 -9999
1993 08 31 12    27     6 10207   100    62     7 -9999     0
1993 08 31 18    22     3 10193   100    82     7 -9999     0
1993 09 01 06    13    -1 10173   100    62     7 -9999     0
1993 09 01 09    19    -3 10173   100    41     7 -9999 -9999
1993 09 01 12    21    -4 10174   100    36     7 -9999     0
1993 09 01 18    12     4 10169 -9999    10     7 -9999     0
1993 09 02 06    -7    -8 10159   260    10     7 -9999     0
1993 09 02 09    -9   -10 10159   230    10     7 -9999 -9999
1993 09 02 12    23    -1 10158   240    21     7 -9999     0
1993 09 02 18    12     1 10143   170    26     6 -9999     0
1993 09 03 06     3   -29 10092 -9999    21     6 -9999     0
1993 09 03 12    29   -29 10077   330    67     7 -9999     0
1993 09 03 18    14   -34 10057   300    57     7 -9999 -9999
1993 09 04 06     2   -35 10040   360    10     6 -9999     0
1993 09 04 09    20   -37 10033   160    31     2 -9999 -9999
1993 09 04 12    28   -37 10026   190    41     6 -9999     0
1993 09 04 18    26   -30 10008   100    10     2 -9999     0
1993 09 05 06    12   -55  9998   340    21     7 -9999     0
1993 09 05 09    25   -53 10000   120    26     2 -9999 -9999
1993 09 05 12    40   -59  9999    20    31     3 -9999     0
1993 09 05 18    29   -51 10001 -9999    21     1 -9999     0
1993 09 06 06    -8   -12 10019     0     0     6 -9999     0
1993 09 06 09    12   -23 10021    90    10     3 -9999 -9999
1993 09 06 12    15   -23 10026   230    26     3 -9999     0
1993 09 06 18    14   -21 10025 -9999    10     4 -9999     0
1993 09 07 06   -22   -40 10028     0     0     6 -9999     0
1993 09 07 09     2   -21 10035     0     0     7 -9999 -9999
1993 09 07 12    18   -36 10042    70    26     6 -9999     0
1993 09 07 18     5   -26 10050     0     0     1 -9999     0
1993 09 08 06   -14   -41 10068    70    15     6 -9999     0
1993 09 08 09    -2   -29 10076   100    10     5 -9999 -9999
1993 09 08 12    14   -27 10085   230    21     7 -9999     0
1993 09 08 18     1   -11 10083   250    26     7 -9999     0
1993 09 09 06     5     2 10086     0     0     7 -9999 -9999
1993 09 09 09    12    12 10103     0     0     7 -9999 -9999
1993 09 09 12    18    13 10117   230    21     7 -9999     0
1993 09 09 18    18    -4 10138   270    21     5 -9999     0
1993 09 10 06   -13   -43 10206    90    31     1 -9999     0
1993 09 10 09    -6   -37 10227   100    41     2 -9999 -9999
1993 09 10 12     2   -21 10241   120    26     3 -9999     0
1993 09 10 18     0   -29 10260 -9999    15     7 -9999     0
1993 09 11 06   -26   -42 10282    50    21     7 -9999     0
1993 09 11 09   -17   -41 10285    90    31     7 -9999 -9999
1993 09 11 12   -11   -29 10290   110    26     7 -9999     0
1993 09 11 18    11    -3 10291   290    15     7 -9999     0
1993 09 12 06    21    16 10278     0     0     8 -9999 -9999
1993 09 12 09    34    32 10270   290    21     8 -9999 -9999
1993 09 12 12    28    28 10264   240    31     8 -9999    30
1993 09 13 06    16    16 10216     0     0     9 -9999 -9999
1993 09 13 09    22    22 10209   290    21     7 -9999 -9999
1993 09 13 12    25    25 10202   240    46     8 -9999    20
1993 09 13 18    21    21 10189   100    21     8 -9999 -9999
1993 09 14 06    18    18 10163     0     0     9 -9999 -9999
1993 09 14 09    28    20 10162   260    51     8 -9999 -9999
1993 09 14 12    23   -13 10165   270    46     7 -9999     0
1993 09 14 18    12   -17 10165 -9999    41     6 -9999 -9999
1993 09 15 06   -11   -30 10195    60    36     4 -9999     0
1993 09 15 09   -10   -32 10204   100    62     7 -9999 -9999
1993 09 15 12   -11   -40 10210   100    67     7 -9999     0
1993 09 15 18   -15   -44 10207   100    62     7 -9999     0
1993 09 16 06   -25   -44 10183    80    67     8 -9999 -9999
1993 09 16 09   -24   -46 10185    90    72     7 -9999 -9999
1993 09 16 12   -16   -40 10184    90    62     7 -9999    -1
1993 09 16 18   -25   -54 10185    80    21     7 -9999     0
1993 09 17 09   -29   -96 10185 -9999    15     1 -9999 -9999
1993 09 17 12   -25   -77 10182   100    26     1 -9999     0
1993 09 17 18   -38   -96 10165    70    10     1 -9999     0
1993 09 18 06   -58   -88 10157    70    15     6 -9999     0
1993 09 18 09   -34   -77 10162 -9999    15     3 -9999 -9999
1993 09 18 12   -24   -57 10169   100    21     4 -9999     0
1993 09 18 18   -22   -51 10174     0     0     8 -9999     0
1993 09 19 06   -35   -71 10178   110    41     7 -9999 -9999
1993 09 19 09   -34   -70 10181   100    41     7 -9999 -9999
1993 09 19 12   -30   -80 10188    50    26     2 -9999    -1
1993 09 19 18   -50   -82 10187     0     0     1 -9999 -9999
1993 09 20 06   -65   -97 10175     0     0     1 -9999     0
1993 09 20 09   -36   -84 10172   270    31     2 -9999 -9999
1993 09 20 12   -14   -44 10168   310    51     2 -9999     0
1993 09 20 18   -33   -65 10160   330    26     2 -9999     0
1993 09 21 06   -35   -79 10156   310    36     3 -9999     0
1993 09 21 09   -26   -79 10156   300    41     3 -9999 -9999
1993 09 21 12   -17   -78 10154 -9999    21     1 -9999     0
1993 09 22 12   -35   -67 10152   100    26     2 -9999     0
1993 09 22 18   -24   -66 10152     0     0     7 -9999     0
1993 09 23 06   -58   -84 10163   100    46     4 -9999     0
1993 09 23 09   -35   -71 10170    90    31     6 -9999 -9999
1993 09 23 12   -26   -56 10170   100    46     2 -9999     0
1993 09 23 18   -18   -49 10175   100    36     7 -9999     0
1993 09 24 06    -4   -10 10178    70    36     8 -9999 -9999
1993 09 24 09     6    -2 10183    90    26     8 -9999 -9999
1993 09 24 12    24    19 10186    50    26     8 -9999    40
1993 09 24 18    32    24 10194 -9999    10     7 -9999 -9999
1993 09 25 06    39    27 10196   200    87     8 -9999 -9999
1993 09 25 09    37    22 10202   190    87     8 -9999 -9999
1993 09 25 12    34    19 10205   180    87     8 -9999     5
1993 09 25 18    32    11 10203   180    72     7 -9999 -9999
1993 09 26 06    23    -1 10174    70    41     8 -9999     0
1993 09 26 09    36    10 10161    60    51     7 -9999 -9999
1993 09 26 12    39    11 10141    80    67     7 -9999    -1
1993 09 27 06    24    21 10079    90    21     8 -9999 -9999
1993 09 27 09    31    26 10081    70    31     7 -9999 -9999
1993 09 27 12    40    38 10084   170    67     9 -9999    20
1993 09 27 18    35    33 10071   170    67     8 -9999 -9999
1993 09 28 06     5     0 10080   240    36     7 -9999 -9999
1993 09 28 09    -1    -7 10085     0     0     5 -9999 -9999
1993 09 28 12     9   -14 10086    80    31     6 -9999     0
1993 09 28 18    18    -4 10065   100    62     8 -9999 -9999
1993 09 29 06     1     1 10057   100    31     8 -9999 -9999
1993 09 29 09     5     5 10052   100    41     8 -9999 -9999
1993 09 29 12    16    13 10038    90    21     8 -9999    20
1993 09 29 18    30    27  9990   270    31     7 -9999 -9999
1993 09 30 06    13     5  9965   260    67     8 -9999 -9999
1993 09 30 09    16     8  9977   300    82     8 -9999 -9999
1993 09 30 12    18    -1  9993   300   113     8 -9999    30
1993 09 30 18    15    -1 10021   310    67     8 -9999 -9999
1993 10 01 06   -15   -31 10094   140    10     5 -9999 -9999
1993 10 01 09     5   -25 10093    40    15     7 -9999 -9999
1993 10 01 12    -1    -4 10091   270    15     7 -9999     3
1993 10 01 18    12   -20 10093   310    77     7 -9999 -9999
1993 10 02 06   -30   -61 10153   310    57     6 -9999 -9999
1993 10 02 09   -30   -80 10176   310    67     6 -9999 -9999
1993 10 02 12   -33   -80 10192   310    72     6 -9999    -1
1993 10 02 18   -40   -99 10220   310    57     5 -9999 -9999
1993 10 03 06   -40   -99 10236   320    26     7 -9999 -9999
1993 10 03 09   -36  -111 10232   100    10     7 -9999 -9999
1993 10 03 12   -33  -102 10223   290    26     7 -9999     0
1993 10 03 18   -49   -89 10198    40    10     6 -9999     0
1993 10 04 06   -70  -108 10177     0     0     3 -9999     0
1993 10 04 09   -57  -109 10184    20    41     3 -9999 -9999
1993 10 04 12   -50  -113 10194    50    36     1 -9999     0
1993 10 04 18   -48  -101 10208    40    72     4 -9999 -9999
1993 10 05 06   -48  -126 10223    10    41     7 -9999 -9999
1993 10 05 09   -45  -132 10224   350    26     3 -9999 -9999
1993 10 05 12   -50  -129 10222    30    36     1 -9999     0
1993 10 05 18   -70  -122 10226    50    46     1 -9999     0
1993 10 06 06   -77  -127 10239    20    41     1 -9999     0
1993 10 06 09   -68 -9999 10245    60    46     1 -9999 -9999
1993 10 06 12   -60  -140 10251    60    31     1 -9999     0
1993 10 06 18   -95  -130 10261    70    21     1 -9999     0
1993 10 07 06   -62  -111 10264    50    21     7 -9999     0
1993 10 07 09   -44   -91 10264    40    21     7 -9999 -9999
1993 10 07 12   -22   -34 10250   180    51     8 -9999     1
1993 10 07 18    -4    -4 10224   220    62     7 -9999 -9999
1993 10 08 06    16     0 10134   260    67     8 -9999 -9999
1993 10 08 09    26    10 10100   270    87     8 -9999 -9999
1993 10 08 12    23    18 10077   270    98     8 -9999     5
1993 10 08 18    13   -13 10046   300    62     7 -9999 -9999
1993 10 09 06   -22   -58 10092 -9999    21     6 -9999 -9999
1993 10 09 12   -38   -83 10115   310    87     4 -9999    -1
1993 10 10 06   -69  -116 10163 -9999    15     7 -9999     0
1993 10 10 09   -77  -122 10169     0     0     6 -9999 -9999
1993 10 10 12   -64  -124 10169    90    10     3 -9999     0
1993 10 10 18   -55  -106 10156 -9999    15     7 -9999     0
1993 10 11 06   -44   -75 10111   330    10     7 -9999     0
1993 10 11 09   -38   -83 10106   120    31     7 -9999 -9999
1993 10 12 09   -87  -141 10155    40    82     5 -9999 -9999
1993 10 12 12   -87  -153 10165    40    82     3 -9999     0
1993 10 12 18   -90  -177 10167    10    57     4 -9999     0
1993 10 13 06  -109  -195 10156    30    62     1 -9999     0
1993 10 13 09  -118  -202 10159    40    77     2 -9999 -9999
1993 10 13 12  -117  -209 10169    40    72     3 -9999     0
1993 10 13 18  -108  -171 10148    40    51     3 -9999 -9999
1993 10 14 06   -92  -154 10133    40    93     4 -9999     0
1993 10 14 09   -81  -169 10118    40   103     3 -9999     0
1993 10 14 12   -78  -157 10114    30   113     6 -9999     0
1993 10 14 18   -71   -96 10107    50    82     8 -9999 -9999
1993 10 15 06   -85  -162 10132    60   139     5 -9999 -9999
1993 10 15 09   -83  -159 10136    60   113     3 -9999 -9999
1993 10 15 12   -90  -164 10142    40    77     3 -9999     0
1993 10 15 18   -99  -165 10140    40     5     3 -9999     0
1993 10 16 06  -118  -179 10129    20    51     3 -9999     0
1993 10 16 09  -119  -181 10130    30    72     3 -9999 -9999
1993 10 16 12  -118  -194 10128    40    57     3 -9999     0
1993 10 16 18  -126  -184 10126    50    41     2 -9999     0
1993 10 17 06  -125  -163 10114 -9999    10     2 -9999     0
1993 10 17 09  -134  -155 10111     0     0     7 -9999 -9999
1993 10 17 12  -108  -147 10111    30    15     7 -9999     0
1993 10 17 18  -120  -139 10099     0     0     3 -9999     0
1993 10 18 06  -108  -158 10098    30     5     7 -9999     0
1993 10 18 09  -111  -145 10101     0     0     6 -9999 -9999
1993 10 18 12  -114  -149 10104   300    10     1 -9999     0
1993 10 18 18  -127  -165 10110    50    10     6 -9999     0
1993 10 19 06  -116  -157 10134    70    36     7 -9999     0
1993 10 19 09  -102  -145 10141    50    10     2 -9999 -9999
1993 10 19 12  -111  -151 10149    70    31     1 -9999     0
1993 10 19 18  -124  -181 10165    70    41     1 -9999     0
1993 10 20 06  -144  -187 10175    80    21     6 -9999     0
1993 10 20 12  -127  -165 10183     0     0     6 -9999     0
1993 10 20 18  -132  -159 10182    60    21     5 -9999     0
1993 10 21 06  -116  -130 10182   100    41     6 -9999     0
1993 10 21 09  -105  -127 10179   100    41     7 -9999 -9999
1993 10 21 12   -98  -119 10171   100    41     7 -9999     0
1993 10 21 18   -54   -64 10110   100    41     8 -9999 -9999
1993 10 22 09   -24   -72  9988   280    87     7 -9999 -9999
1993 10 22 12   -43   -70 10006   290    82     7 -9999    -1
1993 10 22 18   -58  -101 10038   300    67     8 -9999 -9999
1993 10 23 09   -71   -96 10001    80   149     7 -9999 -9999
1993 10 23 12   -80  -121  9959    70   175     8 -9999     0
1993 10 23 18   -78   -88  9915    80   170     9 -9999 -9999
1993 10 24 06   -79  -125  9939    50   118     8 -9999 -9999
1993 10 24 09   -69  -121  9962    50    51     8 -9999 -9999
1993 10 24 12   -66  -122  9987    40    77     7 -9999    -1
1993 10 24 18   -87  -187 10053    40   103     5 -9999 -9999
1993 10 25 06  -108  -152 10129    90    82     7 -9999     0
1993 10 25 09  -113  -153 10137    90    72     4 -9999 -9999
1993 10 25 12  -123  -160 10148    70    41     3 -9999     0
1993 10 25 18  -127  -142 10152    70    57     6 -9999     0
1993 10 26 06  -112  -116 10143   100    46     7 -9999 -9999
1993 10 26 09   -96  -112 10144   100    57     7 -9999 -9999
1993 10 26 12   -79  -101 10131    90    41     7 -9999    -1
1993 10 26 18   -56   -82 10065    80    72     8 -9999 -9999
1993 10 27 06   -45   -54  9901    60   129     9 -9999 -9999
1993 10 27 09   -16   -43  9878    70   108     8 -9999 -9999
1993 10 27 12   -15   -35  9876    60    93     7 -9999    -1
1993 10 27 18   -20   -55  9910    50    41     8 -9999 -9999
1993 10 28 06  -105  -154 10023   320    72     6 -9999 -9999
1993 10 28 09  -109  -166 10050   320    72     3 -9999 -9999
1993 10 28 12  -112  -170 10077   300    31     5 -9999     0
1993 10 28 18  -106  -150 10133   300    31     4 -9999     0
1993 10 29 06   -11  -144 10187    70    31     7 -9999     0
1993 10 30 06   -96  -117  9936    70   154     8 -9999 -9999
1993 10 30 09   -94  -110  9910    40   113     8 -9999 -9999
1993 10 30 12   -76  -111  9896    70    82     8 -9999    -1
1993 10 30 18   -85  -122  9928   210    46     1 -9999 -9999
1993 10 31 06   -90  -134  9895    40    26     7 -9999 -9999
1993 10 31 12  -102  -139  9908   100    67     6 -9999     0
1993 11 01 06  -135  -182 10015   310    41     2 -9999     0
1993 11 02 12  -147  -224 10141   340    62     1 -9999     0
1993 11 02 18  -160  -225 10172   310    62     1 -9999     0
1993 11 03 06  -166  -207 10203    30    10     3 -9999     0
1993 11 03 09  -170  -212 10209    80    21     1 -9999 -9999
1993 11 03 12  -174  -209 10215    60    26     1 -9999     0
1993 11 03 18  -169  -211 10216   110    46     7 -9999     0
1993 11 04 06  -135  -169 10191   100    72     8 -9999     0
1993 11 04 09  -131  -170 10194    90    72     7 -9999 -9999
1993 11 04 12  -132  -165 10199    90   108     7 -9999     0
1993 11 04 18  -143  -193 10208    90   108     2 -9999     0
1993 11 05 06  -116  -151 10201    80   123     7 -9999 -9999
1993 11 05 12   -93  -123 10193    80   139     7 -9999    -1
1993 11 05 18   -66   -98 10174    90   123     7 -9999 -9999
1993 11 06 06    -5    -8 10070    90    72     8 -9999 -9999
1993 11 06 09    19     6 10058   170    87     8 -9999 -9999
1993 11 06 12    15    10 10063   260    41     8 -9999    50
1993 11 06 18    -6    -9 10130     0     0     8 -9999 -9999
1993 11 07 06   -21   -27 10203    70    26     7 -9999     0
1993 11 07 09   -16   -19 10212    80    15     8 -9999 -9999
1993 11 07 12    12     1 10220   320    15     7 -9999     0
1993 11 07 18    14     6 10216   160    21     7 -9999     0
1993 11 08 06    12     3 10141    90    41     8 -9999 -9999
1993 11 08 09    11     3 10141    90    41     8 -9999 -9999
1993 11 08 12    18    10 10086   160    82     8 -9999 -9999
1993 11 08 18    18    13 10053   210    62     8 -9999 -9999
1993 11 09 06   -37   -52 10082   120    15     7 -9999 -9999
1993 11 09 09   -26   -59 10096   360     5     6 -9999 -9999
1993 11 09 12   -13   -43 10111   310    21     7 -9999     0
1993 11 09 18   -25   -54 10121    70    36     2 -9999     0
1993 11 10 06    16    -9 10071    90    57     7 -9999 -9999
1993 11 10 09    12   -11 10058   120    46     7 -9999 -9999
1993 11 10 12    18   -13 10038   160    93     8 -9999     0
1993 11 10 18    22    17  9988   190    87     6 -9999 -9999
1993 11 11 06    17     7 10005   220    62     7 -9999 -9999
1993 11 11 09    14     3 10019   220    51     7 -9999 -9999
1993 11 11 12    10     5 10029   230    46     3 -9999     0
1993 11 11 18     8    -3 10063   290    31     3 -9999     0
1993 11 12 06    24    13 10044   150    36     8 -9999 -9999
1993 11 12 09    26    18 10021   170    82     8 -9999 -9999
1993 11 12 12    27    24 10004   200    82     8 -9999    40
1993 11 12 18    19    11 10049 -9999    21     8 -9999 -9999
1993 11 13 06     6     3 10024   100    51     1 -9999 -9999
1993 11 13 09     5   -12 10029   290    31     7 -9999 -9999
1993 11 13 12    -6   -24 10030    90    36     7 -9999     0
1993 11 13 18     5   -14 10025   100    62     7 -9999     0
1993 11 14 06     3     0 10031    60    10     9 -9999 -9999
1993 11 14 09     2    -4 10055   330    10     7 -9999 -9999
1993 11 14 12     4   -10 10066    40    21     7 -9999     5
1993 11 14 18     3    -5 10074   120    15     6 -9999 -9999
1993 11 15 06     7    -4 10084    90    26     8 -9999     0
1993 11 15 09    15    -8 10070    90    77     8 -9999 -9999
1993 11 15 12    15    -7 10054    90    62     7 -9999    -1
1993 11 15 18     9     6 10028   190    21     8 -9999 -9999
1993 11 16 06   -21   -80 10091   290    57     8 -9999 -9999
1993 11 16 12     3   -23 10053    90    62     8 -9999     3
1993 11 16 18    29    16 10004   190    36     8 -9999 -9999
1993 11 17 06    18    15  9986   210    51     8 -9999 -9999
1993 11 17 09    22    19  9999   260    21     8 -9999 -9999
1993 11 17 12    13    10 10017   270    26     7 -9999    20
1993 11 17 18     3     0 10064   250    51     5 -9999 -9999
1993 11 18 06    11     9 10056   260    67     7 -9999 -9999
1993 11 18 09     4    -4 10064   240    26     8 -9999 -9999
1993 11 18 12    23    15 10045   250    15     8 -9999     0
1993 11 18 18    19    11  9971   210    57     8 -9999 -9999
1993 11 19 06    15   -26  9910   250   159     8 -9999 -9999
1993 11 19 09    10   -22  9924   260   144     8 -9999 -9999
1993 11 19 12   -24   -24  9977   270   154     9 -9999    20
1993 11 20 06     0    -9 10086   270    26     8 -9999     0
1993 11 20 09    10    -7 10122   270    62     7 -9999 -9999
1993 11 20 12    12   -20 10166   300   118     6 -9999     0
1993 11 20 18   -39   -72 10282   300   113     7 -9999     0
1993 11 21 06    16    16 10240   260    77     8 -9999 -9999
1993 11 21 09    28    23 10225   260    77     8 -9999 -9999
1993 11 21 12    27    22 10226   260    57     8 -9999     5
1993 11 21 18    22    19 10222   270    77     8 -9999 -9999
1993 11 22 06    20     1 10206   270    87     8 -9999 -9999
1993 11 22 09    17   -17 10207   300   103     7 -9999 -9999
1993 11 22 12     2   -31 10208   280    72     7 -9999 -9999
1993 11 22 18     5    -1 10186   250    26     8 -9999 -9999
1993 11 23 06     9    -8 10163   260    72     7 -9999 -9999
1993 11 23 09    15     4 10162   270    82     8 -9999 -9999
1993 11 23 12    21    -1 10164   270    87     8 -9999    -1
1993 11 23 18    15    -1 10158   260    57     8 -9999 -9999
1993 11 24 06    16     0 10141   270    82     8 -9999 -9999
1993 11 24 09    15    -7 10137   250    51     7 -9999 -9999
1993 11 24 12     7   -13 10129   250    41     7 -9999     0
1993 11 24 18     5    -9 10061   260    31     7 -9999 -9999
1993 11 25 06    -6   -44  9956   300   118     7 -9999 -9999
1993 11 25 09   -14   -66  9978   290   108     7 -9999 -9999
1993 11 25 12    -7   -48  9996   300   108     7 -9999     5
1993 11 25 18    -8   -69 10020   290    46     4 -9999 -9999
1993 11 26 06   -14   -19 10087   220    72     9 -9999 -9999
1993 11 26 12    18    -4 10117   270    62     8 -9999     3
1993 11 26 18     1    -8 10109   270    36     7 -9999 -9999
1993 11 27 09    14     9 10143    60    46     8 -9999 -9999
1993 11 27 12     5     0 10167   260    46     8 -9999    20
1993 11 27 18    -1   -16 10166   270    31     6 -9999 -9999
1993 11 28 06    22    14 10017   230    98     8 -9999 -9999
1993 11 28 09    18    -4 10030   270    41     8 -9999 -9999
1993 11 28 12    13    -7 10037   250    62     7 -9999     1
1993 11 28 18    10    -1 10027   270    36     8 -9999 -9999
1993 11 29 06    13     2 10032   250    31     8 -9999 -9999
1993 11 29 09    20    15 10031   250   103     8 -9999 -9999
1993 11 29 12    16    13 10037   270    62     7 -9999    60
1993 11 29 18    18    15 10042   260    46     8 -9999 -9999
1993 11 30 06    17    14 10019   270    51     8 -9999 -9999
1993 11 30 09    21    21 10008   270    26     8 -9999 -9999
1993 11 30 12    17    14 10000   240    62     8 -9999    30
1993 11 30 18    24    19  9963   240    93     8 -9999 -9999
1993 12 01 00 -9999 -9999 -9999     0    26     1 -9999 -9999
1993 12 01 06    22    14  9978   270    67     7 -9999 -9999
1993 12 01 09    16    13  9983   270    46     8 -9999 -9999
1993 12 01 12    22    19  9985   260    51     8 -9999    20
1993 12 01 18    25    17  9983   270    21     8 -9999 -9999
1993 12 02 06    22    12  9963   250    21     8 -9999 -9999
1993 12 02 09    16     8  9964   250    21     8 -9999 -9999
1993 12 02 12    15     7  9960 -9999    15     7 -9999     3
1993 12 02 18     2    -1  9957     0     0     8 -9999 -9999
1993 12 03 06    -2   -88  9956     0     0     8 -9999 -9999
1993 12 03 09    -3   -33  9958    70    57     7 -9999 -9999
1993 12 03 12   -12   -38  9963    90    67     7 -9999     3
1993 12 03 18   -40   -62  9975    90    98     7 -9999 -9999
1993 12 04 09   -72  -120  9999    80    82     7 -9999 -9999
1993 12 04 12   -73  -112  9997    70    62     7 -9999     0
1993 12 04 18   -81  -127  9982    80   185     6 -9999     0
1993 12 05 06   -81  -127  9953    60    67     7 -9999     0
1993 12 05 09   -81  -122  9953    40    46     8 -9999 -9999
1993 12 05 12   -80  -121  9956    90    51     7 -9999     0
1993 12 05 18   -94  -129  9979    80    62     7 -9999 -9999
1993 12 06 06  -131  -184 10028    20    67     5 -9999 -9999
1993 12 06 09  -136  -183 10039    50    46     5 -9999 -9999
1993 12 06 12  -143  -193 10041    20    57     2 -9999     0
1993 12 06 18  -148  -200 10037   100    41     6 -9999     0
1993 12 07 06  -138  -166 10020    70    31     6 -9999 -9999
1993 12 07 09  -138  -166 10021   100    41     6 -9999 -9999
1993 12 07 12  -150  -202 10025    30    15     4 -9999    -1
1993 12 07 18  -148  -192 10029    20     5     3 -9999 -9999
1993 12 08 06  -168  -218 10061   350    15     1 -9999     0
1993 12 08 09  -170  -212 10070   100    21     1 -9999 -9999
1993 12 08 12  -174  -194 10082    90    36     1 -9999     0
1993 12 08 18  -174  -209 10100    60    15     1 -9999     0
1993 12 09 06  -133  -140 10119    60    62     1 -9999     0
1993 12 09 09  -124  -204 10118    70    82     1 -9999 -9999
1993 12 09 12  -115  -214 10117    80    98     4 -9999     0
1993 12 09 18   -97  -138 10105    50    98     8 -9999 -9999
1993 12 10 06   -46   -51 10108    80   175     6 -9999 -9999
1993 12 10 09   -48   -88 10133    70   200     6 -9999 -9999
1993 12 10 12   -43   -90 10126    60   134     8 -9999    -1
1993 12 10 18   -37   -86 10117    70   164     6 -9999 -9999
1993 12 11 06   -38   -75 10104    80   113     8 -9999 -9999
1993 12 11 09   -37   -77 10098    80   144     7 -9999 -9999
1993 12 11 18   -55 -9999 10005    80    82     8 -9999 -9999
1993 12 12 06   -61  -105 10075    60   164     8 -9999 -9999
1993 12 12 09   -67  -109 10081    60   123     7 -9999 -9999
1993 12 12 12   -70  -122 10076    40   134     7 -9999    -1
1993 12 12 18   -68   -84 -9999    80   118     8 -9999 -9999
1993 12 13 06   -64   -83 10048   100   149     8 -9999 -9999
1993 12 13 09   -48   -84 10050    80   103     8 -9999 -9999
1993 12 13 12   -46   -73 10049    60    98     7 -9999    -1
1993 12 13 18   -34   -73 10036    60   103     6 -9999 -9999
1993 12 14 06   -56   -98 10013    50   113     5 -9999 -9999
1993 12 14 09   -67  -109 10007    50    93     5 -9999 -9999
1993 12 14 12   -89  -133 10001    50    82     5 -9999    -1
1993 12 14 18  -117  -178  9974    50    93     2 -9999     0
1993 12 15 06  -117  -185  9937   340    10     7 -9999     0
1993 12 15 09  -126  -184  9935   100    26     6 -9999 -9999
1993 12 15 12  -125  -169  9936   100    62     7 -9999     0
1993 12 15 18  -132  -159  9926   100    62     7 -9999 -9999
1993 12 16 06  -144  -180  9938    40    26     1 -9999 -9999
1993 12 16 09  -136  -176  9950    90    57     1 -9999 -9999
1993 12 16 12  -123  -160  9965    90    57     3 -9999     0
1993 12 16 18  -114  -161  9980    60    62     2 -9999     0
1993 12 17 06  -114  -155  9992   100    87     2 -9999     0
1993 12 17 09  -116  -125  9991    80    93     8 -9999 -9999
1993 12 17 12  -108  -141  9988    90 -9999     7 -9999    -1
1993 12 17 18   -98  -139  9990    80   113     7 -9999 -9999
1993 12 18 06  -106  -133  9998    90   154     8 -9999 -9999
1993 12 18 09   -95  -120  9984    90   164     8 -9999 -9999
1993 12 18 12  -104  -112  9989    90   154     9 -9999    -1
1993 12 18 18  -102  -114  9982    80   154     8 -9999 -9999
1993 12 19 06   -99  -141  9946    80   144     5 -9999 -9999
1993 12 19 09   -97  -133  9938    50   144     5 -9999 -9999
1993 12 19 12   -92  -117  9919    70    72     7 -9999    -1
1993 12 20 06   -75   -96  9782    70   257     8 -9999 -9999
1993 12 20 09   -75   -96  9782    70   257     8 -9999 -9999
1993 12 20 12   -65   -85  9792    90   180     9 -9999    -1
1993 12 21 06   -93  -100  9840    50   170     9 -9999 -9999
1993 12 21 09   -93  -118  9855    40   170     8 -9999 -9999
1993 12 21 12   -87   -98  9863    70   170     9 -9999    -1
1993 12 22 06  -106  -114  9988    80   164     9 -9999 -9999
1993 12 22 09  -109  -117 10016    70   164     9 -9999 -9999
1993 12 22 12 -9999 -9999 10040    70   154     7 -9999    -1
1993 12 22 18  -137  -178 10098    80   180     6 -9999 -9999
1993 12 23 06  -170  -204 10191    80   144     1 -9999     0
1993 12 23 09  -157  -231 10214   170   154     1 -9999 -9999
1993 12 23 12  -166  -245 10242    60   113     4 -9999     0
1993 12 23 18  -173  -235 10267    70    98     0 -9999     0
1993 12 24 06  -184  -221 10247    90    51     3 -9999     0
1993 12 24 09  -194  -224 10237    70    31     4 -9999 -9999
1993 12 24 12  -184  -205 10226    70    31     7 -9999     0
1993 12 24 18  -143  -166 10174    90    41     8 -9999     0
1993 12 25 06   -15   -17 10016   260    62     8 -9999 -9999
1993 12 25 09   -31   -41 10008   300    77     8 -9999 -9999
1993 12 25 18   -92  -135 10029   300    57     7 -9999 -9999
1993 12 26 06  -108  -152 10051   300    21     7 -9999 -9999
1993 12 26 12  -132  -185 10100   100    41     1 -9999     0
1993 12 26 18  -164  -190 10148    90    31     0 -9999     0
1993 12 27 06  -170  -182 10188   110     5     1 -9999     0
1993 12 27 09  -175  -188 10198    70    21     1 -9999 -9999
1993 12 27 12  -165  -184 10198    70    10     2 -9999     0
1993 12 27 18  -149  -172 10202   100    10     7 -9999     0
1993 12 28 06   -86   -96 10157   100    51     8 -9999 -9999
1993 12 28 09   -78   -96 10152   100    62     8 -9999 -9999
1993 12 28 12   -80   -98 10145   100    62     8 -9999    -1
1993 12 28 18   -84   -98 10130   100    46     8 -9999 -9999
1993 12 29 06   -90   -97 10110   100    57     7 -9999 -9999
1993 12 29 09   -89   -96 10105   100    67     7 -9999 -9999
1993 12 29 12   -74   -87 10093   100    82     7 -9999     0
1993 12 29 18   -62   -71 10059    90    82     8 -9999 -9999
1993 12 30 06   -58   -65  9981   110    21     8 -9999 -9999
1993 12 30 12   -56   -63  9976     0     0     7 -9999     5
1993 12 30 18   -60   -71  9970     0     0     7 -9999 -9999
1993 12 31 06  -127  -142  9989   100    98     8 -9999 -9999
1993 12 31 09  -146  -163 10005   100    72     8 -9999 -9999
1993 12 31 12  -158  -183 10019    90    62     7 -9999    -1
1993 12 31 18  -195  -208 10022    80     5     1 -9999 -9999
