1996 01 01 06  -150  -229  9869    10    46     7 -9999 -9999
1996 01 01 09  -160  -200  9907    90    82     7 -9999 -9999
1996 01 01 12  -178  -214  9943    90    62     6 -9999     0
1996 01 01 18  -203  -256 10018    40    51     2 -9999     0
1996 01 02 06  -235  -272 10136    60    26     0 -9999     0
1996 01 02 09  -251  -291 10154    30    21     0 -9999 -9999
1996 01 02 12  -237  -275 10174    60    15     2 -9999     0
1996 01 02 18  -213  -270 10193   300    15     2 -9999     0
1996 01 03 06  -239  -277 10223    80    57     7 -9999     0
1996 01 03 09  -237  -275 10227    80    57     7 -9999 -9999
1996 01 03 12  -243  -296 10224    60    41     8 -9999     0
1996 01 03 18  -257  -299 10215    50    51     2 -9999     0
1996 01 04 06  -282  -311 10208    70    21     0 -9999     0
1996 01 04 09  -283  -312 10214    50    21     0 -9999 -9999
1996 01 04 12  -278  -306 10219    40    21     1 -9999     0
1996 01 04 18  -278  -306 10235    70    26     1 -9999     0
1996 01 05 06  -236  -273 10234    90    46     7 -9999     0
1996 01 05 09  -222  -257 10220    90    51     8 -9999 -9999
1996 01 05 12  -209  -242 10203    80    57     8 -9999    -1
1996 01 05 18  -135  -157 10155    80    57     8 -9999 -9999
1996 01 06 06  -165  -184 10124    90    36     7 -9999 -9999
1996 01 06 09  -160  -178 10131    90    51     7 -9999 -9999
1996 01 06 12  -149  -172 10141    90    72     7 -9999     1
1996 01 06 18  -150  -187 10159    80   113     7 -9999 -9999
1996 01 07 06  -148  -171 10136    90   144     8 -9999 -9999
1996 01 07 09  -129  -150 10112    80   134     8 -9999 -9999
1996 01 07 12  -111  -129 10083    80   103     8 -9999    10
1996 01 07 18   -96  -108 10021    90    46     8 -9999 -9999
1996 01 08 06   -18   -26  9989   240    57     7 -9999 -9999
1996 01 08 09   -23   -32  9997   230    51     7 -9999 -9999
1996 01 08 12   -28   -35 10001   220    41     7 -9999     1
1996 01 08 18   -30   -37 10003   230    36     8 -9999 -9999
1996 01 09 06   -22   -40 10020   290    15     8 -9999 -9999
1996 01 09 09   -20   -35 10028     0     0     8 -9999 -9999
1996 01 09 12    -5   -17 10029    40    10     8 -9999     0
1996 01 09 18     3    -5 10017    30    21     8 -9999     0
1996 01 10 06    18    10  9951   190    67     8 -9999 -9999
1996 01 10 09    14     3  9932   180    51     8 -9999 -9999
1996 01 10 12    18    10  9918   330    26     8 -9999    30
1996 01 10 18    19    11  9905   180    15     8 -9999 -9999
1996 01 11 06    12     7  9940   270    26     8 -9999 -9999
1996 01 11 09    10     7  9953   270    15     8 -9999 -9999
1996 01 11 12    10     7  9965   280    26     8 -9999    20
1996 01 11 18    16    11  9983   300    10     8 -9999 -9999
1996 01 12 06     1    -8  9993    70    62     8 -9999 -9999
1996 01 12 09     0    -8  9999    90    46     8 -9999 -9999
1996 01 12 12     3    -8 10005    40    36     8 -9999    70
1996 01 12 18    11     6 10017   190    62     8 -9999 -9999
1996 01 13 06     1    -5 10055   240    57     8 -9999 -9999
1996 01 13 09    -4   -16 10077   230    46     8 -9999 -9999
1996 01 13 12     2   -15 10103   290    67     6 -9999    10
1996 01 13 18   -12   -28 10155   250    57     7 -9999 -9999
1996 01 14 06   -63   -82 10218    80    36     2 -9999     0
1996 01 14 09   -48   -76 10227    70    67     7 -9999 -9999
1996 01 14 12   -53   -78 10234    90    72     7 -9999     0
1996 01 14 18   -71  -105 10233    80    36     2 -9999     0
1996 01 15 06   -65   -81 10206   120    10     8 -9999 -9999
1996 01 15 09   -16   -21 10193   330     5     7 -9999 -9999
1996 01 15 12    -8   -15 10178   160    36     7 -9999    -1
1996 01 15 18   -10   -36 10120    70    21     7 -9999 -9999
1996 01 16 06    11   -15  9983    90    87     8 -9999 -9999
1996 01 16 09     8   -19  9954   100    87     7 -9999 -9999
1996 01 16 12   -15   -17 -9999   180    21     9 -9999     0
1996 01 16 18     4    -7  9887    90    41     8 -9999 -9999
1996 01 17 06    -1   -55  9936   260    87     8 -9999 -9999
1996 01 17 09     5   -26  9953   250   103     8 -9999 -9999
1996 01 17 12     6    -5  9962   250    77     8 -9999     1
1996 01 17 18     4   -26 10046   280    87     8 -9999 -9999
1996 01 18 06    10     5 10103   260    31     8 -9999 -9999
1996 01 18 09    13     5 10099   270    26     8 -9999 -9999
1996 01 18 12    21    16 10089   200    15     8 -9999     3
1996 01 18 18    26    21 10061   160    21     8 -9999 -9999
1996 01 19 06    28    23 10005   190    87     8 -9999 -9999
1996 01 19 09    18    13 10025   270    51     8 -9999 -9999
1996 01 19 12    10   -46 10063   280   118     8 -9999    10
1996 01 19 18    -4   -65 10140   250    72     7 -9999 -9999
1996 01 20 06   -12   -44 10196   250    26     7 -9999 -9999
1996 01 20 09    -1   -28 10218   250    67     8 -9999 -9999
1996 01 20 12    -6   -74 10229   290    87     7 -9999     5
1996 01 20 18   -21   -60 10214   270    31     8 -9999 -9999
1996 01 21 06     7     2 10013   260    41     8 -9999 -9999
1996 01 21 09     3    -4  9973   240    67     8 -9999 -9999
1996 01 21 12   -55  -102  9986   320    77     7 -9999    20
1996 01 21 18   -99  -178 10052   280    82     7 -9999 -9999
1996 01 22 06   -77  -112 10058   350    10     8 -9999 -9999
1996 01 22 09   -44   -63 10006   240    31     8 -9999 -9999
1996 01 22 12   -16   -24  9962   250    93     8 -9999     1
1996 01 22 18    -5   -42  9968   270   108     8 -9999 -9999
1996 01 23 06  -126  -177 10173   290    51     7 -9999 -9999
1996 01 23 09  -122  -178 10225   300    26     7 -9999 -9999
1996 01 23 12  -118  -179 10267   310    26     7 -9999    -1
1996 01 23 18   -94  -151 10295   180    26     8 -9999 -9999
1996 01 24 06   -71  -119 10285    80    98     7 -9999     0
1996 01 24 09   -84  -107 10267    80   144     8 -9999 -9999
1996 01 24 12   -84  -103 10253    70   149     9 -9999     1
1996 01 24 18   -51  -101 10216    70   134     7 -9999 -9999
1996 01 25 06   -28   -41 10115    40    10     8 -9999 -9999
1996 01 25 09   -24   -46 10117   240   103     7 -9999 -9999
1996 01 25 12   -30   -47 10127   250   123     8 -9999    10
1996 01 25 18   -56   -74 10158   280   129     8 -9999 -9999
1996 01 26 06   -56  -103 10193   280    82     8 -9999 -9999
1996 01 26 09   -58  -106 10183   280    67     8 -9999 -9999
1996 01 26 12   -59  -112 10170   280    77     7 -9999    -1
1996 01 26 18   -71  -134 10118   310    57     7 -9999 -9999
1996 01 27 06   -88  -154 10102   280    26     7 -9999 -9999
1996 01 27 09   -99  -158 10105   350    36     7 -9999 -9999
1996 01 27 12  -108  -165 10098    50    57     6 -9999    -1
1996 01 27 18  -114  -155 10080    40    46     7 -9999 -9999
1996 01 28 06  -102  -156 10108    40    31     3 -9999     0
1996 01 28 09   -14  -149 10130    80    46     6 -9999 -9999
1996 01 28 12  -114  -155 10158    60    26     6 -9999     0
1996 01 28 18   -92  -137 10178   100    67     7 -9999     0
1996 01 29 06   -49   -69 10081    80    98     8 -9999 -9999
1996 01 29 09   -42   -65 10056    90    36     8 -9999 -9999
1996 01 29 12   -47   -56 10031     0     0     8 -9999    10
1996 01 29 18   -71   -88  9931   270   113     8 -9999 -9999
1996 01 30 06  -110  -189  9960   290    46     7 -9999 -9999
1996 01 30 09  -144  -202 10023   360    51     7 -9999 -9999
1996 01 30 12  -173  -225 10085   290    93     6 -9999     0
1996 01 30 18  -170  -264 10155   220    21     0 -9999     0
1996 01 31 06  -172  -244 10180    80    72     6 -9999     0
1996 01 31 09  -163  -230 10155    80    51     7 -9999 -9999
1996 01 31 12  -148  -192 10148    80    93     8 -9999    -1
1996 01 31 18  -161  -209 10150    60    77     7 -9999 -9999
1996 02 01 06  -232  -282 10212    40    21     1 -9999     0
1996 02 01 09  -234  -285 10213    70     5     1 -9999 -9999
1996 02 01 12  -222  -269 10208   100    36     1 -9999     0
1996 02 01 18  -191  -262 10189   280    36     7 -9999     0
1996 02 02 06  -204  -273 10107   360    46     7 -9999 -9999
1996 02 02 09  -212  -344 10099    70    41     6 -9999 -9999
1996 02 02 12  -250  -306 10094    80    46     3 -9999     0
1996 02 02 18  -255  -332 10082    70    87     2 -9999     0
1996 02 03 06  -243  -313 10146    50    21     1 -9999     0
1996 02 03 09  -239  -307 10159    60    21     1 -9999 -9999
1996 02 03 12  -241  -310 10173    50    31     1 -9999     0
1996 02 03 18  -231  -280 10195    70    46     7 -9999     0
1996 02 04 06  -227  -251 10223    80    46     3 -9999     0
1996 02 04 09  -212  -235 10231    90    62     5 -9999 -9999
1996 02 04 12  -218  -242 10232    70    46     6 -9999     0
1996 02 04 18  -191  -212 10234    90    46     7 -9999     0
1996 02 05 06  -128  -149 10239   360     5     8 -9999 -9999
1996 02 05 09  -126  -152 10240    90    15     7 -9999 -9999
1996 02 05 12  -118  -137 10243     0     0     7 -9999    -1
1996 02 05 18  -145  -162 10241    60    15     7 -9999 -9999
1996 02 06 06  -132  -147 10221   360    15     4 -9999     0
1996 02 06 09  -145  -162 10218    70     5     3 -9999 -9999
1996 02 06 12  -154  -172 10214    40    10     3 -9999     0
1996 02 06 18  -154  -172 10206    60    21     2 -9999     0
1996 02 07 06  -132  -159 10208    20    10     1 -9999     0
1996 02 07 09  -133  -154 10211    80     5     2 -9999 -9999
1996 02 07 12  -133  -154 10215    50    10     3 -9999     0
1996 02 07 18  -123  -148 10213    30    10     2 -9999     0
1996 02 08 06   -65   -81 10202     0     0     7 -9999 -9999
1996 02 08 09   -70   -87 10203   280    26     7 -9999 -9999
1996 02 08 12   -51   -68 10208   280    21     7 -9999    -1
1996 02 08 18   -30   -93 10215   300    46     5 -9999 -9999
1996 02 09 06   -27   -58 10242   230    41     7 -9999 -9999
1996 02 09 09   -25   -41 10240   210    36     8 -9999 -9999
1996 02 09 12     1   -25 10238   270   103     7 -9999     3
1996 02 09 18    -4   -52 10235   250    67     7 -9999 -9999
1996 02 10 06   -15   -39 10204   270    87     8 -9999 -9999
1996 02 10 09   -13   -64 10196   270    72     7 -9999 -9999
1996 02 10 12   -26   -45 10185   210    57     7 -9999    -1
1996 02 10 18   -39   -51 10149     0     0     7 -9999 -9999
1996 02 11 06   -45   -54 10067   280    26     7 -9999 -9999
1996 02 11 09   -39   -54 10060   290    26     7 -9999 -9999
1996 02 11 12   -36   -54 10050   280    21     8 -9999    -1
1996 02 11 18   -40   -52 10023   260     5     7 -9999 -9999
1996 02 12 06   -83  -110 10041   280    21     8 -9999 -9999
1996 02 12 09  -135  -163 10066    90   108     8 -9999 -9999
1996 02 12 12  -157  -189 10093    80    98     8 -9999     1
1996 02 12 18  -186  -215 10125    90    98     8 -9999 -9999
1996 02 13 06  -240  -265 10165    70    31     2 -9999 -9999
1996 02 13 09  -237  -275 10176    60    51     7 -9999 -9999
1996 02 13 12  -236  -273 10185    70    57     7 -9999     0
1996 02 13 18  -472 -9999 10194    60    41     1 -9999     0
1996 02 14 06  -236  -287 10191   300    21     1 -9999     0
1996 02 14 09  -226  -262 10186    90    10     3 -9999 -9999
1996 02 14 12  -205  -247 10176    60    31     3 -9999     0
1996 02 14 18  -227  -275 10150    50    15     0 -9999     0
1996 02 15 06  -242  -281 10128    10    15     1 -9999     0
1996 02 15 09  -241  -294 10123    20    21     2 -9999 -9999
1996 02 15 12  -230  -266 10116    60    26     5 -9999     0
1996 02 15 18  -230  -279 10110    80    21     2 -9999     0
1996 02 16 06  -172  -234 10066     0     0     8 -9999     0
1996 02 16 09  -182  -228 10058   110    10     8 -9999 -9999
1996 02 16 12  -197  -248 10056    80    26     6 -9999     0
1996 02 16 18  -215  -260 10051    50    21     5 -9999     0
1996 02 17 06  -214  -271 10113    90    72     2 -9999 -9999
1996 02 17 09  -226  -274 10121    70    10     2 -9999 -9999
1996 02 17 12  -194  -244 10122    30    15     8 -9999     0
1996 02 17 18  -122  -153 10089   230    57     7 -9999 -9999
1996 02 18 06  -142  -199 10077   320    46     7 -9999 -9999
1996 02 18 09  -149  -227 10087 -9999    10     8 -9999 -9999
1996 02 18 12  -144  -219 10100   110    21     8 -9999     0
1996 02 18 18  -179  -244 10135    20    21     1 -9999     0
1996 02 19 06  -161  -209 10172    80    62     7 -9999 -9999
1996 02 19 09  -168  -202 10185    70    41     7 -9999 -9999
1996 02 19 12  -162  -187 10193    50    26     7 -9999    -1
1996 02 19 18  -160  -178 10193    60    46     8 -9999 -9999
1996 02 20 06  -124  -144 10141   100    46     8 -9999 -9999
1996 02 20 09  -114  -138 10116    90    46     8 -9999 -9999
1996 02 20 12   -97  -123 10077    70    26     8 -9999    -1
1996 02 20 18   -47   -75 10001   310    15     8 -9999 -9999
1996 02 21 06     3    -8  9802   180    41     8 -9999 -9999
1996 02 21 09     1    -8  9789   200    62     8 -9999 -9999
1996 02 21 12    -3   -15  9795   230    57     8 -9999     1
1996 02 21 18     7   -15  9740   170    87     8 -9999 -9999
1996 02 22 06   -23   -63  9744   220   154     7 -9999 -9999
1996 02 22 09   -27   -72  9770   270   118     7 -9999 -9999
1996 02 22 12   -39   -84  9789   270    62     7 -9999     0
1996 02 22 18   -52  -102  9815   270    93     7 -9999 -9999
1996 02 23 06   -93  -138  9915   310    72     7 -9999 -9999
1996 02 23 09   -97  -190  9950   340    72     5 -9999 -9999
1996 02 23 12  -132  -192  9984   140    21     4 -9999    -1
1996 02 23 18  -176  -220 10035    80    26     4 -9999 -9999
1996 02 24 06  -143  -172 10010    70   164     8 -9999 -9999
1996 02 24 09  -132  -159 10007    80   139     8 -9999 -9999
1996 02 24 12  -122  -153 10005    90   118     8 -9999     1
1996 02 24 18  -108  -136 10006    90   108     8 -9999 -9999
1996 02 25 06   -59   -74 10014    90    51     8 -9999 -9999
1996 02 25 09   -45   -58 10028   100    36     8 -9999 -9999
1996 02 25 12   -32   -42 10035    80    57     8 -9999    30
1996 02 25 18   -34   -52 10023    80    77     7 -9999 -9999
1996 02 26 09   -22   -69  9923    80    77     7 -9999 -9999
1996 02 26 12   -30   -55  9914    80    62     7 -9999    -1
1996 02 26 18   -22   -58  9886    80    87     8 -9999 -9999
1996 02 27 06   -19   -57  9827    50    67     8 -9999 -9999
1996 02 27 09   -24   -43  9825    80    57     8 -9999 -9999
1996 02 27 12   -20   -57  9824    80    72     8 -9999    -1
1996 02 27 18    -7   -23  9830   170    31     3 -9999 -9999
1996 02 28 06   -11   -58  9853    70    31     7 -9999 -9999
1996 02 28 09    -8   -50  9871    80    82     7 -9999    -1
1996 02 28 18   -38   -75  9905    40    46     6 -9999 -9999
1996 02 29 06   -23   -52  9969    50    87     8 -9999 -9999
1996 02 29 09   -28   -48  9999    90    67     7 -9999 -9999
1996 02 29 12   -32   -49 10031    90    67     6 -9999     1
1996 02 29 18   -53   -78 10083   280    21     3 -9999 -9999
1996 03 01 06   -82  -100 10139   350    26     7 -9999     0
1996 03 01 09   -66   -90 10150   280    15     8 -9999 -9999
1996 03 01 12   -51   -84 10141   360     5     8 -9999    -1
1996 03 01 18   -55   -77 10117    70    36     7 -9999 -9999
1996 03 02 06   -65  -101 10091    90    77     8 -9999 -9999
1996 03 02 09   -79  -115 10094    70    77     3 -9999 -9999
1996 03 02 12   -89  -138 10105    50    72     7 -9999     0
1996 03 02 18   -97  -138 10109    70   108     7 -9999     0
1996 03 03 06  -113  -153 10062    80   123     8 -9999     0
1996 03 03 09  -124  -149 10050    80   129     8 -9999 -9999
1996 03 03 12  -112  -135 10020    60   123     8 -9999    -1
1996 03 03 18  -120  -139 10003    60   190     9 -9999 -9999
1996 03 04 06  -156  -187 10154    70   134     7 -9999 -9999
1996 03 04 09  -167  -209 10182    70   118     7 -9999 -9999
1996 03 04 12  -170  -212 10208    70    98     7 -9999    -1
1996 03 04 18  -186  -254 10233    50   113     2 -9999 -9999
1996 03 05 06  -213  -246 10212    80   134     4 -9999     0
1996 03 05 09  -214  -259 10204    70   118     7 -9999 -9999
1996 03 05 12  -208  -251 10172    80   129     8 -9999     0
1996 03 05 18  -189  -237 10101    80   134     8 -9999     0
1996 03 06 06   -47   -63  9928   280   129     8 -9999 -9999
1996 03 06 09   -60   -95  9918   260   118     7 -9999 -9999
1996 03 06 12   -53   -70  9909   280   134     7 -9999     1
1996 03 06 18   -50   -82  9842   230    72     8 -9999 -9999
1996 03 07 06   -95  -146  9878    50    51     6 -9999 -9999
1996 03 07 09  -102  -150  9940    50    26     1 -9999 -9999
1996 03 07 12  -112  -158  9984    70    51     7 -9999     0
1996 03 07 18  -107  -125 10063    90    46     8 -9999 -9999
1996 03 08 06   -64  -105 10166   350    15     7 -9999 -9999
1996 03 08 09   -28   -66 10153   190    41     8 -9999 -9999
1996 03 08 12   -10   -29 10110   170    72     8 -9999     1
1996 03 08 18     2   -25 10098   200    46     7 -9999 -9999
1996 03 09 06     5     0 10140   230    46     9 -9999 -9999
1996 03 09 09    13    -1 10140   240    51     8 -9999 -9999
1996 03 09 12     7    -1 10133   230    10     8 -9999    10
1996 03 09 18     6   -14 10148   240    67     7 -9999 -9999
1996 03 10 06     2   -18 10180   230    41     8 -9999 -9999
1996 03 10 09     5   -11 10181   220    36     8 -9999 -9999
1996 03 10 12     8    -6 10174   240    67     8 -9999     1
1996 03 10 18     3   -11 10131   240    31     8 -9999 -9999
1996 03 11 06    11    -6 10124   240    67     8 -9999 -9999
1996 03 11 09     2   -12 10156   250    31     8 -9999 -9999
1996 03 11 12    19     0 10154   170    57     8 -9999     1
1996 03 12 06    26     5 10066   180    98     8 -9999 -9999
1996 03 12 09    16     0 10068   210    41     8 -9999 -9999
1996 03 12 12    13    -1 10071   210    62     8 -9999    30
1996 03 12 18    19     0 10152   190    51     8 -9999 -9999
1996 03 13 06    14     0 10170   210    67     8 -9999 -9999
1996 03 13 12    14    -5 10248   160    15     7 -9999     1
1996 03 13 18     7    -7 10305   250    31     7 -9999 -9999
1996 03 14 06    10    -1 10332   260    26     8 -9999     0
1996 03 14 09    14     6 10336   270    21     8 -9999 -9999
1996 03 14 12    17     6 10339   260    21     8 -9999     0
1996 03 14 18     6    -2 10349     0     0     8 -9999     0
1996 03 15 06    10     2 10391   260    21     7 -9999 -9999
1996 03 15 09    13     2 10394   260    15     7 -9999 -9999
1996 03 15 12    16     2 10393   290     5     7 -9999     0
1996 03 15 18    -7   -22 10379   100    21     7 -9999     0
1996 03 16 06     4    -7 10347     0     0     7 -9999 -9999
1996 03 16 09     3   -24 10344   270    26     8 -9999 -9999
1996 03 16 12     4   -26 10342   270    21     7 -9999     1
1996 03 16 18     3   -20 10335   290    26     7 -9999 -9999
1996 03 17 06    -7   -22 10309   260     5     7 -9999 -9999
1996 03 17 09    -7   -23 10301   290    10     7 -9999 -9999
1996 03 17 12     5   -17 10282   240    57     7 -9999     1
1996 03 17 18     5   -26 10246   250    67     8 -9999 -9999
1996 03 18 06     5   -18 10173   250    72     7 -9999 -9999
1996 03 18 09    -3   -21 10154   230    67     7 -9999 -9999
1996 03 18 12     5   -21 10135   240    72     7 -9999    -1
1996 03 18 18    -6   -21 10086   310    10     8 -9999 -9999
1996 03 19 06   -43   -70 10030   290    26     7 -9999 -9999
1996 03 19 09   -47   -67 10032   360     5     7 -9999 -9999
1996 03 19 12   -44   -63 10037    60    26     7 -9999     3
1996 03 19 18   -70  -127 10046    40    87     7 -9999 -9999
1996 03 20 06  -112  -146 10077    60    41     5 -9999     0
1996 03 20 09  -118  -160 10081    40    10     7 -9999 -9999
1996 03 20 12  -108  -152 10087    40    10     7 -9999     0
1996 03 20 18   -97  -168 10081    10    15     8 -9999     0
1996 03 21 06   -63  -108 10044    90    57     7 -9999 -9999
1996 03 21 09   -71  -109 10046    80    72     8 -9999 -9999
1996 03 21 12   -72  -106 10047    80    93     8 -9999    -1
1996 03 21 18   -69  -107 10064    90    67     8 -9999 -9999
1996 03 22 00   -24   -35 -9999   210    77     8 -9999 -9999
1996 03 22 06   -63   -99 10120    90    57     7 -9999 -9999
1996 03 22 09   -40   -77 10128    80    46     8 -9999 -9999
1996 03 22 12   -14   -66 10130    60    31     8 -9999     0
1996 03 22 18     2   -22 10124   170    57     8 -9999 -9999
1996 03 23 06    -2   -14 10165   220    36     8 -9999 -9999
1996 03 23 09     0   -23 10174   270    26     7 -9999 -9999
1996 03 23 12     3    -8 10175   170    21     8 -9999    10
1996 03 23 18     0    -6 10179    50    15     8 -9999 -9999
1996 03 24 06    12   -23 10165    80    62     6 -9999 -9999
1996 03 24 09    12   -30 10155    70    67     7 -9999 -9999
1996 03 24 12    -1   -21 10144    80    77     7 -9999     1
1996 03 25 06   -62  -102 10107    50    82     8 -9999 -9999
1996 03 25 09   -65  -115 10116    40   108     7 -9999 -9999
1996 03 25 12   -68  -130 10133    20    67     7 -9999    -1
1996 03 25 18   -95  -141 10146    50   113     8 -9999 -9999
1996 03 26 06  -142  -184 10160    90   108     1 -9999     0
1996 03 26 09  -142  -184 10160    80    98     2 -9999 -9999
1996 03 26 12  -141  -190 10159    80    87     1 -9999     0
1996 03 26 18  -159  -206 10152    80    77     1 -9999     0
1996 03 27 06  -177  -222 10147    80   103     1 -9999     0
1996 03 27 09  -166  -216 10154    80    98     1 -9999 -9999
1996 03 27 12  -158  -205 10155    80   108     1 -9999     0
1996 03 27 18  -151  -204 10165    70    98     1 -9999     0
1996 03 28 06  -158  -197 10166    80    67     1 -9999     0
1996 03 28 09  -150  -211 10165    70    57     3 -9999 -9999
1996 03 28 12  -135  -189 10167    80    77     2 -9999     0
1996 03 28 18  -140  -189 10167    70    46     1 -9999     0
1996 03 29 06  -148  -200 10170    70    72     1 -9999     0
1996 03 29 09  -144  -187 10174    80    98     1 -9999 -9999
1996 03 29 12  -138  -179 10194    80    87     1 -9999     0
1996 03 29 18  -153  -198 10206    60    57     1 -9999     0
1996 03 30 09  -125  -157 10233    90    41     3 -9999 -9999
1996 03 30 12   -93  -133 10235    80    26     5 -9999     0
1996 03 30 18   -79  -125 10220    40    41     7 -9999 -9999
1996 03 31 06   -18   -36 10123   160    93     8 -9999 -9999
1996 03 31 09   -11   -21 10094   160    98     8 -9999 -9999
1996 03 31 12   -10   -17 10073   200    57     9 -9999    10
1996 03 31 18   -52   -93 10092   280    67     8 -9999 -9999
1996 04 01 06   -89  -123 10115    50    36     8 -9999 -9999
1996 04 01 09   -71  -114 10098    70    62     8 -9999 -9999
1996 04 01 12   -58   -88 10062    70    57     8 -9999     1
1996 04 01 18   -59  -102 10029   280    57     8 -9999 -9999
1996 04 02 06   -99  -146 10020     0     0     7 -9999     0
1996 04 02 09   -88  -154 10014    30    26     7 -9999 -9999
1996 04 02 12   -82  -138 10003    70    51     7 -9999    -1
1996 04 02 18   -83  -106 10009   180    46     8 -9999 -9999
1996 04 03 06   -81  -117 10051    80    72     6 -9999 -9999
1996 04 03 09   -77  -108 10064    60    62     5 -9999 -9999
1996 04 03 12   -80  -111 10083    70    62     8 -9999     1
1996 04 03 18   -83  -135 10107    70    46     5 -9999 -9999
1996 04 04 06   -81  -132 10144    60    57     6 -9999     0
1996 04 04 09   -78  -134 10149    40    82     3 -9999 -9999
1996 04 04 12   -67  -128 10157    70    87     3 -9999     0
1996 04 04 18   -92  -188 10150    50    57     2 -9999     0
1996 04 05 06  -133  -229 10124    50     5     4 -9999     0
1996 04 05 09  -106  -206 10109    30     5     7 -9999 -9999
1996 04 05 12   -79  -172 10091     0     0     8 -9999     0
1996 04 05 18   -85  -169 10054   360     5     8 -9999     0
1996 04 06 06   -92  -121  9998   360     5     7 -9999     0
1996 04 06 09   -57   -83  9992   340    10     8 -9999 -9999
1996 04 06 12   -56   -74  9992    40    15     8 -9999    10
1996 04 06 18   -92  -112 10011    50    26     6 -9999 -9999
1996 04 07 06   -63   -90  9994   250    26     7 -9999 -9999
1996 04 07 09   -55   -81 10004   240    57     6 -9999 -9999
1996 04 07 12   -58  -106 10027   270    26     7 -9999     1
1996 04 07 18   -56  -122 10070    60    57     2 -9999 -9999
1996 04 08 06   -69  -131 10171    40    87     5 -9999     0
1996 04 08 09   -69  -131 10207    60    72     2 -9999 -9999
1996 04 08 12   -64  -146 10240    80    57     1 -9999     0
1996 04 09 06  -111  -163 10367    80    67     8 -9999     0
1996 04 09 09  -109  -160 10386    90    82     0 -9999 -9999
1996 04 09 12  -105  -160 10404    90    82     3 -9999     0
1996 04 09 18  -117  -171 10425    60    41     2 -9999     0
1996 04 10 06  -104  -142 10428    60    21     8 -9999     0
1996 04 10 09   -79  -120 10419     0     0     8 -9999 -9999
1996 04 10 12   -41   -87 10407   330    15     8 -9999    -1
1996 04 10 18   -23   -39 10363   230    36     8 -9999 -9999
1996 04 11 06    -5   -17 10196   250    67     8 -9999 -9999
1996 04 11 09    10   -10 10180   270    67     7 -9999 -9999
1996 04 11 12     8    -9 10181   280    57     7 -9999    10
1996 04 11 18    -3   -15 10171   260    57     8 -9999 -9999
1996 04 12 06   -11   -58 10139   300    21     7 -9999 -9999
1996 04 12 09   -27   -53 10145   110    46     7 -9999 -9999
1996 04 12 12   -38   -67 10152    90    57     3 -9999     0
1996 04 12 18   -75  -110 10185    90    82     6 -9999     0
1996 04 13 06  -106  -133 10237    90    62     8 -9999 -9999
1996 04 13 09  -113  -142 10251    90    72     8 -9999 -9999
1996 04 13 12  -107  -145 10253    90    82     8 -9999     1
1996 04 13 18  -104  -147 10262    90    67     7 -9999 -9999
1996 04 14 06  -140  -182 10277    80    26     0 -9999     0
1996 04 14 09  -108  -152 10277    70    26     1 -9999 -9999
1996 04 14 12   -86  -145 -9999    80    10     1 -9999     0
1996 04 14 18  -128  -166 10274    70    21     2 -9999     0
1996 04 15 06  -127  -165 10274    90    93     2 -9999     0
1996 04 15 09  -127  -165 10276    90    98     1 -9999 -9999
1996 04 15 12  -130  -169 10284    90    82     1 -9999     0
1996 04 15 18  -138  -186 10287    80    51     1 -9999     0
1996 04 16 06  -126  -170 10290    90    87     1 -9999     0
1996 04 16 09  -117  -171 10291    80    72     1 -9999 -9999
1996 04 16 12  -105  -167 10292    60    87     1 -9999     0
1996 04 16 18  -105  -160 10294    90    51     1 -9999     0
1996 04 17 06  -110  -161 10301    90    93     0 -9999     0
1996 04 17 09  -102  -156 10305    80    98     0 -9999 -9999
1996 04 17 12   -95  -152 10307    90    98     0 -9999     0
1996 04 17 18   -89  -144 10304    70    72     0 -9999     0
1996 04 18 06  -103  -140 10306    70    36     0 -9999     0
1996 04 18 09   -85  -133 10306    80    82     0 -9999 -9999
1996 04 18 12   -85  -133 10306    90    82     0 -9999     0
1996 04 18 18   -97  -143 10305    90   103     0 -9999     0
1996 04 19 06  -131  -152 10309    90    82     1 -9999     0
1996 04 19 09  -124  -149 10309    90    82     1 -9999 -9999
1996 04 19 12  -106  -150 10306    90    82     0 -9999     0
1996 04 19 18  -112  -152 10297    70    57     0 -9999     0
1996 04 20 06  -148  -226 10270    70    21     0 -9999     0
1996 04 20 09  -108  -193 10261    80    46     0 -9999 -9999
1996 04 20 12  -100  -154 10256    90    67     0 -9999     0
1996 04 20 18  -112  -170 10247    80    31     0 -9999     0
1996 04 21 06  -148  -216 10228    70    31     1 -9999     0
1996 04 21 09  -117  -164 10225    90    62     1 -9999 -9999
1996 04 21 12  -105  -154 10219    90    72     2 -9999     0
1996 04 21 18  -113  -172 10213    70    46     1 -9999     0
1996 04 22 06  -141  -190 10222    80    57     1 -9999     0
1996 04 22 09  -121  -170 10234    80    57     1 -9999 -9999
1996 04 22 12  -120  -162 10247    90    62     1 -9999     0
1996 04 22 18  -129  -167 10270    60    46     1 -9999     0
1996 04 23 06  -136  -176 10303     0     0     1 -9999 -9999
1996 04 23 09  -100  -154 10307    30     5     1 -9999 -9999
1996 04 23 12   -95  -152 10310    20    10     1 -9999     0
1996 04 23 18   -84  -131 10306    30    10     2 -9999     0
1996 04 24 06   -76   -98 10261    60    21     7 -9999 -9999
1996 04 24 09   -52   -77 10243    50    10     8 -9999 -9999
1996 04 24 12   -23   -47 10215 -9999    21     7 -9999    10
1996 04 24 18   -25   -38 10170   220    51     9 -9999 -9999
1996 04 25 06   -39   -97 10116   240    77     7 -9999 -9999
1996 04 25 09   -41   -83 10112   250    51     6 -9999 -9999
1996 04 25 12   -40  -123 10109   270    62     1 -9999     1
1996 04 25 18   -49  -123 10070   290    36     6 -9999 -9999
1996 04 26 06  -119  -155 10024    70    21     2 -9999     0
1996 04 26 09   -77  -143 10023     0     0     1 -9999 -9999
1996 04 26 12   -49  -122 10019     0     0     7 -9999     0
1996 04 26 18   -82  -139 10015     0     0     7 -9999     0
1996 04 27 06   -83  -130  9980   100    62     7 -9999 -9999
1996 04 27 09   -67  -128  9980    80    67     7 -9999 -9999
1996 04 27 12   -79  -125  9984    50    67     7 -9999    -1
1996 04 27 18   -89  -128  9979    30    77     7 -9999 -9999
1996 04 28 06   -49  -122  9974    30    67     8 -9999 -9999
1996 04 28 09   -59   -90  9972    50   123     9 -9999 -9999
1996 04 28 12   -49   -69  9996    60   113     7 -9999     1
1996 04 28 18   -44   -75 10011    60    93     8 -9999 -9999
1996 04 29 06   -44   -83 10034    50   108     7 -9999 -9999
1996 04 29 09   -48  -106 10050    50    87     8 -9999 -9999
1996 04 29 12   -43  -118 10059    40    98     7 -9999    -1
1996 04 29 18   -46  -139 10077    40    62     2 -9999 -9999
1996 04 30 06   -94  -163 10088    90    77     1 -9999     0
1996 04 30 09   -90  -164 10089   100    82     1 -9999 -9999
1996 04 30 12   -80  -148 10092    90    77     1 -9999     0
1996 04 30 18   -75  -158 10096    40    26     1 -9999     0
1996 05 01 06  -104  -147 10100    80    57     3 -9999     0
1996 05 01 09   -94  -151 -9999    90    72     1 -9999 -9999
1996 05 01 12   -92  -154 10103    90    72     3 -9999     0
1996 05 01 18   -97  -138 10104    90    57     7 -9999 -9999
1996 05 02 06  -112  -158 10108    70    93     7 -9999 -9999
1996 05 02 09  -114  -158 10118    60    82     7 -9999 -9999
1996 05 02 12  -116  -163 10127    90    82     7 -9999 -9999
1996 05 02 18  -130  -182 10145    50    57     5 -9999     0
1996 05 03 06  -140  -189 10177    50    41     1 -9999     0
1996 05 03 09  -117  -178 10179    70    31     1 -9999 -9999
1996 05 03 12   -99  -165 10184   100    21     1 -9999     0
1996 05 03 18  -106  -156 10187    30    10     4 -9999 -9999
1996 05 04 06   -97  -133 10173    50    10     3 -9999 -9999
1996 05 04 09   -78  -118 10173    40    10     2 -9999 -9999
1996 05 04 12   -49  -133 10170    80    10     5 -9999    -1
1996 05 04 18   -61  -130 10163   310    36     7 -9999 -9999
1996 05 05 06   -91  -153 10144   320    10     7 -9999 -9999
1996 05 05 09   -77  -162 10141   290    46     6 -9999 -9999
1996 05 05 12   -75  -152 10141   290    36     7 -9999     1
1996 05 05 18   -83  -125 10128   280    31     7 -9999 -9999
1996 05 06 06   -65   -93 10130   270    26     7 -9999 -9999
1996 05 06 09   -48   -96 10133   280    46     7 -9999 -9999
1996 05 06 12   -47   -99 10138   270    26     7 -9999     1
1996 05 06 18   -49   -93 10144    40    10     7 -9999 -9999
1996 05 07 06   -86  -114 10152    90    77     8 -9999 -9999
1996 05 07 09   -84  -121 10157    90    72     7 -9999 -9999
1996 05 07 12   -81  -127 10163    90    77     7 -9999    -1
1996 05 07 18   -87  -130 10173    80    62     7 -9999 -9999
1996 05 08 06   -97  -133 10185    90    46     2 -9999     0
1996 05 08 09   -91  -135 10194    80    36     3 -9999 -9999
1996 05 08 12   -82  -119 10201    90    41     6 -9999     0
1996 05 08 18   -72  -110 10214    40    15     7 -9999     0
1996 05 09 06   -69  -126 10238    20    21     2 -9999 -9999
1996 05 09 09   -49   -81 10238   240    31     7 -9999 -9999
1996 05 09 12   -16   -50 10234   200    36     7 -9999     1
1996 05 09 18   -24   -49 10208   210    36     7 -9999 -9999
1996 05 10 06   -41   -66 10133   100    26     8 -9999 -9999
1996 05 10 09   -40   -59 10112    80    26     8 -9999 -9999
1996 05 10 12   -26   -52 10070    90    46     8 -9999    10
1996 05 10 18   -32   -63 10099    80    57     8 -9999 -9999
1996 05 11 06   -42   -68 10102    90    82     8 -9999 -9999
1996 05 11 09   -40   -70 10104    80    77     7 -9999 -9999
1996 05 11 12   -34   -66 10111    90    77     8 -9999    -1
1996 05 11 18   -29   -59 10119    90    51     7 -9999 -9999
1996 05 12 06   -23   -55 10168   350     5     1 -9999 -9999
1996 05 12 09   -20   -87 10185   290    57     3 -9999 -9999
1996 05 12 12   -38   -83 10201   290    62     7 -9999     0
1996 05 12 18   -50  -108 10223   300    82     6 -9999     0
1996 05 13 06   -87  -153 10252   300    62     1 -9999     0
1996 05 13 09   -79  -159 10260   290    36     1 -9999 -9999
1996 05 13 12   -74  -157 10264   290    57     1 -9999     0
1996 05 13 18   -78  -157 10274    10    15     7 -9999     0
1996 05 14 06   -57  -120 10250    30    21     8 -9999     0
1996 05 14 09   -29  -115 10251    40    26     7 -9999 -9999
1996 05 14 12   -26  -132 10254    60    26     6 -9999     0
1996 05 14 18   -17  -117 10260    10    21     8 -9999     0
1996 05 15 06   -29  -126 10254    30    10     8 -9999     0
1996 05 15 09   -16  -110 10253   280    15     7 -9999 -9999
1996 05 15 12   -16   -85 10253   260    21     7 -9999     0
1996 05 15 18   -13   -86 10250   360    10     2 -9999     0
1996 05 16 06   -53  -123 10261    60    15     5 -9999     0
1996 05 16 09   -30   -97 10264    90    21     1 -9999 -9999
1996 05 16 12   -28   -90 10264   100    15     1 -9999     0
1996 05 16 18   -17   -78 10263     0     0     6 -9999     0
1996 05 17 06    -5   -62 10252     0     0     2 -9999     0
1996 05 17 09    19   -35 10252   280    15     3 -9999 -9999
1996 05 17 12     2   -28 10250   250    62     3 -9999     0
1996 05 17 18    -3   -44 10251   300    31     3 -9999     0
1996 05 18 06   -11   -43 10240   270    57     7 -9999 -9999
1996 05 18 09   -13   -27 10235   250    46     8 -9999 -9999
1996 05 18 12    -6   -44 10227   260    41     7 -9999    -1
1996 05 18 18    -7   -20 10186   180    36     8 -9999 -9999
1996 05 19 06     2   -66 10188   320    21     7 -9999 -9999
1996 05 19 09    13   -70 10201   330    26     4 -9999 -9999
1996 05 19 12    48   -39 10214   120     5     2 -9999     0
1996 05 19 18    -7   -42 10221   270    31     1 -9999     0
1996 05 20 06   -15   -49 10216   290    31     7 -9999     0
1996 05 20 09   -11   -27 10208   220    51     7 -9999 -9999
1996 05 20 12    -7   -29 10194   280    46     7 -9999     0
1996 05 20 18    13   -62 10187   290    51     1 -9999     0
1996 05 21 06   -18   -67 10221    80    87     1 -9999     0
1996 05 21 09   -19   -65 10239    90    67     1 -9999 -9999
1996 05 21 12   -18   -71 10254    90    51     1 -9999     0
1996 05 21 18   -13   -68 10265   110    15     7 -9999     0
1996 05 22 06   -28   -58 10246   120    26     8 -9999 -9999
1996 05 22 09   -19   -50 10241    60    15     7 -9999 -9999
1996 05 22 12   -12   -52 10240   170    26     7 -9999     3
1996 05 22 18   -18   -55 10231   170    36     8 -9999 -9999
1996 05 23 06   -31   -66 10224   100    41     7 -9999     0
1996 05 23 09   -18   -67 10223    80    15     6 -9999 -9999
1996 05 23 12    -9   -59 10219    60    31     6 -9999     0
1996 05 23 18   -21   -60 10197    90    77     7 -9999     0
1996 05 24 06   -17   -62 10149    70    72     7 -9999     0
1996 05 24 09   -15   -52 10144    80    57     7 -9999 -9999
1996 05 24 12   -10   -53 10141    80    67     7 -9999    -1
1996 05 24 18   -16   -57 10130    80    82     7 -9999 -9999
1996 05 25 06   -27   -76 10110    50   103     7 -9999     0
1996 05 25 09   -17   -62 10112    40   118     7 -9999 -9999
1996 05 25 12   -13   -50 10114    40   108     7 -9999    -1
1996 05 25 18   -23   -78 10113    50    87     2 -9999 -9999
1996 05 26 06   -31   -66 10105   100    77     6 -9999 -9999
1996 05 26 09   -27   -84 10104    90    62     7 -9999 -9999
1996 05 26 12   -25   -90 10098    60    67     4 -9999    -1
1996 05 26 18   -38  -100 10082    40    57     2 -9999 -9999
1996 05 27 00   -23   -89 10088   110    51     2 -9999 -9999
1996 05 27 06   -30   -82 10063    50    67     1 -9999     0
1996 05 27 09   -26   -75 10065    90    93     1 -9999 -9999
1996 05 27 12   -19   -73 10067    80    67     1 -9999     0
1996 05 27 18   -28   -81 10078    80    57     2 -9999     0
1996 05 28 06   -34   -86 10111    90    51     7 -9999     0
1996 05 28 09   -21   -84 10122   100    31     3 -9999 -9999
1996 05 28 12    -8   -73 10128   110    10     6 -9999     0
1996 05 28 18   -20   -53 10131   220    31     8 -9999 -9999
1996 05 29 06   -10   -53 10128    80    26     2 -9999 -9999
1996 05 29 09     9   -44 10131    70    10     4 -9999 -9999
1996 05 29 12    23   -44 10140    90     5     1 -9999     0
1996 05 29 18    26   -23 10159     0     0     1 -9999     0
1996 05 30 06   -12   -59 10185    90    26     6 -9999     0
1996 05 30 12     3   -37 10203   100    31     2 -9999     0
1996 05 30 18     4   -32 10213    50    10     1 -9999     0
1996 05 31 06    -6   -55 10221   100    77     6 -9999     0
1996 05 31 09    -1   -61 10224    80    67     7 -9999 -9999
1996 05 31 12    -1   -57 10225   110    77     7 -9999     0
1996 05 31 18   -16  -276 10207   110    77     2 -9999     0
1996 06 01 06   -48   -80 10169   110   113     2 -9999 -9999
1996 06 01 09   -45   -80 10163   110    57     3 -9999 -9999
1996 06 01 12   -40   -86 10152   110   108     3 -9999     0
1996 06 01 18   -31   -77 10135    80   113     7 -9999     0
1996 06 02 06    -8   -50 10084    90   103     8 -9999 -9999
1996 06 02 09   -16   -36 10083    70   118     8 -9999 -9999
1996 06 02 12   -13   -33 10071    60   154     7 -9999     3
1996 06 02 18     3   -35 10065    80   123     7 -9999 -9999
1996 06 03 06    11   -22 10067   100   108     8 -9999 -9999
1996 06 03 09    11   -21 10077    80   113     8 -9999 -9999
1996 06 03 18    18   -23 10092    70   108     7 -9999 -9999
1996 06 04 06    25   -17 10100    60    98     8 -9999     0
1996 06 04 09    22   -18 10104    50    93     7 -9999 -9999
1996 06 04 18    16   -32 10113    60    93     8 -9999 -9999
1996 06 05 06     3   -11 10137    90    67     7 -9999 -9999
1996 06 05 09    16   -28 10140   110    51     7 -9999 -9999
1996 06 05 18    15   -23 10124    80   103     8 -9999 -9999
1996 06 06 06    21   -16 10091    90    98     8 -9999 -9999
1996 06 06 09    29   -16 10088    80    77     7 -9999 -9999
1996 06 06 12    33    -5 10085    80   113     7 -9999     0
1996 06 06 18    20    -8 10084    90    93     8 -9999 -9999
1996 06 07 06    37   -22 10087    80    93     7 -9999 -9999
1996 06 07 12    32   -19 10094   100    72     7 -9999     0
1996 06 07 18    23    -7 10094    90   103     7 -9999     0
1996 06 08 06     5   -18 10104    90    67     7 -9999 -9999
1996 06 08 09     7   -16 10107    90    62     7 -9999 -9999
1996 06 08 12     7   -13 10108    60    46     7 -9999    -1
1996 06 08 18     7   -13 10103    80    41     7 -9999 -9999
1996 06 09 06     6   -14 10083    90    51     7 -9999     0
1996 06 09 09     9   -14 10088    70    41     7 -9999 -9999
1996 06 09 12    13   -19 10082    80    41     7 -9999     0
1996 06 09 18    11   -12 10105   220    10     7 -9999     0
1996 06 10 06    12    -5 10125    30    10     7 -9999     0
1996 06 10 09    33     1 10131   110     5     7 -9999 -9999
1996 06 10 12    32     3 10134     0     0     8 -9999    -1
1996 06 10 18    12     1 10132    80    21     7 -9999 -9999
1996 06 11 06    23   -10 10125     0     0     8 -9999 -9999
1996 06 11 09    26   -13 10127    40    15     8 -9999 -9999
1996 06 11 12    26   -13 10128    70    21     8 -9999     0
1996 06 11 18    17   -20 10131    30    26     8 -9999     0
1996 06 12 06    23   -37 10130    90    26     6 -9999     0
1996 06 12 09    20   -27 10133    90    72     4 -9999 -9999
1996 06 12 12    19   -31 10136    90    93     3 -9999     0
1996 06 12 18    21   -30 10147    40    72     6 -9999     0
1996 06 13 06     3   -26 10160    90   103     6 -9999     0
1996 06 13 09     3   -13 10170    90    93     3 -9999 -9999
1996 06 13 12     5   -11 10177    90    93     2 -9999     0
1996 06 13 18    18   -36 10186    50    51     4 -9999     0
1996 06 14 06     5   -43 10193    60    62     7 -9999     0
1996 06 14 09    12   -37 10199    80    41     8 -9999 -9999
1996 06 14 12    17   -47 10204    80    51     7 -9999     0
1996 06 14 18    17   -39 10207    90    82     8 -9999     0
1996 06 15 06     3   -37 10216   100    82     8 -9999     0
1996 06 15 12    11   -35 10235    90    72     7 -9999    -1
1996 06 15 18    15   -21 10243    80    51     8 -9999    -1
1996 06 16 06     0   -20 10247   110    72     7 -9999     0
1996 06 16 09     5   -24 10248   110    72     7 -9999 -9999
1996 06 16 12     7   -30 10252   110    82     6 -9999     0
1996 06 16 18    -5   -39 10240   120    82     6 -9999     0
1996 06 17 06     9   -37 10209   100    62     7 -9999     0
1996 06 17 09    19   -31 10211   120    51     8 -9999 -9999
1996 06 17 12    18   -33 10212    80    51     8 -9999     0
1996 06 17 18    15   -21 10210    80    51     8 -9999     0
1996 06 18 06    -1   -41 10222    90    72     4 -9999     0
1996 06 18 09     1   -48 10226    90    72     4 -9999 -9999
1996 06 18 12     4   -44 10234    40    51     7 -9999     0
1996 06 18 18    11   -34 10233   100    62     5 -9999     0
1996 06 19 09     7   -47 10249    90    41     4 -9999 -9999
1996 06 19 12     3   -45 10253    90    72     6 -9999     0
1996 06 19 18    -5   -39 10253   100    51     8 -9999     0
1996 06 20 06   -11   -40 10249   220    10     8 -9999     0
1996 06 20 09     3   -42 10248   230    21     8 -9999 -9999
1996 06 20 12     3   -42 -9999   230    21     8 -9999 -9999
1996 06 20 18    -5   -15 10247   230    31     8 -9999     0
1996 06 21 06   -11   -30 10241   220    10     6 -9999     0
1996 06 21 09     5   -20 10230     0     0     6 -9999 -9999
1996 06 21 12     0   -26 10208   100    72     2 -9999     0
1996 06 21 18   -22 -9999 10192    80    62     7 -9999     0
1996 06 22 06    13   -19 10118    90   113     8 -9999     0
1996 06 22 09    24   -12 10110    60   113     7 -9999     0
1996 06 22 12    36    -4 10102    70   113     7 -9999     0
1996 06 22 18    39     4 10088    70   206     7 -9999 -9999
1996 06 23 06    35    -3 10086    80    82     7 -9999     0
1996 06 23 09    25    -5 10089    80   103     7 -9999 -9999
1996 06 23 12    25    -5 10096    80   103     8 -9999     0
1996 06 23 18    23    -4 10082    80    82     8 -9999 -9999
1996 06 24 06     7   -10 10113    90    41     8 -9999 -9999
1996 06 24 09     9    -2 10124     0     0     8 -9999 -9999
1996 06 24 12    19     8 10130   250    21     7 -9999     5
1996 06 24 18    11     3 10125   270    31     7 -9999 -9999
1996 06 25 06     5     0 10132   220    41     8 -9999 -9999
1996 06 25 09     5     0 10126   240    21     8 -9999 -9999
1996 06 25 12    11     3 10108   330    10     8 -9999    30
1996 06 25 18    16     2 10048    30    21     8 -9999 -9999
1996 06 26 06    21   -16  9942    90    51     7 -9999 -9999
1996 06 26 09    30     3  9948    80    31     8 -9999 -9999
1996 06 26 12    26     8  9953   230    10     8 -9999     0
1996 06 26 18    21     5  9960   250    21     8 -9999     0
1996 06 27 06    -7 -9999 10010   220    21     7 -9999 -9999
1996 06 27 09     9     1 10020   290    21     7 -9999 -9999
1996 06 27 12    20     4 10032   230    31     7 -9999   200
1996 06 27 18    26   -13 10058   300    41     7 -9999 -9999
1996 06 28 06    36   -24 10100    60    10     1 -9999     0
1996 06 28 09    33   -12 10108    90    10     5 -9999 -9999
1996 06 28 12    35   -18 10126   280    51     5 -9999     0
1996 06 29 06    17    -8 10100     0     0     7 -9999     0
1996 06 29 09    28   -14 10099   210    10     8 -9999 -9999
1996 06 29 12    21    -7 10096   250    31     8 -9999     0
1996 06 29 18    19   -15 10090   250    31     8 -9999     0
1996 06 30 06     9    -4 10081   250    21     7 -9999 -9999
1996 06 30 09    16   -15 10081   240    41     7 -9999 -9999
1996 06 30 12    19    -3 10078   250    41     7 -9999    -1
1996 07 01 06    26   -44 10091    90    21     5 -9999     0
1996 07 01 09    26   -16 10093   250    41     7 -9999 -9999
1996 07 01 12    25   -34 10091   260    51     7 -9999     0
1996 07 01 18     9   -18 10076   270    41     4 -9999     0
1996 07 02 06    13   -22 10073    60    10     7 -9999     0
1996 07 02 09    44   -27 10072   290    31     6 -9999 -9999
1996 07 02 12    43    -8 10073   270    41     7 -9999     0
1996 07 02 18    30     9 10067   260    51     7 -9999     0
1996 07 03 06    29   -13 -9999   110    21     3 -9999     0
1996 07 03 09    43    -2 10043 -9999    21     4 -9999 -9999
1996 07 03 12    59     2 10060    80    31     3 -9999 -9999
1996 07 03 18    49    14 10068 -9999    10     4 -9999     0
1996 07 04 06    22    -3 10080   110     5     1 -9999     0
1996 07 04 09    50    -3 10080   230    31     2 -9999 -9999
1996 07 04 18    37     3 10085   250    51     1 -9999     0
1996 07 05 06    23    15 10071   230    10     8 -9999 -9999
1996 07 05 09    30    22 10065   240    21     8 -9999 -9999
1996 07 05 12    28    20 10058   210    41     8 -9999     1
1996 07 05 18    28    12 10043   260    41     7 -9999 -9999
1996 07 06 06    31    10 10030    90    10     8 -9999 -9999
1996 07 06 09    42    14 10034   110    10     2 -9999 -9999
1996 07 06 18    50    -3 10033   280    31     7 -9999     0
1996 07 07 09    33   -14 10038 -9999    21     2 -9999 -9999
1996 07 07 12    54   -10 10042 -9999    31     4 -9999     0
1996 07 07 18    51   -11 10047    90    31     6 -9999     0
1996 07 08 06    18   -13 -9999   260    51     7 -9999 -9999
1996 07 08 09    24   -15 10083   250    51     7 -9999 -9999
1996 07 08 12    17    -5 10083   230    51     8 -9999     0
1996 07 08 18    28     8 10101   230    31     9 -9999 -9999
1996 07 09 06    22    12 10102   210    51     8 -9999 -9999
1996 07 09 09    26    20 10122   210    51     8 -9999 -9999
1996 07 09 12    28    20 10126   200    31     8 -9999     5
1996 07 09 18    45    32 -9999   260    26     8 -9999 -9999
1996 07 10 06    29    21 10143   240    21     8 -9999 -9999
1996 07 10 09    35    28 10140   210    21     8 -9999 -9999
1996 07 10 12    46    31 10135   270    21     9 -9999     1
1996 07 10 18    44    37 10125   250    31     8 -9999 -9999
1996 07 11 06    39    34 10121 -9999 -9999     8 -9999 -9999
1996 07 11 09    47    40 10116   120    10     7 -9999 -9999
1996 07 11 12    52    35 10111 -9999    10     7 -9999     0
1996 07 11 18    55    23 10097   280    31     7 -9999     0
1996 07 12 06    43    26 10092   210    21     7 -9999     0
1996 07 12 09    25    17 10099   230    31     8 -9999 -9999
1996 07 12 12    34    32 10104   180    10     7 -9999     0
1996 07 12 18    29    16 10094    80    41     8 -9999     0
1996 07 13 06    41    31 10067    90    51     8 -9999 -9999
1996 07 13 09    24    16 10068    80    51     8 -9999 -9999
1996 07 13 12    25    17 10067    90    41     8 -9999    20
1996 07 13 18    25    17 10066    90   288     8 -9999 -9999
1996 07 14 06    29    15 10062    80    41     8 -9999 -9999
1996 07 14 09    31    16 10067    40    41     8 -9999 -9999
1996 07 14 12    40    23 10067   100    51     7 -9999     0
1996 07 14 18    43    20 10071    80    62     8 -9999     0
1996 07 15 06    35    20 10066     0     0     7 -9999     0
1996 07 15 09    30    17 10073   220    10     8 -9999 -9999
1996 07 15 12    32    15 10090     0     0     8 -9999     0
1996 07 15 18    42    32 10097   240    10     8 -9999     0
1996 07 16 06    38    28 10098     0     0     8 -9999     0
1996 07 16 09    43    31 10101     0     0     8 -9999 -9999
1996 07 16 12    43    36 10109   240    10     8 -9999     0
1996 07 16 18    54    42 10112   250    41     7 -9999     0
1996 07 17 06    43    10 10131     0     0     1 -9999     0
1996 07 17 09    47     0 10137 -9999    21     5 -9999 -9999
1996 07 17 12    43    15 10147   300    51     3 -9999     0
1996 07 17 18    41    18 10160   260    62     3 -9999     0
1996 07 18 06    35    28 10160   240    31     8 -9999 -9999
1996 07 18 09    34    29 10159   220    31     8 -9999 -9999
1996 07 18 12    38    31 10158   220    31     8 -9999     5
1996 07 18 18    48    41 10126   230    10     8 -9999 -9999
1996 07 19 06    43    33 10097   250    62     7 -9999 -9999
1996 07 19 09    39    21 10109   240    31     7 -9999 -9999
1996 07 19 12    39    27 10120   120    10     8 -9999    -1
1996 07 19 18    47    30 10131   210    10     6 -9999 -9999
1996 07 20 06    37    14 10123   110    10     8 -9999     0
1996 07 20 09    57    52 10122    90    10     7 -9999     0
1996 07 20 12    66    55 10121   250    21     8 -9999     0
1996 07 20 18    64    57 10093    50    10     8 -9999 -9999
1996 07 21 06    42    37 10055   200    41     8 -9999 -9999
1996 07 21 09    43    43 10042   190    72     8 -9999 -9999
1996 07 21 12    42    37 10040   250    51     8 -9999    40
1996 07 21 18    32    22 10068   230    41     8 -9999 -9999
1996 07 22 06    28    23 10105   250    51     8 -9999    40
1996 07 22 09    27    22 10119   240    41     8 -9999 -9999
1996 07 22 12    38    28 10123   220    41     8 -9999    10
1996 07 22 18    33    26 10124   250    31     8 -9999 -9999
1996 07 23 06    48    41 10131     0     0     8 -9999 -9999
1996 07 23 09    53    46 10132    60    10     8 -9999 -9999
1996 07 23 12    56    42 10126     0     0     7 -9999     0
1996 07 23 18    48    34 10111    30    10     8 -9999 -9999
1996 07 24 06    35 -9999 10039    90    10     8 -9999 -9999
1996 07 24 09    33    23 10036    80    41     8 -9999 -9999
1996 07 24 12    33    28 10049   110    21     8 -9999    30
1996 07 24 18    47    35 10081   270    21     5 -9999 -9999
1996 07 25 06    48    12 10131    80    72     7 -9999     0
1996 07 25 09    54    19 10137    80    51     6 -9999 -9999
1996 07 25 12    59    17 10141    90    62     7 -9999     0
1996 07 25 18    50    17 -9999    50    21     8 -9999     0
1996 07 26 09    50    36 10130 -9999    10     8 -9999 -9999
1996 07 26 12    39    23 10127   100    10     8 -9999 -9999
1996 07 26 18    61    42 10124   230    10     6 -9999 -9999
1996 07 27 06    60    35 10116    90    72     7 -9999     0
1996 07 27 09    61    35 10116    90    72     7 -9999 -9999
1996 07 27 12    68    35 10124    80    62     5 -9999     0
1996 07 27 18    48    18 10128    80    41     7 -9999     0
1996 07 28 06    50    25 10134   120    10     1 -9999     0
1996 07 28 09    61    25 10135   120    21     1 -9999 -9999
1996 07 28 12 -9999 -9999 10139   120    10     1 -9999     0
1996 07 28 18    62    48 10139   230    10     2 -9999     0
1996 07 29 06    44    24 10125     0     0     4 -9999     0
1996 07 29 09    62    23 10122   120    10     2 -9999 -9999
1996 07 29 12    75    40 10122   100     5     7 -9999     0
1996 07 29 18    68    40 10119     0     0     7 -9999     0
1996 07 30 06    50    23 10111     0     0     7 -9999     0
1996 07 30 09 -9999 -9999 -9999   220    21     7 -9999 -9999
1996 07 30 12    71    38 10105   130    21     4 -9999     0
1996 07 30 18    58    37 10110     0     0     7 -9999     0
1996 07 31 06    65    29 10105   290    62     7 -9999     0
1996 07 31 09    70    27 10102     0     0     7 -9999 -9999
1996 07 31 12    76    31 10106   260    51     7 -9999     0
1996 07 31 18    58    24 10107   280    51     5 -9999     0
1996 08 01 06    41     7 10113   100    10     5 -9999     0
1996 08 01 09    58    34 10115   120    21     4 -9999 -9999
1996 08 01 12    67    31 10119   230    10     4 -9999     0
1996 08 01 18    80    25 10123     0     0     3 -9999     0
1996 08 02 06    35    22 10132   240    21     5 -9999     0
1996 08 02 09    40    28 10137   220    21     7 -9999 -9999
1996 08 02 12    56    42 10139   240    21     2 -9999     0
1996 08 02 18    60    31 10142    90    21     3 -9999     0
1996 08 03 06    68     2 10148   300    31     6 -9999     0
1996 08 03 09    58    26 10152 -9999    10     7 -9999 -9999
1996 08 03 12    70    16 10157   300    31     7 -9999     0
1996 08 03 18    68     2 10161   340    21     2 -9999     0
1996 08 04 06    42     0 10181   100    10     3 -9999     0
1996 08 04 09    65    40 10183     0    21     2 -9999 -9999
1996 08 04 12    61     2 10189    60    31     3 -9999     0
1996 08 04 18    56    -1 10192    80    31     2 -9999     0
1996 08 05 06    45    20 10189    90    51     7 -9999     0
1996 08 05 12    45   -12 10179    80    93     8 -9999     0
1996 08 05 18    36    -1 10161    80   103     8 -9999     0
1996 08 06 06    35    17 10154    90    62     5 -9999 -9999
1996 08 06 09    44    27 10163    80    51     2 -9999 -9999
1996 08 06 12    48    34 10178    90    31     2 -9999     0
1996 08 06 18    41    23 10186    90    21     8 -9999 -9999
1996 08 07 06    74    70 10182     0     0     8 -9999 -9999
1996 08 07 09    58    56 10176     0     0     8 -9999 -9999
1996 08 07 12    54    52 10170   180    62     8 -9999    10
1996 08 07 18    43    41 10167   210    51     8 -9999 -9999
1996 08 08 06    32    30 10201     0     0     8 -9999 -9999
1996 08 08 09    48    43 10203     0     0     8 -9999 -9999
1996 08 08 12    57    45 10202   210    10     8 -9999     1
1996 08 08 18    46    36 10202     0     0     8 -9999 -9999
1996 08 09 06    35    30 10166     0     0     8 -9999 -9999
1996 08 09 12    61    61 10175   260    10     8 -9999     5
1996 08 09 18    68    64 10182     0     0     8 -9999 -9999
1996 08 10 06    80    60 10176    90    10     5 -9999     0
1996 08 10 09    74    67 10170 -9999    10     7 -9999 -9999
1996 08 10 12    62    51 10170   210    41     8 -9999     0
1996 08 10 18    71 -9999 10152   270    31     8 -9999 -9999
1996 08 11 06    79    77 10142   270    21     8 -9999 -9999
1996 08 11 09    62    58 10134     0     0     8 -9999 -9999
1996 08 11 12    70    68 10128   240    21     8 -9999    90
1996 08 11 18    66    64 10127   280    21     8 -9999 -9999
1996 08 12 06    23    21 10143   240    10     8 -9999 -9999
1996 08 12 09    37    32 10148    10    10     8 -9999 -9999
1996 08 12 12    41    41 10151   250    10     8 -9999    10
1996 08 12 18    59    40 10121    90    62     7 -9999 -9999
1996 08 13 06    45    25 10136   110    21     8 -9999 -9999
1996 08 13 09    27    14 10151   100    31     8 -9999 -9999
1996 08 13 12    31    18 10159   100    31     8 -9999     0
1996 08 13 18    39    11 10145   100    62     8 -9999     0
1996 08 14 06    31     5 10094    90    93     8 -9999 -9999
1996 08 14 09    31    10 10091    80    82     8 -9999 -9999
1996 08 14 12    31    10 10094    80    72     8 -9999     3
1996 08 14 18    37     3 10084    70    72     8 -9999 -9999
1996 08 15 06    23    21 10055    90    82     8 -9999 -9999
1996 08 15 09    25    22 10055    90    72     8 -9999 -9999
1996 08 15 12    27    -1 10048    90    51     8 -9999    -1
1996 08 15 18    25     1 10046    80    31     8 -9999 -9999
1996 08 16 06    19    15 10063   260    21     6 -9999 -9999
1996 08 16 09    49     5 10071   280    31     3 -9999 -9999
1996 08 16 12    52    11 10079   230    31     2 -9999     0
1996 08 16 18    24    15 10091   230    41     7 -9999     0
1996 08 17 06    41     7 10087     0     0     7 -9999     0
1996 08 17 09    45     3 10077     0     0     7 -9999 -9999
1996 08 17 12    31     2 10067    80    41     7 -9999     0
1996 08 17 18    48    15 10020    70   113     8 -9999 -9999
1996 08 18 06    39    16  9976    80    82     8 -9999 -9999
1996 08 18 09    47    20  9973    80    82     8 -9999 -9999
1996 08 18 12    43    15  9971    90    82     8 -9999     5
1996 08 18 18    37    22  9971    80    82     8 -9999 -9999
1996 08 19 06    37    24 -9999   270    21     9 -9999 -9999
1996 08 19 12    42    32 10042    80    21     7 -9999     1
1996 08 19 18    33    -2 10043   280    72     6 -9999 -9999
1996 08 20 06    17   -27 10056   300    51     5 -9999     0
1996 08 20 09    16     0 10051   300    51     7 -9999 -9999
1996 08 20 12    27   -50 10052   280    72     7 -9999     0
1996 08 20 18    12   -41 10054   300    82     7 -9999 -9999
1996 08 21 06    12   -11 10022   270   134     8 -9999 -9999
1996 08 21 09    15    -7 10019   270   123     8 -9999 -9999
1996 08 21 12 -9999 -9999 10019   280    93     8 -9999    10
1996 08 21 18    20   -15 10027   290    72     8 -9999 -9999
1996 08 22 06    26   -19 10070   310    51     7 -9999 -9999
1996 08 22 09    30   -18 10088   280    62     4 -9999 -9999
1996 08 22 12    41   -34 10111   280    51     3 -9999     0
1996 08 22 18    30   -11 10144   280    51     7 -9999     0
1996 08 23 06    25   -24 10197   260    21     7 -9999     0
1996 08 23 09    37   -13 10208 -9999    10     5 -9999 -9999
1996 08 23 12    43   -15 10218   280    62     8 -9999     0
1996 08 23 18    36   -11 10224   290    10     1 -9999     0
1996 08 24 12    16   -22 10220    90    51     2 -9999     0
1996 08 24 18    19   -12 10190    70    93     8 -9999     0
1996 08 25 06    37     6 10064    80   144     8 -9999 -9999
1996 08 25 09    52    17 10027    90   103     8 -9999 -9999
1996 08 25 12    37    19 10022    90    41     8 -9999    80
1996 08 25 18    30    25 10027   240    21     8 -9999 -9999
1996 08 26 06    21    13 10036   220    41     7 -9999 -9999
1996 08 26 09    37     6 10065   280    72     7 -9999 -9999
1996 08 26 12    35   -15 10093   300    72     5 -9999    -1
1996 08 26 18    37   -10 10140   250    62     5 -9999 -9999
1996 08 27 06    14     2 10174   230    41     7 -9999 -9999
1996 08 27 09    25    12 10183   240    62     8 -9999 -9999
1996 08 27 12    25    12 10192   250    51     7 -9999    20
1996 08 28 06    26    21 10189   250    41     8 -9999 -9999
1996 08 28 09    31    26 10186   260    21     8 -9999 -9999
1996 08 28 12    45    40 10173   190    51     8 -9999    50
1996 08 28 18    46    39 10130   270    21     8 -9999 -9999
1996 08 29 06    28    20 10082   260    62     8 -9999 -9999
1996 08 29 09    43    10 10091   250    62     7 -9999 -9999
1996 08 29 12    28    10 10102   210    31     7 -9999     3
1996 08 29 18    29    24 10100   220    31     8 -9999 -9999
1996 08 30 06    33    29 10112     0     0     8 -9999 -9999
1996 08 30 09    47    42 10122   280    10     8 -9999 -9999
1996 08 30 12    43    33 10129    90    41     8 -9999    10
1996 08 30 18    31    26 10146    70    41     8 -9999 -9999
1996 08 31 06    48    21 10131    60   103     7 -9999 -9999
1996 08 31 09    43    17 10116    70   123     7 -9999 -9999
1996 08 31 12    49    14 10112    60   144     7 -9999     0
1996 08 31 18    37     3 10091    60   154     7 -9999     0
1996 09 01 06    23    10 10111    90    41     7 -9999 -9999
1996 09 01 09    23     7 10124   100    31     8 -9999 -9999
1996 09 01 12    24    19 10137   100    10     8 -9999    30
1996 09 01 18    34    24 10154   270    41     7 -9999 -9999
1996 09 02 06    19     3 10144   110    31     7 -9999     0
1996 09 02 09    37    10 10130   100    72     7 -9999 -9999
1996 09 02 12    49     1 10125    80    51     7 -9999     0
1996 09 02 18    33   -14 10107    70    93     7 -9999     0
1996 09 03 06    22    -6 10107    90    62     8 -9999 -9999
1996 09 03 09    18    -1 10112    80    62     8 -9999 -9999
1996 09 03 12    16     0 10122    80    51     8 -9999     5
1996 09 03 18    16     0 10144     0     0     8 -9999 -9999
1996 09 04 06     1    -8 10172     0     0     7 -9999 -9999
1996 09 04 09    14     3 10187     0     0     6 -9999 -9999
1996 09 04 12    25     6 10202     0     0     4 -9999     0
1996 09 04 18    30     6 10228     0     0     7 -9999     0
1996 09 05 06     2   -28 10290     0     0     1 -9999     0
1996 09 05 09     6   -17 10302   100    10     4 -9999 -9999
1996 09 05 12    21   -10 10302   240    10     7 -9999     0
1996 09 05 18    21    -1 10275   180    21     8 -9999     0
1996 09 06 09    50    45 10161   190    51     8 -9999 -9999
1996 09 06 12    52    50 10146   190    62     8 -9999   220
1996 09 06 18    57    50 10117   170   129     8 -9999 -9999
1996 09 07 06    47    37 10137   270    31     7 -9999 -9999
1996 09 07 09    44    37 10146     0     0     7 -9999 -9999
1996 09 07 12    51    44 10137   180    51     8 -9999     5
1996 09 07 18    48    43 10109   170    51     8 -9999 -9999
1996 09 08 06    26    16 10054   220    10     8 -9999 -9999
1996 09 08 09    23     4 10067   270    10     7 -9999 -9999
1996 09 08 12    21     5 10077   200    31     7 -9999     5
1996 09 08 18    23    15 10070   200    62     8 -9999 -9999
1996 09 09 06    20     9 10104     0     0     8 -9999 -9999
1996 09 09 09    30     6 10107    80    21     8 -9999 -9999
1996 09 09 12    37   -16 10114    90    41     7 -9999     0
1996 09 09 18    27   -25 10122    40    51     7 -9999     0
1996 09 10 06    20   -11 10136    80    62     7 -9999     0
1996 09 10 09    26   -10 10139    70    72     7 -9999 -9999
1996 09 10 12    30     3 10142    80    72     7 -9999     0
1996 09 10 18    41     7 10143    70    51     7 -9999     0
1996 09 11 06    33    12 10158    60    41     7 -9999 -9999
1996 09 11 09    40    14 10165    40    62     7 -9999 -9999
1996 09 11 18    41    -5 10177    80    72     7 -9999 -9999
1996 09 12 06    37    -3 10168    70    51     7 -9999     0
1996 09 12 18    34     5 10143    80    51     7 -9999 -9999
1996 09 13 06    15     4 10122    80    21     8 -9999 -9999
1996 09 13 09    27     9 10122    50    10     7 -9999 -9999
1996 09 13 12    40     0 10109    60    31     7 -9999    10
1996 09 13 18    41    16 10066    90    62     8 -9999 -9999
1996 09 14 06    51    49  9950   160    72     8 -9999 -9999
1996 09 14 09    37    35  9931     0     0     8 -9999 -9999
1996 09 14 12    31    21  9919   190    31     8 -9999    30
1996 09 14 18    23    10  9921   260   123     8 -9999 -9999
1996 09 15 06    -3    -6 10005   270   134     8 -9999 -9999
1996 09 15 09     1    -4 10046   270   103     8 -9999 -9999
1996 09 15 12    -3   -33 10063   270    93     8 -9999     5
1996 09 15 18   -11   -47 10102   300    72     8 -9999 -9999
1996 09 16 06   -16   -30 10139     0     0     7 -9999 -9999
1996 09 16 09    -4   -19 10148   270    31     7 -9999 -9999
1996 09 16 12    -3   -37 10176   280    21     7 -9999     0
1996 09 16 18   -10   -68 10197     0     0     7 -9999     0
1996 09 17 06    -7   -14 10116    70   134     8 -9999 -9999
1996 09 17 09     4   -21 10108    30   103     8 -9999 -9999
1996 09 17 12    11   -25 10128    10    62     8 -9999 -9999
1996 09 17 18     1   -41 10188   350    51     8 -9999 -9999
1996 09 18 06   -19   -57 10270    70    10     4 -9999     0
1996 09 18 09   -11   -66 10286    50    41     2 -9999 -9999
1996 09 18 12     5   -61 10306   190    15     0 -9999     0
1996 09 18 18   -25   -62 10310     0     0     7 -9999     0
1996 09 19 09     8     0 10229   190    31     8 -9999 -9999
1996 09 19 12    17     9 10198   160    31     8 -9999    70
1996 09 20 09     9   -20 10071   280    41     7 -9999 -9999
1996 09 20 12    14   -31 10072   280    31     6 -9999     1
1996 09 20 18     5   -43 10070   280    31     7 -9999 -9999
1996 09 21 06   -13   -50 10073   290    51     7 -9999     0
1996 09 21 09    -7   -45 10076   300    31     6 -9999 -9999
1996 09 21 12   -16   -57 10082   300    46     7 -9999     0
1996 09 21 18   -21   -68 10085   290    15     7 -9999     0
1996 09 22 06   -22   -65 10095   310    31     7 -9999     0
1996 09 22 09   -21   -72 10089   320    31     6 -9999 -9999
1996 09 22 12   -14   -66 10093    90    10     5 -9999     0
1996 09 22 18   -29   -56 10084    40    21     8 -9999 -9999
1996 09 23 06   -23   -63 10069    70    41     7 -9999 -9999
1996 09 23 09   -25   -65 10069    40    41     7 -9999 -9999
1996 09 23 12    -8   -54 10065    60    62     6 -9999     0
1996 09 23 18   -24   -80 10058    50    62     3 -9999     0
1996 09 24 06   -23   -57 10071    90    62     4 -9999     0
1996 09 24 09   -15   -26 10084    90    41     7 -9999 -9999
1996 09 24 12    -9   -44 10094   100    62     6 -9999     0
1996 09 24 18   -50   -86 10135    60    31     1 -9999     0
1996 09 25 06   -70   -99 10195    60    15     2 -9999     0
1996 09 25 09   -55   -85 10205    80    21     4 -9999 -9999
1996 09 25 12   -41   -75 10215    70    10     7 -9999     0
1996 09 25 18   -30   -54 10222    90    10     8 -9999 -9999
1996 09 26 06    -7   -20 10230     0     0     8 -9999 -9999
1996 09 26 09    -1   -24 10237   250    10     7 -9999 -9999
1996 09 26 12     8   -41 10241    40    10     3 -9999     0
1996 09 26 18   -12   -43 10237   100    51     8 -9999     0
1996 09 27 06    15   -29 10211     0     0     8 -9999 -9999
1996 09 27 09    17   -24 10200    90    15     7 -9999 -9999
1996 09 27 18    25   -17 10154    90    72     8 -9999 -9999
1996 09 28 06    25     1 10110   100    51     8 -9999     0
1996 09 28 12    15     1 10123     0     0     8 -9999     0
1996 09 28 18     8   -15 10116    90    21     7 -9999     0
1996 09 29 06    17    -5 10105    90    51     8 -9999 -9999
1996 09 29 09    19     3 10105    90    72     8 -9999 -9999
1996 09 29 12    26    10 10105   100    72     8 -9999     5
1996 09 29 18    23     7 10087    90    72     8 -9999 -9999
1996 09 30 06    27    -3 10040    60    82     7 -9999     0
1996 09 30 09    24    -6 10020    50   113     8 -9999 -9999
1996 09 30 12    19   -12 10018    60    82     8 -9999     0
1996 09 30 18    30   -21  9993    50   103     8 -9999     0
1996 10 01 06    19   -18  9969    80   103     8 -9999 -9999
1996 10 01 09    27   -15  9969    60    82     6 -9999 -9999
1996 10 01 12    27    -9  9973    60    72     7 -9999     0
1996 10 01 18    22   -18  9980    30    82     3 -9999     0
1996 10 02 06    -5   -20 10008    90    62     7 -9999     0
1996 10 02 09    -3   -18 10027    90    51     7 -9999 -9999
1996 10 02 18    -2   -14 10056     0     0     8 -9999 -9999
1996 10 03 06    15     4 10050   290    21     8 -9999 -9999
1996 10 03 09     4    -2 10053   270    21     8 -9999 -9999
1996 10 03 12     9    -2 10055   280    31     8 -9999     1
1996 10 03 18    11     3 10062   310    10     8 -9999     0
1996 10 04 06    15   -10 10059    80    72     8 -9999 -9999
1996 10 04 12    25    -8 10061    70    62     8 -9999     0
1996 10 05 09    15   -17  9981    70   123     8 -9999 -9999
1996 10 05 12    17    -5  9963    70   123     8 -9999    20
1996 10 05 18    20    -8  9943    60   113     8 -9999 -9999
1996 10 06 06    20    -8 -9999    60   113     8 -9999 -9999
1996 10 06 09    29   -13  9893    70   134     8 -9999 -9999
1996 10 06 12    35    -1  9888    80   154     8 -9999     1
1996 10 06 18    35   -15  9901    70   123     8 -9999 -9999
1996 10 07 06    23   -26  9948    70   154     7 -9999 -9999
1996 10 07 09    21   -19  9947    60   134     6 -9999 -9999
1996 10 07 12    23   -17  9940    90   144     7 -9999     1
1996 10 07 18    25     4  9850    70   175     8 -9999 -9999
1996 10 08 06    29     5  9704    80    62     8 -9999 -9999
1996 10 08 09    29    -1  9701    70    93     8 -9999 -9999
1996 10 08 12    11    -3  9721    50    21     8 -9999    30
1996 10 08 18    12    -5  9738    50    10     8 -9999 -9999
1996 10 09 06    11   -24  9758    80    62     8 -9999 -9999
1996 10 09 09    15   -23  9740    60    87     7 -9999 -9999
1996 10 09 12    16   -25  9720    70   123     8 -9999     1
1996 10 09 18    21   -29  9688    60   134     7 -9999 -9999
1996 10 10 06    23   -49  9710    40    82     8 -9999 -9999
1996 10 10 09    23   -45  9726   350    41     7 -9999 -9999
1996 10 10 12    17   -54  9739   350    62     7 -9999     0
1996 10 11 06    -9   -62  9854    20    21     8 -9999 -9999
1996 10 11 09   -11   -69  9874    30    41     6 -9999 -9999
1996 10 11 12   -16   -77  9887    50    41     7 -9999     0
1996 10 11 18   -33   -93  9903    30    51     7 -9999     0
1996 10 12 06   -56  -117  9932    60    51     2 -9999     0
1996 10 12 09   -56  -122  9935    30    93     3 -9999 -9999
1996 10 12 12   -55  -116  9993    40    82     4 -9999     0
1996 10 12 18   -57  -124  9928    40   103     3 -9999     0
1996 10 13 06   -73  -155  9974   330    31     1 -9999     0
1996 10 13 09   -72  -147  9989     0     0     1 -9999 -9999
1996 10 13 12   -55  -137 10006     0     0     4 -9999     0
1996 10 13 18   -49  -138 10032   340    72     2 -9999     0
1996 10 14 06   -53  -118 10103   190    21     6 -9999     0
1996 10 14 09   -55  -137 10129 -9999    21     2 -9999 -9999
1996 10 14 12   -48  -137 10146   240    51     1 -9999     0
1996 10 14 18   -71  -152 10190    40    10     0 -9999     0
1996 10 15 06   -53   -86 10218     0     0     8 -9999 -9999
1996 10 15 09   -47   -75 10218     0     0     8 -9999 -9999
1996 10 15 12   -42   -61 10211     0     0     8 -9999    10
1996 10 15 18   -27   -76 10211   280    41     8 -9999 -9999
1996 10 16 06   -92  -137 10243    60    21     1 -9999     0
1996 10 16 09   -99  -135 10248     0     0     2 -9999 -9999
1996 10 16 12   -59  -102 10250     0     0     7 -9999     0
1996 10 16 18   -50   -95 10248    80    31     8 -9999     0
1996 10 17 06   -62  -102 10259    60    46     2 -9999     0
1996 10 17 09   -53  -103 10259    50    46     2 -9999 -9999
1996 10 17 12   -41   -91 10259    70    41     7 -9999     0
1996 10 17 18   -29   -67 10239    90    72     7 -9999     0
1996 10 18 06    -8   -15 10197   200    31     8 -9999 -9999
1996 10 18 09    -1    -7 10193   250    10     8 -9999 -9999
1996 10 18 12     0    -8 10197   270    21     8 -9999    20
1996 10 18 18    -8   -46 10193    10    10     5 -9999 -9999
1996 10 19 06     7   -24 10161    70   103     8 -9999     0
1996 10 19 09     8   -12 10161    70    93     8 -9999 -9999
1996 10 19 12     9   -21 10164    70   103     7 -9999     0
1996 10 19 18    10   -26 10160    70    93     8 -9999     0
1996 10 20 12    11    -3 10136    60    31     8 -9999    -1
1996 10 20 18     2   -15 10122    70    21     8 -9999 -9999
1996 10 21 06   -71  -119 10124   300    51     7 -9999 -9999
1996 10 21 09   -81  -132 10146   300    72     4 -9999 -9999
1996 10 21 12   -91  -159 10162     0     0     1 -9999     0
1996 10 21 18  -114  -196 10188   350    31     0 -9999     0
1996 10 22 06   -49  -102 10186   290    21     8 -9999 -9999
1996 10 22 09   -42   -92 10190   290    26     8 -9999 -9999
1996 10 22 12   -37   -90 10199     0     0     8 -9999    -1
1996 10 22 18   -37   -81 10208   290    26     8 -9999 -9999
1996 10 23 06   -40   -59 10234   350    10     8 -9999 -9999
1996 10 23 09   -39   -68 10239    60    31     7 -9999 -9999
1996 10 23 12   -35   -75 10245     0     0     8 -9999    -1
1996 10 23 18   -31   -84 10230    60    31     6 -9999 -9999
1996 10 24 06   -19   -34 10128    80   134     8 -9999     0
1996 10 24 09   -18   -39 10100    70   154     8 -9999 -9999
1996 10 24 12    -9   -41 10071    70   154     8 -9999     0
1996 10 24 18    -3   -33 10043    80   144     7 -9999     0
1996 10 25 06    -6   -31 10106    90    82     3 -9999     0
1996 10 25 09    -5   -29 10132    80    72     3 -9999 -9999
1996 10 25 12    -9   -48 10139    50    82     5 -9999     0
1996 10 25 18    -3   -27 10121    90   103     8 -9999     0
1996 10 26 06    -4   -33 10013    70   149     7 -9999 -9999
1996 10 26 09    -1   -34 10008    70   154     8 -9999 -9999
1996 10 26 12    -7   -35  9988    70   159     8 -9999    -1
1996 10 26 18    -5   -36 -9999    60   164     8 -9999 -9999
1996 10 27 06   -27   -68  9940    60   123     7 -9999     0
1996 10 27 09   -42   -87  9968    30   103     8 -9999 -9999
1996 10 27 12   -48   -95  9989    80    93     8 -9999     0
1996 10 27 18   -54  -100  9991   100   103     8 -9999     0
1996 10 28 06   -62  -111  9992    70    82     7 -9999     0
1996 10 28 09   -64  -119 10000    70    82     8 -9999 -9999
1996 10 28 12   -69  -126 10012    80    72     6 -9999     0
1996 10 28 18   -69  -121 10017    70   103     7 -9999 -9999
1996 10 29 06   -67  -118 10032    70   134     8 -9999 -9999
1996 10 29 09   -65  -115 10035    60   123     8 -9999 -9999
1996 10 29 12   -69  -111 10032    40   149     8 -9999    -1
1996 10 29 18   -69   -93 10030    40   154     8 -9999 -9999
1996 10 30 06   -71  -105 10028    60   195     8 -9999 -9999
1996 10 30 09   -68   -97 10031    60   185     8 -9999 -9999
1996 10 30 12   -59   -82 10022    60   175     8 -9999     0
1996 10 30 18   -51   -61 10019    60   206     8 -9999     0
1996 10 31 06   -71   -92 10048    60   144     8 -9999     0
1996 10 31 09   -71   -92 10044    50   113     8 -9999 -9999
1996 10 31 12   -65   -81 10036    30   113     8 -9999    -1
1996 10 31 18   -48   -61  9997    30   175     8 -9999 -9999
1996 11 01 06   -49   -81 10060    60    41     7 -9999     0
1996 11 01 12   -40   -87 10069     0     0     7 -9999     0
1996 11 01 18   -38   -71 10062     0     0     7 -9999     0
1996 11 02 06     5   -37  9998    60    72     6 -9999 -9999
1996 11 02 09     1   -45  9996    60   113     5 -9999 -9999
1996 11 02 12    -6   -34  9981    60    72     7 -9999    -1
1996 11 02 18    19   -18  9935    70   103     7 -9999 -9999
1996 11 03 06    17    -8  9903    70   123     8 -9999 -9999
1996 11 03 09    12    -8  9906    70    93     8 -9999 -9999
1996 11 03 12    14    -2  9895    70   123     8 -9999    20
1996 11 04 06     9    -2  9870    70    82     8 -9999 -9999
1996 11 04 09    11    -6  9886    70    72     8 -9999 -9999
1996 11 04 12     9   -30  9886    50    72     8 -9999     1
1996 11 04 18     5   -29  9879    20    31     8 -9999 -9999
1996 11 05 06    -7   -35  9862    40    62     7 -9999 -9999
1996 11 05 09    -7   -42  9856    30    51     5 -9999 -9999
1996 11 05 12   -21   -53  9952    50    41     6 -9999     0
1996 11 06 06    -8   -27  9828    80    41     7 -9999 -9999
1996 11 06 09   -13   -27  9840    40    10     8 -9999 -9999
1996 11 06 12   -10   -42  9843    80    10     7 -9999     0
1996 11 06 18    -9   -51  9856    70    21     8 -9999     0
1996 11 07 06   -27   -76  9887    50    51     4 -9999     0
1996 11 07 09   -40  -100  9899    50    62     7 -9999 -9999
1996 11 07 12   -33   -72  9899    20    93     7 -9999     0
1996 11 07 18   -31   -77  9896    30   123     8 -9999     0
1996 11 08 06   -22   -29  9839    30   164     8 -9999     0
1996 11 08 09   -13   -50  9846    40   113     8 -9999 -9999
1996 11 08 12    -3   -37  9846    30   103     8 -9999     0
1996 11 08 18    -7   -23  9838    90    82     8 -9999 -9999
1996 11 09 06    -9   -19  9842     0     0     8 -9999 -9999
1996 11 09 09   -16   -24  9846     0     0     8 -9999 -9999
1996 11 09 18   -19   -34  9852     0     0     8 -9999 -9999
1996 11 10 06   -35   -39 -9999   310    51     8 -9999 -9999
1996 11 10 09   -37   -77  9944   330    31     8 -9999 -9999
1996 11 10 18   -36   -76 10026   300    21     8 -9999 -9999
1996 11 11 06   -43   -70 10080     0     0     8 -9999 -9999
1996 11 11 09   -43   -73 10083     0     0     8 -9999 -9999
1996 11 11 12   -39   -76 10085     0     0     8 -9999     1
1996 11 11 18   -37   -70 10058    90    72     7 -9999 -9999
1996 11 12 06   -13   -36  9999    90    62     8 -9999 -9999
1996 11 12 09   -13   -43  9987    70    72     8 -9999 -9999
1996 11 12 12   -10   -49  9983    80    51     8 -9999     1
1996 11 12 18   -15   -39  9990   270    57     8 -9999 -9999
1996 11 13 06   -55   -73 10003   270    62     8 -9999 -9999
1996 11 13 09   -63   -99  9986   290    21     8 -9999 -9999
1996 11 13 12   -76   -98  9964   290    21     8 -9999     1
1996 11 13 18   -79  -101  9894     0     0     8 -9999 -9999
1996 11 14 06  -114  -133  9842    60    31     2 -9999     0
1996 11 14 09  -118  -166  9837    70    31     3 -9999 -9999
1996 11 14 12   -73  -117  9809    70    72     7 -9999     0
1996 11 14 18   -41   -46  9666    90   134     8 -9999 -9999
1996 11 15 06   -38   -56  9566    20    62     8 -9999 -9999
1996 11 15 09   -11   -58  9558    20    72     8 -9999 -9999
1996 11 15 12    -9   -59 -9999   360   103     8 -9999     1
1996 11 15 18   -29   -67  9628    20   144     8 -9999 -9999
1996 11 16 06   -23   -48  9797    20   113     8 -9999 -9999
1996 11 16 09   -25   -85  9823    10   103     6 -9999 -9999
1996 11 16 12   -27   -72  9851    20   103     8 -9999    -1
1996 11 16 18   -35   -87  9933    30    93     8 -9999 -9999
1996 11 17 06   -98  -151  9999     0     0     1 -9999     0
1996 11 17 09   -81  -150  9983 -9999    21     6 -9999 -9999
1996 11 17 12   -49   -83  9951   300    72     7 -9999    -1
1996 11 17 18   -41   -67  9914   290   103     8 -9999 -9999
1996 11 18 06   -67  -123  9916 -9999    10     3 -9999 -9999
1996 11 18 09   -43  -103  9923     0     0     6 -9999 -9999
1996 11 18 12   -49  -107  9928   280    31     5 -9999     0
1996 11 19 06  -114  -173  9935     0     0     0 -9999     0
1996 11 19 09  -120  -182  9931     0     0     2 -9999 -9999
1996 11 19 12   -91  -153  9915   100    41     5 -9999     0
1996 11 19 18   -45   -54 -9999   300   154     8 -9999 -9999
1996 11 20 06   -70  -103  9867    30    87     8 -9999 -9999
1996 11 20 09   -77  -138  9896    20    62     8 -9999 -9999
1996 11 20 12   -77  -138  9921    20    82     8 -9999    -1
1996 11 20 18   -82  -119  9960    20    82     7 -9999 -9999
1996 11 21 06   -99  -171 10046    20    82     2 -9999     0
1996 11 21 09   -95  -148 10057    50    93     6 -9999 -9999
1996 11 21 12   -92  -142 10072    20    72     7 -9999     0
1996 11 21 18   -90  -134 10083    30    87     7 -9999     0
1996 11 22 06   -85  -127 10106    70    82     7 -9999     0
1996 11 22 09   -99  -141 10118    30    62     2 -9999 -9999
1996 11 22 18   -75  -124 10106    30    82     7 -9999     0
1996 11 23 06   -43   -71  9997    30    72     8 -9999 -9999
1996 11 23 12   -37   -62  9898    20   103     8 -9999     1
1996 11 24 06    11   -15  9815    60    82     8 -9999 -9999
1996 11 24 09     8    -6  9830    80    62     8 -9999 -9999
1996 11 24 12    -3   -15  9850    60    31     8 -9999    30
1996 11 25 06   -11   -47  9888    40    72     7 -9999 -9999
1996 11 25 12   -18   -67  9898    10    82     5 -9999     1
1996 11 25 18   -29   -96  9917 -9999    10     2 -9999 -9999
1996 11 26 06   -70  -112  9971    20    10     6 -9999     0
1996 11 26 09   -63  -108  9990   310    10     8 -9999 -9999
1996 11 26 18   -71  -119 10028   300    62     8 -9999 -9999
1996 11 27 06   -55   -89 10038   270    31     7 -9999 -9999
1996 11 27 09   -59   -86 10038   180    31     8 -9999 -9999
1996 11 27 12   -27   -46 10032   220    82     7 -9999     3
1996 11 27 18   -49   -85 10047   280    72     8 -9999 -9999
1996 11 28 06   -37   -77 10087   260    31     7 -9999     0
1996 11 28 09   -35   -43 10091     0     0     8 -9999 -9999
1996 11 28 12   -24   -36 10094     0     0     8 -9999    10
1996 11 28 18     3   -11 10101   190    46     8 -9999 -9999
1996 11 29 06    -5    -8 10157   210    51     8 -9999 -9999
1996 11 29 09     2   -12 10172   250    46     8 -9999 -9999
1996 11 29 12     1    -7 10185   230    21     7 -9999     3
1996 11 29 18     3   -17 10184    80     5     8 -9999 -9999
1996 11 30 06    12   -24 10121    70   103     8 -9999 -9999
1996 11 30 09    -1   -10 10094    70   113     8 -9999 -9999
1996 11 30 12    -6   -12 10051    70   134     8 -9999     5
1996 11 30 18    11   -15  9994    90    57     8 -9999 -9999
1996 12 01 06    -2    -5  9952   180    31     8 -9999 -9999
1996 12 01 12    -5   -11  9940   240    10     8 -9999    -1
1996 12 01 18    -8   -21  9943   250    51     8 -9999     3
1996 12 02 06   -35   -71  9938   270    51     8 -9999 -9999
1996 12 02 09   -51   -84  9942   290    41     6 -9999 -9999
1996 12 02 12   -37   -73  9945   270    51     7 -9999     5
1996 12 02 18   -45   -58  9962   270    62     8 -9999 -9999
1996 12 03 06   -94  -134 10079    50    87     2 -9999 -9999
1996 12 03 09  -116  -163 10118    30   129     4 -9999 -9999
1996 12 03 12  -118  -179 10154    50    72     3 -9999     0
1996 12 03 18  -140 -9999 10198    40    51     0 -9999     0
1996 12 04 06  -172  -215 10239    80    41     0 -9999     0
1996 12 04 09  -180  -216 10242    60    31     1 -9999 -9999
1996 12 04 12  -166  -207 10236    60    31     2 -9999     0
1996 12 05 06  -110  -155 10151    40    62     3 -9999     0
1996 12 05 09  -102  -150 10137    70    82     3 -9999     0
1996 12 05 12  -110  -161 10121    60    93     2 -9999     0
1996 12 05 18  -132  -178 10099    60    62     0 -9999     0
1996 12 06 06  -105  -154 10094    60    62     8 -9999     0
1996 12 06 09   -92  -121 10091    50    41     8 -9999 -9999
1996 12 06 12   -72   -89 10088     0     0     8 -9999    10
1996 12 06 18   -75  -140 10086     0     0     0 -9999 -9999
1996 12 07 06   -89  -128 10113   300    31     7 -9999 -9999
1996 12 07 09   -98  -151 10125   330    31     3 -9999 -9999
1996 12 07 12  -105  -148 10135   360    21     6 -9999    -1
1996 12 07 18  -120  -156 10141    80    51     0 -9999 -9999
1996 12 08 06  -142  -177 10120    90   103     0 -9999     0
1996 12 08 09  -142  -184 10110    90   103     1 -9999 -9999
1996 12 08 12  -148  -192 10104    60    82     2 -9999     0
1996 12 08 18  -154  -192 10088    80   134     3 -9999     0
1996 12 09 06  -143  -172 10174    40    51     0 -9999     0
1996 12 09 09 -9999 -9999 10205   180 -9999     4 -9999 -9999
1996 12 09 12  -158  -214 10230   100    82     1 -9999     0
1996 12 09 18  -161  -209 10269    70    82     0 -9999     0
1996 12 10 06  -173  -225 10357    90   103     0 -9999     0
1996 12 10 09  -180  -235 10373    80    72     0 -9999 -9999
1996 12 10 12  -176  -229 10388    80    31     0 -9999     0
1996 12 10 18  -198  -260 10402    80    21     0 -9999     0
1996 12 11 06  -190  -261 10395    90    62     0 -9999     0
1996 12 11 09  -172  -234 10390    80    82     1 -9999 -9999
1996 12 11 12  -178  -232 10389    60    72     1 -9999     0
1996 12 11 18  -191  -240 10367    60    62     1 -9999     0
1996 12 12 06  -200  -252 10314    70    21     0 -9999     0
1996 12 12 09  -206  -260 10304    60    21     0 -9999 -9999
1996 12 12 12  -202  -255 10288    70    31     2 -9999     0
1996 12 12 18  -150  -202 10257    90    51     7 -9999     0
1996 12 13 06  -143  -201 10206    90    72     2 -9999     0
1996 12 13 09  -150  -220 10205    70    62     1 -9999 -9999
1996 12 13 12  -155  -237 10204    60    51     1 -9999     0
1996 12 13 18  -142  -216 10199    90    62     0 -9999     0
1996 12 14 06  -126  -191 10194    40   134     2 -9999     0
1996 12 14 09  -118  -179 10196    40   123     4 -9999 -9999
1996 12 14 12  -121  -157 10197    40   123     4 -9999     0
1996 12 14 18  -126  -164 10199    30   113     2 -9999 -9999
1996 12 15 06  -164  -215 10205    70   103     0 -9999     0
1996 12 15 09  -170  -221 10205    30    93     1 -9999 -9999
1996 12 15 12  -170  -221 10200    30    98     1 -9999     0
1996 12 15 18  -178  -232 10185    30    93     0 -9999     0
1996 12 16 06  -164  -242 10172    60   113     0 -9999     0
1996 12 16 09  -162  -239 10174    50    62     2 -9999 -9999
1996 12 16 12  -160  -235 10176    50    51     5 -9999     0
1996 12 16 18  -163  -233 10183    70    93     1 -9999     0
1996 12 17 06  -164  -205 10202    80    82     0 -9999     0
1996 12 17 09  -164  -205 10207    90    72     0 -9999     0
1996 12 17 12  -166  -207 10213    90    67     1 -9999     0
1996 12 17 18  -179  -215 10216    50    51     0 -9999     0
1996 12 18 06  -164  -223 10222    90    62     0 -9999     0
1996 12 18 09  -168  -238 10225    90    67     0 -9999 -9999
1996 12 18 12  -172  -234 10225    80    87     7 -9999     0
1996 12 18 18  -182  -238 10216    90   103     1 -9999     0
1996 12 19 06  -197  -228 10194    90   103     8 -9999 -9999
1996 12 19 09  -204  -236 10191    90   113     8 -9999 -9999
1996 12 19 12  -200  -252 10199    90    93     5 -9999     0
1996 12 19 18  -203  -268 10178    80    93     1 -9999     0
1996 12 20 06  -208  -263 10166   100    51     1 -9999     0
1996 12 20 09  -220  -266 10173    50    51     2 -9999 -9999
1996 12 20 12  -213  -257 10172    80    31     2 -9999     0
1996 12 20 18  -214  -259 10172    70    41     0 -9999     0
1996 12 21 06  -212  -256 10182    90    10     0 -9999     0
1996 12 21 09  -218  -252 10183     0     0     7 -9999 -9999
1996 12 21 12  -217  -240 10183     0     0     2 -9999    -1
1996 12 21 18  -213  -236 10175     0     0     1 -9999 -9999
1996 12 22 06  -188  -209 10156    70    10     1 -9999     0
1996 12 22 09  -178  -198 10155     0     0     2 -9999 -9999
1996 12 22 12  -180  -200 10150     0     0     4 -9999     0
1996 12 22 18  -190  -229 10139     0     0     5 -9999     0
1996 12 23 06  -193  -253 10167    50    62     0 -9999     0
1996 12 23 09  -203  -268 10183    40    31     0 -9999 -9999
1996 12 23 12  -216  -274 10189    60    10     1 -9999     0
1996 12 23 18  -219  -265 10187    60    10     3 -9999     0
1996 12 24 06  -160  -185 10128    30    10     8 -9999     0
1996 12 24 09  -128  -143 10106   360    10     8 -9999 -9999
1996 12 24 12   -86   -96 10069   160    93     8 -9999     1
1996 12 24 18   -39   -47 10003   240    31     8 -9999 -9999
1996 12 25 06   -93  -133  9950   290    72     8 -9999 -9999
1996 12 25 09  -114  -167  9965   290    72     8 -9999 -9999
1996 12 25 12  -116  -157  9976   270    10     7 -9999    -1
1996 12 25 18  -114  -161  9999   300    67     7 -9999 -9999
1996 12 26 06  -178  -214 10075    70    21     0 -9999 -9999
1996 12 26 09  -184  -240 10081     0     0     0 -9999 -9999
1996 12 26 12  -165  -222 10087     0     0     0 -9999     0
1996 12 26 18  -150  -187 10081    60    41     3 -9999     0
1996 12 27 06  -192  -231 10103    60    21     5 -9999     0
1996 12 27 09  -189  -218 10105   110    10     7 -9999 -9999
1996 12 27 12  -190  -220 10105    70    21     1 -9999     0
1996 12 28 06  -198  -239 10169    80    10     2 -9999     0
1996 12 28 09  -198  -239 10193    50    10     2 -9999 -9999
1996 12 28 18  -198  -239 10245    50    21     0 -9999     0
1996 12 29 06  -149  -186 10258   100    41     7 -9999     0
1996 12 29 09  -128  -160 10249    90    41     8 -9999 -9999
1996 12 29 12   -77   -87 10227   170    72     8 -9999     1
1996 12 29 18   -25   -34 10168   240    41     8 -9999 -9999
1996 12 30 06    -1    -5 10023   180    51     8 -9999 -9999
1996 12 30 09    -9   -38  9965   250    93     7 -9999 -9999
1996 12 30 12   -26   -36  9909   240    62     8 -9999     5
1996 12 30 18   -51   -57  9897   300   123     8 -9999 -9999
1996 12 31 06   -75  -124  9943   190    72     8 -9999 -9999
1996 12 31 09   -93  -149  9973     0     0     5 -9999 -9999
1996 12 31 12   -95  -152  9997     0     0     7 -9999    -1
1996 12 31 18   -97  -157 10058    40    21     5 -9999 -9999
