1987 01 01 12   -62   -97 10088    80    82     7 -9999     0
1987 01 01 18   -51   -88 10106    80    51     1 -9999     0
1987 01 02 06   -48   -76 10169    40    82     3 -9999 -9999
1987 01 02 12   -48   -88 10200    60    41     3 -9999    -1
1987 01 02 18   -62  -106 10215    40    41     1 -9999 -9999
1987 01 03 06   -97  -133 10229    60    51     1 -9999     0
1987 01 03 12   -70  -117 10229    50    41     3 -9999     0
1987 01 03 18   -85  -122 10219    70    31     6 -9999     0
1987 01 04 06   -82   -92 10200   100    31     3 -9999 -9999
1987 01 04 12  -107  -125 10191    50    21     3 -9999    -1
1987 01 04 18  -130  -151 10176    70    15     1 -9999 -9999
1987 01 05 12   -66   -98 10163    90    46     7 -9999    -1
1987 01 05 18   -58   -88 10178    80    41     8 -9999 -9999
1987 01 06 06   -76  -116 10194    50    72     1 -9999     0
1987 01 06 12   -53   -86 10208    90    51     5 -9999     0
1987 01 06 18   -34   -46 10221    90    51     7 -9999     0
1987 01 07 06   -42   -80 10215   120    51     7 -9999 -9999
1987 01 07 12   -40   -86 10236   110    51     6 -9999    -1
1987 01 07 18   -48   -96 10261   120    51     5 -9999 -9999
1987 01 08 06   -57  -109 10291   110    51     6 -9999     0
1987 01 08 12   -59  -112 -9999   120    41     6 -9999     0
1987 01 08 18   -35   -83 10281   150    51     7 -9999 -9999
1987 01 09 06   -20   -59 10247   230    72     8 -9999 -9999
1987 01 09 12   -21   -36 10242   220    72     8 -9999     3
1987 01 09 18   -14   -25 10225   130    72     8 -9999 -9999
1987 01 10 06    -1   -12 10180   250    82     8 -9999 -9999
1987 01 10 12    -5   -17 10174   250   113     8 -9999     3
1987 01 10 18     2   -12 10134   250    93     8 -9999 -9999
1987 01 11 06     7   -22 10098   290   134     8 -9999 -9999
1987 01 11 12     1    -8 10085   260   154     8 -9999    -1
1987 01 11 18     2   -19 10078   260   103     8 -9999 -9999
1987 01 12 06     4   -10 10043   280   103     8 -9999 -9999
1987 01 12 12    14    -8 10020   260    93     8 -9999    -1
1987 01 12 18    14   -21  9986   280    82     7 -9999 -9999
1987 01 13 06   -28   -96 10073   300    62     3 -9999     0
1987 01 13 12   -26   -59 10043   340    10     7 -9999    -1
1987 01 13 18    12   -14 10018   270    51     8 -9999 -9999
1987 01 14 06    36   -44 -9999   250   113     8 -9999 -9999
1987 01 14 12   -78   -96  9916   290   195     8 -9999     5
1987 01 14 18   -92  -121 10021   290   154     7 -9999 -9999
1987 01 15 12  -125  -190 10090    10    21     5 -9999     0
1987 01 15 18  -169  -229 10099   270    21     2 -9999     0
1987 01 16 06  -165  -206 10155   300    21     1 -9999     0
1987 01 16 12  -139  -180 10165   100    41     7 -9999     0
1987 01 16 18  -112  -158 10139    90    51     8 -9999 -9999
1987 01 17 06   -40   -43 10050    10    10     8 -9999 -9999
1987 01 17 12    -2   -20 10065   270    62     8 -9999    10
1987 01 17 18    -2   -29 10076   210    41     7 -9999 -9999
1987 01 18 06    15     1 10019   250    10     8 -9999 -9999
1987 01 18 12    16     5  9979   200    41     8 -9999     3
1987 01 18 18     7    -7  9982   220    10     8 -9999 -9999
1987 01 19 06 -9999 -9999 -9999   200    21     8 -9999 -9999
1987 01 19 12    11     3  9883   260    21     8 -9999    80
1987 01 19 18    24    -9  9781   200    93     8 -9999 -9999
1987 01 20 12   -78   -92  9742   270   113     8 -9999     3
1987 01 20 18   -42   -65  9730   210    51     4 -9999 -9999
1987 01 21 06   -96  -137  9904    80    21     4 -9999     0
1987 01 21 18  -163  -251 10070    20    62     2 -9999 -9999
1987 01 22 06  -186  -233 10162    70    31     0 -9999     0
1987 01 22 12  -189  -227 10199    90    21     1 -9999     0
1987 01 22 18  -169  -203 10226    60    31     6 -9999     0
1987 01 23 06  -155  -192 10247    60    41     7 -9999     0
1987 01 23 12  -173  -192 10245    90    51     3 -9999     0
1987 01 23 18  -156  -174 -9999    90    51     2 -9999     0
1987 01 24 06   -86  -105 10081    70    26     8 -9999 -9999
1987 01 24 18  -129  -161 10002    70   278     8 -9999 -9999
1987 01 25 06  -179  -234 10102    60   195     3 -9999     0
1987 01 25 12  -185  -253 10140    70    51     3 -9999     0
1987 01 25 18  -173  -208 10126    80    41     8 -9999 -9999
1987 01 26 06  -173  -225 10090    70    93     7 -9999 -9999
1987 01 26 18  -188  -258 10111    50    31     1 -9999     0
1987 01 27 06  -207  -288 -9999    40    72     1 -9999     0
1987 01 27 12  -215  -286 10163   120    10     2 -9999     0
1987 01 28 06  -215  -219 10140    60     5     0 -9999     0
1987 01 28 12  -192  -230 10126    90    41     7 -9999     0
1987 01 28 18  -157  -189 10088    90    82     7 -9999 -9999
1987 01 29 06  -187  -235 10052    90    72     3 -9999     0
1987 01 29 12  -195  -235 10041    60   108     6 -9999     0
1987 01 29 18  -199  -240 10017    70   154     1 -9999     0
1987 01 30 06  -201  -253  9955    90   134     1 -9999     0
1987 01 30 12  -215  -236  9927    90   175     1 -9999     0
1987 01 31 06  -151  -189  9874    50    21     8 -9999     0
1987 01 31 12  -146  -175  9860    30    10     7 -9999     0
1987 01 31 18  -155  -193  9874    30    10     3 -9999     0
1987 02 01 12  -154  -200  9907    10    10     1 -9999     0
1987 02 01 18  -153  -191  9933     0     0     1 -9999     0
1987 02 02 06  -120  -169  9948    70    41     2 -9999     0
1987 02 02 12  -143  -178  9977    70    41     6 -9999    -1
1987 02 02 18  -137  -171  9987   100    72     8 -9999 -9999
1987 02 03 06  -179  -215 10051    80   144     0 -9999 -9999
1987 02 03 18  -189  -237 10089    60   226     1 -9999     0
1987 02 04 06  -155  -201 10123    80   103     1 -9999     0
1987 02 04 12  -153  -215 10136   100    93     2 -9999     0
1987 02 04 18  -179  -220 10144    60   185     2 -9999     0
1987 02 05 06  -163  -205 10179    60    93     1 -9999     0
1987 02 05 12  -169  -229 10195    60    72     5 -9999     0
1987 02 06 06  -172  -224 10193    80    82     2 -9999     0
1987 02 06 12  -165  -198 10198    90   144     3 -9999     0
1987 02 06 18  -155  -201 10205    70    72     1 -9999 -9999
1987 02 07 06  -121  -163 10205    60    62     1 -9999     0
1987 02 07 12  -132  -161 10210    80    62     3 -9999     0
1987 02 07 18  -131  -191 10221    70    41     1 -9999     0
1987 02 08 06  -113  -131 10205    90    62     7 -9999 -9999
1987 02 08 12   -88  -100 10189    90    72     8 -9999     1
1987 02 08 18   -84   -94 10178   100    51     8 -9999 -9999
1987 02 09 06   -48   -62 10164     0     0     8 -9999 -9999
1987 02 09 12   -30   -49 10171    90    10     8 -9999     3
1987 02 09 18   -58   -73 10168    40     5     7 -9999 -9999
1987 02 10 06   -53   -60 10176     0     0     8 -9999 -9999
1987 02 10 12   -72  -115 10176   330    10     7 -9999    -1
1987 02 10 18   -72   -89 10168   120    10     7 -9999     0
1987 02 11 06   -72   -93 10151   180     5     7 -9999     0
1987 02 11 12  -112  -125 10153    90    21     1 -9999     0
1987 02 11 18   -80  -116 10152    70    72     3 -9999 -9999
1987 02 12 06  -107  -151 10150    70   113     3 -9999     0
1987 02 12 12    81   -90 10139    50   103     3 -9999     0
1987 02 13 06   -77   -95 10092    60   113     8 -9999 -9999
1987 02 13 12   -86  -105 10082    80   154     7 -9999     1
1987 02 13 18   -82   -92 10071    80   154     8 -9999 -9999
1987 02 14 06   -72   -97 10064    70   134     8 -9999 -9999
1987 02 14 12   -72   -85 10062    50   123     8 -9999 -9999
1987 02 14 18  -101  -118 10038    80   123     8 -9999 -9999
1987 02 15 06  -100  -131 10058    60   154     8 -9999 -9999
1987 02 15 12  -143  -172 10105    60   123     3 -9999     0
1987 02 15 18  -161  -218 10135    80   103     7 -9999     0
1987 02 16 06  -193  -242 10168    90    41     5 -9999     0
1987 02 16 12  -209  -232 10178    90    21     1 -9999     0
1987 02 16 18  -193  -214 10157    70    41     8 -9999 -9999
1987 02 17 06  -159  -177 10119    90    72     7 -9999 -9999
1987 02 17 12  -159  -184 10117    70    41     2 -9999    -1
1987 02 17 18  -152  -176 10097    90    72     7 -9999 -9999
1987 02 18 06  -157  -182  9985    80   144     3 -9999     0
1987 02 18 12  -137  -159  9938    70   113     8 -9999    -1
1987 02 18 18  -144  -162  9914    90    21     8 -9999 -9999
1987 02 19 06  -207  -239  9940    90    51     3 -9999 -9999
1987 02 19 12  -159  -191  9969    70   113     7 -9999     0
1987 02 20 06  -167  -226  9997   350    51     1 -9999     0
1987 02 20 12  -169  -211 10016    90    62     6 -9999     0
1987 02 20 18  -166  -207 10020    70    51     2 -9999     0
1987 02 21 06  -147  -170 10019    70   134     5 -9999 -9999
1987 02 21 12  -145  -162 10053    90   134     8 -9999    -1
1987 02 21 18  -186  -215 10081    80   164     7 -9999 -9999
1987 02 22 06  -213  -257 10135    90    62     0 -9999     0
1987 02 22 12  -219  -253 10139    30    21     1 -9999     0
1987 02 22 18  -230  -266 10111    70    21     1 -9999     0
1987 02 23 06  -173  -216 10113   200    36     7 -9999     0
1987 02 23 12  -171  -206 10122    60    41     8 -9999     0
1987 02 23 18  -177  -222 10172    60    31     7 -9999     0
1987 02 24 06  -197  -237 10202    80    93     3 -9999     0
1987 02 24 12  -201  -211 10211    90    62     1 -9999     0
1987 02 24 18  -231  -256 10200    90    31     6 -9999 -9999
1987 02 25 06  -242  -268 10173    90    51     5 -9999 -9999
1987 02 25 12  -267  -295 10169    90    31     2 -9999 -9999
1987 02 25 18  -259  -301 10159    90    21     3 -9999     0
1987 02 26 06  -217  -251 10143    70    51     4 -9999     0
1987 02 26 12  -211  -255 10164   110    41     8 -9999     0
1987 02 26 18  -215  -260 10190    60    21     2 -9999     0
1987 02 27 06  -234  -271 10239    70    21     0 -9999     0
1987 02 27 12  -234  -260 10269    90    21     2 -9999     0
1987 02 27 18  -243  -266 10272    80    21     2 -9999     0
1987 02 28 06  -168  -202 10269    30    21     8 -9999 -9999
1987 02 28 12   -85  -204 10245   330    41     8 -9999     3
1987 02 28 18   -37   -66 10212   190    72     8 -9999 -9999
1987 03 01 06   -24   -36 10195   250    62     8 -9999 -9999
1987 03 01 12   -20   -35 10198   320    21     8 -9999     5
1987 03 01 18    -8   -36 10170   180    62     8 -9999 -9999
1987 03 02 06     7   -10 10147   260    41     8 -9999 -9999
1987 03 02 18    -6   -27 10167   190    41     8 -9999 -9999
1987 03 03 06    -1   -31 10143   180    72     8 -9999     0
1987 03 03 12     6    -8 10086   180    82     7 -9999    -1
1987 03 03 18   -23 -9999 10076   220    72     8 -9999 -9999
1987 03 04 06   -76   -98 10092   270    72     8 -9999 -9999
1987 03 04 12   -84  -107 10119   270    72     7 -9999    -1
1987 03 04 18   -88  -121 10126   330    51     7 -9999 -9999
1987 03 05 06  -112  -146 10116   270    41     7 -9999 -9999
1987 03 05 12  -121  -177 10145   290    72     4 -9999    -1
1987 03 05 18  -122  -171 10187   270    31     4 -9999 -9999
1987 03 06 06  -117  -126 10206   100    72     8 -9999 -9999
1987 03 06 12    10    -1 10167   180   123     8 -9999     5
1987 03 06 18    11     3 10156   220    31     8 -9999 -9999
1987 03 07 06    17     4 10113   220    51     8 -9999 -9999
1987 03 07 12    -1   -24 10166   250    51     8 -9999    -1
1987 03 07 18     4   -19 10188   260    31     8 -9999 -9999
1987 03 08 06     6   -11 10168   260    62     8 -9999     0
1987 03 08 12   -21   -64 10222   290    51     5 -9999     0
1987 03 08 18   -54   -68 10257    40    21     4 -9999     0
1987 03 09 12     6   -11 10280   250    51     7 -9999    -1
1987 03 09 18     4    -7 10257   240    31     8 -9999 -9999
1987 03 10 06     2   -12 10229   220    41     8 -9999 -9999
1987 03 10 18     6   -11 10221   270    72     8 -9999 -9999
1987 03 11 12   -20   -38 10199   260    41     7 -9999     0
1987 03 11 18   -99  -111 10230   100   103     8 -9999     0
1987 03 12 06  -105  -127 10239    60    51     8 -9999 -9999
1987 03 12 12   -56   -70 10184   130    21     8 -9999    -1
1987 03 12 18     2    -7 10108   260    41     8 -9999 -9999
1987 03 13 06    11     3 10036   250    41     8 -9999 -9999
1987 03 13 18    14     0  9956   220    62     8 -9999 -9999
1987 03 14 06     6    -2  9867   260    10     8 -9999 -9999
1987 03 14 12    -9   -28  9884   320    41     6 -9999    30
1987 03 14 18   -77   -91  9907    40    21     4 -9999 -9999
1987 03 15 06   -69   -85  9955    80    72     4 -9999     0
1987 03 15 12  -100  -131  9993    70    93     6 -9999 -9999
1987 03 15 18  -116  -151 10034   100   123     2 -9999     0
1987 03 16 06  -154  -192 10097    90   134     7 -9999     0
1987 03 16 12  -161  -248 10127    80    82     1 -9999 -9999
1987 03 16 18  -184  -251 10138    70    93     1 -9999     0
1987 03 17 06  -195  -268 10157    70    72     0 -9999     0
1987 03 18 06  -201  -253 10165    90    41     1 -9999     0
1987 03 18 12  -185  -232 10170    90    72     1 -9999     0
1987 03 18 18  -231  -267 10176    80    41     1 -9999     0
1987 03 19 06  -217  -240 10196    80    21     1 -9999     0
1987 03 19 12  -177  -197 10218    80    31     1 -9999     0
1987 03 19 18  -184  -205 10230    60    31     1 -9999     0
1987 03 20 06  -165  -198 -9999    70    51     2 -9999     0
1987 03 20 12  -141  -189 10271    70    72     3 -9999     0
1987 03 20 18  -146  -150 10277    60    93     2 -9999     0
1987 03 21 06  -141  -206 10306    70   123     3 -9999     0
1987 03 21 12  -143  -201 10327    70   144     1 -9999     0
1987 03 21 18  -155  -209 10350    90   123     1 -9999     0
1987 03 22 06  -179  -234 10368    90   123     5 -9999     0
1987 03 22 12  -173  -225 10377   100   103     1 -9999     0
1987 03 22 18  -171  -223 10378    70    93     1 -9999     0
1987 03 23 06  -189  -248 10362    80    31     0 -9999     0
1987 03 23 12  -138  -186 10341    30    21     1 -9999     0
1987 03 23 18  -132  -165 10304    60    31     2 -9999     0
1987 03 24 06  -151  -162 10289    90    51     6 -9999     0
1987 03 24 12  -141  -157 10293   100    51     7 -9999    -1
1987 03 24 18  -150  -173 10284    90    72     8 -9999 -9999
1987 03 25 06  -177  -197 10271    90   103     7 -9999 -9999
1987 03 25 12  -175  -210 10273    90    93     7 -9999    -1
1987 03 25 18  -193  -242 10277    80    82     3 -9999 -9999
1987 03 26 06  -203  -245 10267    90    72     2 -9999     0
1987 03 26 12  -191  -240 10260    90    72     1 -9999     0
1987 03 26 18  -230  -266 10240    60    51     3 -9999     0
1987 03 27 06  -227  -263 10194    90    21     1 -9999     0
1987 03 27 12  -181  -218 10189    90    21     3 -9999     0
1987 03 27 18  -200  -241 10178    30    21     5 -9999     0
1987 03 28 12  -193  -223 10154   100    72     1 -9999     0
1987 03 28 18  -217  -240 10128    70    41     1 -9999     0
1987 03 29 06  -192  -222 10107    70    31     2 -9999     0
1987 03 29 12  -187  -225 10139    80    82     1 -9999     0
1987 03 29 18  -192  -231 10161    70    82     1 -9999     0
1987 03 30 06  -216  -250 10210    90    82     1 -9999     0
1987 03 30 12  -205  -248 10221    80   113     1 -9999     0
1987 03 30 18  -206  -248 10224    80    93     3 -9999     0
1987 03 31 06  -197  -294 10238    70    82     3 -9999     0
1987 03 31 12  -173  -216 10248    90   103     3 -9999     0
1987 03 31 18  -173  -216 10245    70   123     3 -9999     0
1987 04 01 06  -150  -180 10218    40   134     6 -9999 -9999
1987 04 01 12  -106  -119 10191    60   164     8 -9999    -1
1987 04 01 18   -99  -115 10201    40   175     7 -9999 -9999
1987 04 02 06   -78   -96 10246    80   113     8 -9999     0
1987 04 02 12   -68   -97 10292    90    93     7 -9999     0
1987 04 02 18 -9999 -9999 10320    80    82     7 -9999     0
1987 04 03 06   -47   -56 10330    90    72     8 -9999     0
1987 04 03 12   -30   -43 -9999    80    82     8 -9999     0
1987 04 03 18   -33   -51 10275    80    82     8 -9999     0
1987 04 04 06   -17   -28 10176    70    51     8 -9999 -9999
1987 04 04 12    -8   -27 10138    80    62     8 -9999    -1
1987 04 04 18   -19   -34 10122    80    72     8 -9999 -9999
1987 04 05 06   -86  -105 10131    60   134     8 -9999 -9999
1987 04 05 18  -109  -173 10167    70   103     2 -9999 -9999
1987 04 06 06  -123  -166 10167    90    72     2 -9999     0
1987 04 06 12  -129  -150 10153   100    62     3 -9999 -9999
1987 04 06 18  -151  -169 10136    90    31     1 -9999     0
1987 04 07 06  -160  -172 10094   300    10     2 -9999     0
1987 04 07 12  -111  -145 10078   100    21     4 -9999     0
1987 04 07 18  -129  -174 10078    60    41     3 -9999     0
1987 04 08 06  -175  -202 10108    80   103     8 -9999     0
1987 04 08 12  -169  -203 10129    90    51     2 -9999     0
1987 04 08 18  -175 -9999 10130    90    41     7 -9999     0
1987 04 09 06  -149  -154 10077   100    21     7 -9999 -9999
1987 04 09 12  -126  -146 10040    90    72     7 -9999     1
1987 04 10 06  -190  -196 10068   110    21     1 -9999 -9999
1987 04 10 12  -113  -153 10081   260    62     1 -9999     0
1987 04 10 18  -118  -160 10092   250    51     1 -9999     0
1987 04 11 06  -117  -141 10070   270    51     3 -9999     0
1987 04 11 12   -69  -125 10069   280    51     4 -9999     0
1987 04 11 18   -86  -124 10072    90    62     8 -9999     0
1987 04 12 06  -143  -155 10102   100   113     8 -9999 -9999
1987 04 12 12  -117  -136 10112   100    82     8 -9999    -1
1987 04 12 18  -122  -136 10103   100    62     8 -9999    -1
1987 04 13 06   -26   -37 10064   140    10     9 -9999 -9999
1987 04 13 12   -37   -42 10076   260    21     8 -9999     3
1987 04 13 18   -22   -28 10080   260    21     7 -9999 -9999
1987 04 14 06   -67 -9999 10069    80    93     6 -9999     0
1987 04 14 12 -9999 -9999 10074    80   129     7 -9999     0
1987 04 14 18   -74   -91 10104    90   113     8 -9999 -9999
1987 04 15 06   -59   -74 10000    70   154     7 -9999 -9999
1987 04 15 12   -34   -61  9969    70   175     8 -9999    -1
1987 04 15 18   -78   -88  9961    80   185     8 -9999 -9999
1987 04 16 06  -129  -144 10005    50   195     7 -9999     0
1987 04 16 12  -127  -137 10045    50   195     7 -9999     0
1987 04 16 18  -123  -173 10091    60   154     2 -9999     0
1987 04 17 06  -114  -153 10178    90    72     6 -9999     0
1987 04 17 12   -92  -154 10196    90    93     6 -9999     0
1987 04 17 18  -103  -146 10215    90    93     6 -9999     0
1987 04 18 06  -113  -159 10247    90    51     2 -9999 -9999
1987 04 18 12  -105  -168 10252    90    51     1 -9999     0
1987 04 18 18  -112  -152 10251    90    31     4 -9999     0
1987 04 19 06  -101  -118 10248    60    21     3 -9999 -9999
1987 04 19 12   -40   -66 10253   180    10     1 -9999    -1
1987 04 19 18   -58   -92 10255    90    21     2 -9999 -9999
1987 04 20 12   -34   -77 10249    60     5     2 -9999     0
1987 04 20 18   -62  -106 10246    90    21     7 -9999     0
1987 04 21 06   -86  -110 -9999    80    21     1 -9999     0
1987 04 21 18   -70  -108 10228    70    21     1 -9999     0
1987 04 22 06   -90  -129 10207    70    93     4 -9999     0
1987 04 22 12   -78  -118 10180    80   113     3 -9999    -1
1987 04 22 18   -74   -91 10147    60   123     4 -9999 -9999
1987 04 23 06   -62   -81 10088    60    62     5 -9999 -9999
1987 04 23 12   -16   -36 10097    70    72     7 -9999    -1
1987 04 24 06    -2   -32 10176    90    41     7 -9999 -9999
1987 04 24 12     6   -24 10203    90    21     7 -9999     0
1987 04 25 06    -1   -21 10207   150    51     8 -9999     0
1987 04 25 12     9   -14 10188   150    72     8 -9999     0
1987 04 26 06   211     9 10084   180    36     8 -9999 -9999
1987 04 26 18    26    16 10033   120    31     8 -9999 -9999
1987 04 27 06    20    12  9935   150   103     8 -9999 -9999
1987 04 27 12    12     1  9875    80    62     8 -9999    40
1987 04 27 18     6     0  9854   170    62     8 -9999 -9999
1987 04 28 06    -8   -18  9858   260    41     8 -9999 -9999
1987 04 28 12   -24   -50  9890   230    41     7 -9999    10
1987 04 28 18   -33   -47  9885   210    21     8 -9999 -9999
1987 04 29 06   -34   -59  9860    70    31     8 -9999 -9999
1987 04 29 12    -5   -23  9871   140    21     8 -9999     5
1987 04 29 18   -23   -38  9886   260    31     7 -9999 -9999
1987 04 30 18   -23   -42  9963   260    51     8 -9999 -9999
1987 05 01 06   -30   -50  9966    90    21     8 -9999 -9999
1987 05 01 12   -29   -67  9972    90    31     5 -9999    -1
1987 05 01 18   -29   -67  9988   270    21     6 -9999 -9999
1987 05 02 06   -64  -105 10020    50    21     2 -9999     0
1987 05 02 18   -22   -54 10040    10    10     4 -9999     0
1987 05 03 06   -84  -107 10060   310    10     4 -9999     0
1987 05 03 12   -16   -73 10074   260    21     6 -9999     0
1987 05 03 18   -49   -81 10085   320    41     4 -9999     0
1987 05 04 06   -42   -72 10103   290    51     7 -9999 -9999
1987 05 04 12   -34   -90 10127   270    51     5 -9999    -1
1987 05 04 18   -42  -101 -9999    90    21     2 -9999 -9999
1987 05 05 06   -90  -119 10137    70    21     0 -9999     0
1987 05 05 12   -48   -92 10142    90    51     1 -9999     0
1987 05 05 18 -9999 -9999 10138    70    41     1 -9999     0
1987 05 06 06   -83 -9999 10167    90    51     1 -9999     0
1987 05 06 12   -82  -124 10191    80    51     1 -9999     0
1987 05 06 18   -99  -141 10211    70    41     1 -9999     0
1987 05 07 06  -107  -135 10229   100    62     7 -9999 -9999
1987 05 08 06   -84  -107 10212    90    51     1 -9999 -9999
1987 05 08 12   -58   -88 10212    90    51     2 -9999     0
1987 05 08 18   -70   -99 10207    90    62     1 -9999     0
1987 05 09 06   -99  -111 10200   100    62     1 -9999     0
1987 05 09 12   -58  -106 10194   100    62     6 -9999     0
1987 05 09 18   -66  -138 10172    70    10     5 -9999     0
1987 05 10 12   -80  -111 -9999    80    41     7 -9999     0
1987 05 10 18   -79   -97 10122   100    31     7 -9999 -9999
1987 05 11 06  -102  -119 10113   100    31     5 -9999     0
1987 05 11 12   -69   -89 10115   100    21     8 -9999    -1
1987 05 11 18   -66   -78 10100   100    41     8 -9999 -9999
1987 05 12 06   -84  -116 10095    80    62     7 -9999 -9999
1987 05 12 12   -79  -125 10099    80    62     2 -9999    -1
1987 05 12 18   -84  -148 10097    60    62     1 -9999 -9999
1987 05 13 06   -76  -121 10081   100    15     7 -9999     0
1987 05 13 12   -64   -87 10079   100    31     6 -9999    -1
1987 05 13 18   -79  -115 10094    70    10     3 -9999 -9999
1987 05 14 06   -82  -105 10121   100    10     2 -9999     0
1987 05 14 12   -52   -85 10128   110    21     6 -9999     0
1987 05 14 18   -47   -79 10122   110    41     6 -9999     0
1987 05 15 12    -6   -40 10105   260    21     8 -9999     5
1987 05 15 18     2   -12 10097   170    41     7 -9999 -9999
1987 05 16 06    10     2 10094   260    41     8 -9999 -9999
1987 05 16 12    23     1 10116   270    10     8 -9999     0
1987 05 16 18    11    -3 10119   240    10     8 -9999     0
1987 05 17 06     6   -24 10116   270    31     5 -9999     0
1987 05 17 12     2   -35 10105   100    82     8 -9999     0
1987 05 17 18   -15   -29 10081    90    72     8 -9999 -9999
1987 05 18 06    -8   -18 10074   270    21     8 -9999 -9999
1987 05 18 12    12    -8 10099   250    51     7 -9999     5
1987 05 18 18    10    -7 10116   310    21     7 -9999 -9999
1987 05 19 06    -1   -21 10122   100    41     6 -9999     0
1987 05 19 18    15   -26 10079    90    51     7 -9999     0
1987 05 20 06    12   -11 10055     0     0     8 -9999     0
1987 05 20 12    40    -6 10062     0     0     8 -9999     0
1987 05 20 18    14   -15 10073    70    51     7 -9999     0
1987 05 21 06   -17   -38 10099   290    72     7 -9999 -9999
1987 05 21 12   -15   -59 10108   290    62     7 -9999     0
1987 05 21 18   -22   -69 10115   310    31     6 -9999     0
1987 05 22 06   -29   -70 10135   330    21     3 -9999     0
1987 05 22 12    -6   -15 10130    80    15     7 -9999     0
1987 05 22 18   -22 -9999 10120    70    51     7 -9999     0
1987 05 23 06   -22   -61 10182    40    10     3 -9999     0
1987 05 23 12    -5   -57 10211   310    41     2 -9999     0
1987 05 23 18    -5   -53 10220   260    21     1 -9999     0
1987 05 24 06   -21   -56 10178    90    51     8 -9999     0
1987 05 24 12    -9   -41 10171    90    51     7 -9999     0
1987 05 24 18   -18   -39 10185    90    51     8 -9999     0
1987 05 25 06   -27   -53 10230    90    10     2 -9999     0
1987 05 25 12    22   -18 10267     0     0     5 -9999     0
1987 05 25 18     4   -10 10277   250    10     8 -9999     0
1987 05 26 06    14    -5 10274   250    21     7 -9999     0
1987 05 26 12    24     8 10273   260    31     7 -9999     0
1987 05 26 18     4    -7 10267   250    21     8 -9999     0
1987 05 27 06    -9   -24 10265   250    31     3 -9999     0
1987 05 27 12     4   -10 10267   250    31     6 -9999     0
1987 05 27 18     4    -7 10256   270    31     7 -9999     0
1987 05 28 06    -4   -19 10243   250    31     6 -9999     0
1987 05 28 12     4    -7 10244   250    31     9 -9999     0
1987 05 28 18     4    -2 10235   270    31     8 -9999 -9999
1987 05 29 06     3    -5 10224   270    31     8 -9999     0
1987 05 29 12    18    -4 10233   220    10     7 -9999     0
1987 05 30 06   -10   -32 10273    60    51     8 -9999     0
1987 05 30 12   -21   -43 10272    90    51     7 -9999     0
1987 05 30 18   -20   -38 10255    90    41     7 -9999     0
1987 05 31 06     1   -26 10225     0     0     8 -9999     0
1987 05 31 12    53   -28 10234    30    10     4 -9999     0
1987 05 31 18    24   -22 10232     0     0     6 -9999     0
1987 06 01 06    10   -22 10239     0     0     6 -9999     0
1987 06 01 12    20   -23 10250   260    21     7 -9999     0
1987 06 01 18     6   -25 10241   250    31     7 -9999     0
1987 06 02 06     2    -9 10226   270    31     8 -9999     0
1987 06 02 12     7    -1 10221   290    21     8 -9999     0
1987 06 02 18     4   -29 10210   310    31     8 -9999     0
1987 06 03 06    -2   -23 10201    70    21     8 -9999     0
1987 06 03 12     2   -19 10212    80    51     8 -9999     0
1987 06 03 18    -6   -24 10228    80    51     8 -9999 -9999
1987 06 04 06   -15   -29 10241    90    51     7 -9999 -9999
1987 06 04 12   -16   -36 10244   100    51     7 -9999    -1
1987 06 04 18   -24   -40 10246    90    51     8 -9999 -9999
1987 06 05 06   -20   -35 10220   100    41     7 -9999 -9999
1987 06 05 12    -8   -27 10220    90    51     7 -9999     0
1987 06 05 18    -4   -38 10207   100    31     8 -9999     0
1987 06 06 06    -8   -15 10202     0     0     8 -9999 -9999
1987 06 06 12    -3   -33 10206    90    31     8 -9999    -1
1987 06 06 18    14   -34 10195   280    10     7 -9999 -9999
1987 06 07 06     8   -49 10188   100    31     7 -9999     0
1987 06 07 12    18   -36 10191    70    21     7 -9999     0
1987 06 07 18    13   -22 10192    40    10     7 -9999     0
1987 06 08 06    10   -29 10204    90    31     7 -9999     0
1987 06 08 12    40   -43 10210   130    10     6 -9999     0
1987 06 08 18    38   -35 10208   260    10     8 -9999     0
1987 06 09 06    30   -50 10194    40    10     8 -9999     0
1987 06 09 12    49   -27 10188   130    10     3 -9999     0
1987 06 09 18    36   -24 10176     0     0     6 -9999     0
1987 06 10 06    18   -13 10146    70    10     7 -9999     0
1987 06 10 12    16   -15 10151    90    51     7 -9999     0
1987 06 10 18     6   -17 10155    90    51     8 -9999     0
1987 06 11 06     8   -21 10180   120    21     6 -9999     0
1987 06 11 12    18   -23 10199   260    41     7 -9999     0
1987 06 11 18    14    -2 10207   250    31     7 -9999     0
1987 06 12 06    24   -12 10215   300    21     8 -9999     0
1987 06 12 12    24   -29 10218   280    51     7 -9999     0
1987 06 12 18    22   -18 10210   280    31     7 -9999     0
1987 06 13 06    16   -18 10194   180    21     5 -9999     0
1987 06 13 12    21   -80 -9999   290    41     7 -9999     0
1987 06 13 18    16   -18 10185   300    21     7 -9999 -9999
1987 06 14 06    15    -7 10165   260    31     7 -9999 -9999
1987 06 14 12    23   -10 10159   250    41     7 -9999     0
1987 06 15 06    16     2 10130   220    41     7 -9999 -9999
1987 06 15 12    25     4 10130   240    51     7 -9999    -1
1987 06 15 18    28     4 10125   160    51     7 -9999 -9999
1987 06 16 06    31     7 10123   220     5     7 -9999 -9999
1987 06 16 12    45    15 10132   150    10     8 -9999     0
1987 06 16 18    31    21 10131    90    21     8 -9999 -9999
1987 06 17 06    34    19 10141   180    10     8 -9999 -9999
1987 06 17 12    35    22 10146   150    21     7 -9999     0
1987 06 17 18    33    20 10138   260    31     7 -9999     0
1987 06 18 12    52     6 10090   120    10     7 -9999     0
1987 06 18 18    43     7 10082    90    10     5 -9999     0
1987 06 19 06    35   -15 10084    80    31     7 -9999     0
1987 06 19 12    30    18 10089   100    41     8 -9999     0
1987 06 19 18    29   -33 10097    90    41     6 -9999     0
1987 06 20 06    24   -22 10107    90    31     8 -9999     0
1987 06 20 12    29   -13 10120   220    31     8 -9999     0
1987 06 21 06    29    -7 10123   270    51     8 -9999 -9999
1987 06 22 06    42   -13 10147   130    21     1 -9999     0
1987 06 22 12    54   -27 10161   350    21     2 -9999     0
1987 06 23 06    30   -22 10181   290    62     1 -9999     0
1987 06 23 12    42   -19 10182   290    46     6 -9999     0
1987 06 23 18    35   -25 10179   290    41     6 -9999     0
1987 06 24 06    27   -29 10163   300    31     7 -9999     0
1987 06 24 12    30    -8 10167   290    10     7 -9999     0
1987 06 24 18    28    -2 10174   110    10     6 -9999     0
1987 06 25 06    17     9 10165   190    31     8 -9999 -9999
1987 06 25 12    33    -2 10177   240    41     3 -9999    -1
1987 06 25 18    34    -7 10196   230    21     4 -9999 -9999
1987 06 26 06    25    -8 10216    70    41     7 -9999 -9999
1987 06 26 12    30     9 10233    70    21     7 -9999     5
1987 06 26 18    34   -10 10239    90    62     7 -9999 -9999
1987 06 27 06    24   -15 10236    90    51     3 -9999     0
1987 06 27 12    27    -9 10237    90    51     5 -9999     0
1987 06 27 18    34     5 10239    90    51     5 -9999     0
1987 06 28 12    46    -5 10224   100    31     5 -9999     0
1987 06 28 18    44    -1 10211   100    21     3 -9999     0
1987 06 29 06    34    -4 10201   130    21     2 -9999     0
1987 06 29 18    52     9 10195   330    21     7 -9999     0
1987 06 30 18    46   -11 10166    90    31     2 -9999     0
1987 07 01 06    26    -7 10141    80    72     7 -9999     0
1987 07 01 12    28   -17 10129   100    72     8 -9999     0
1987 07 01 18    40    -9 10092    50     5     8 -9999 -9999
1987 07 02 06    34     5 10011   110    51     8 -9999 -9999
1987 07 02 12    22    -9 10000    90    31     8 -9999     3
1987 07 02 18    23    10  9994   270    10     8 -9999 -9999
1987 07 03 06    30    26  9988   190     5     8 -9999 -9999
1987 07 03 12    42     8  9997   170    10     8 -9999    -1
1987 07 03 18    30    12 10006   250    31     8 -9999 -9999
1987 07 04 06    29    19 10019   270    62     8 -9999 -9999
1987 07 04 12    30    15 10029   250    41     8 -9999     1
1987 07 04 18    30     9 10029   250    41     7 -9999 -9999
1987 07 05 06    32    11 10010   220    10     7 -9999     0
1987 07 05 12    40    14 10000   250    31     7 -9999    -1
1987 07 05 18    31    23  9997   230    41     7 -9999 -9999
1987 07 06 12    50     3 10027   270    31     7 -9999    -1
1987 07 06 18    40    20 10045   240    51     8 -9999 -9999
1987 07 07 06    34    24 10083   210    31     8 -9999 -9999
1987 07 07 12    42    22 10105   240    21     7 -9999    -1
1987 07 07 18    44    27 10122   230    21     7 -9999 -9999
1987 07 08 06    28    18 10149   240    21     8 -9999     0
1987 07 08 12    40     0 10167    80    51     7 -9999     0
1987 07 08 18    42   -13 10171   100    41     6 -9999     0
1987 07 09 06    37   -19 10171    90    41     7 -9999     0
1987 07 09 12    40   -15 10175   110    51     5 -9999     0
1987 07 10 06    42     6 10144   130    10     1 -9999     0
1987 07 10 12    52    33 10132   220    10     1 -9999     0
1987 07 10 18    70    31 10124    70    10     1 -9999     0
1987 07 11 06    54    25 -9999   100    10     1 -9999     0
1987 07 11 18    65    25 10085   120    10     2 -9999     0
1987 07 12 06    64     9 10064    50    10     2 -9999     0
1987 07 12 18    54    22 10063   290    62     3 -9999     0
1987 07 13 06    48     4 10057   320    41     6 -9999     0
1987 07 13 12    57    -2 10062   290    62     1 -9999     0
1987 07 13 18    46   -11 10078   310    62     2 -9999     0
1987 07 14 06    31    16 10091   240    10     7 -9999 -9999
1987 07 14 12    44    29 10085   260    41     7 -9999    -1
1987 07 14 18    35    28 10089   250    31     8 -9999 -9999
1987 07 15 06    42    37 10092   240    51     8 -9999 -9999
1987 07 15 12    42    37 10111   230    41     8 -9999    50
1987 07 16 06    43    41 10150   230    51     7 -9999 -9999
1987 07 16 18    47    40 -9999   240    41     8 -9999 -9999
1987 07 17 12    45    38 10188   260    31     8 -9999     0
1987 07 17 18 -9999 -9999 10176   250    72     7 -9999 -9999
1987 07 18 06    50    45 10145   210    31     8 -9999 -9999
1987 07 18 12    52    50 10166   250    21     8 -9999    40
1987 07 19 06    73    46 10151   240    31     1 -9999 -9999
1987 07 19 12    92    57 10129   230    31     5 -9999     0
1987 07 19 18    92    62 10125   270    41     7 -9999     0
1987 07 20 06    59    52 10107    70    10     7 -9999     0
1987 07 20 12    59    38 10112    80    21     7 -9999     0
1987 07 20 18    52    35 10094   110    10     8 -9999     0
1987 07 21 12    45    43  9990   230    31     8 -9999    40
1987 07 21 18    44    39  9959   220    21     8 -9999 -9999
1987 07 22 12    45    35  9958    60    46     8 -9999     3
1987 07 22 18    31     7  9981    80    51     8 -9999 -9999
1987 07 23 06    80     9 10030     0     0     7 -9999 -9999
1987 07 23 12    58    24 10035    70    21     6 -9999     0
1987 07 23 18    38     1 10031   270    72     8 -9999 -9999
1987 07 24 06    20     3 10039    60    31     7 -9999     0
1987 07 24 18    52     6 10036   300    41     7 -9999 -9999
1987 07 25 18    54    22 10060   100    10     7 -9999     0
1987 07 26 06    38    -5 10090    90    21     7 -9999     0
1987 07 26 12    49    -1 10109   250    41     8 -9999     0
1987 07 26 18    43     1 10097   250    41     7 -9999     0
1987 07 27 12    41   -11  9994   280    72     6 -9999    -1
1987 07 27 18    39   -13  9983   280    62     6 -9999 -9999
1987 07 28 06    40    17 10021   260    72     8 -9999 -9999
1987 07 28 12    52    20 10054   220    51     6 -9999     1
1987 07 28 18    46    10 10059   100    21     7 -9999     0
1987 07 29 06    58   -18 10021    40    31     7 -9999     0
1987 07 30 06    36    16  9918   270    41     8 -9999 -9999
1987 07 30 12    36    18  9964   250    51     7 -9999    10
1987 07 30 18    32    17 10002   240    41     8 -9999 -9999
1987 07 31 06    28    12 10052     0     0     7 -9999 -9999
1987 07 31 12    53    15 10076   200    21     7 -9999    -1
1987 07 31 18    46    16 10085   270    10     7 -9999 -9999
1987 08 01 12    45     0 10120    70    21     7 -9999     0
1987 08 01 18    42     0 10133    80    62     3 -9999     0
1987 08 02 06    59    10 10102    20   154     7 -9999 -9999
1987 08 02 12    73    22 10075    50   164     8 -9999     5
1987 08 02 18    64    20 10059    50   154     8 -9999 -9999
1987 08 03 12    67    39 10135    60   113     7 -9999     0
1987 08 03 18    70    32 10150    30   134     6 -9999     0
1987 08 04 06    79    30 10167    30   123     4 -9999     0
1987 08 04 12    89    36 10187    30   113     6 -9999     0
1987 08 04 18    83    66 10205    70   103     6 -9999     0
1987 08 05 06    70    37 10244    70   123     5 -9999     0
1987 08 05 18    98    14 10263    60   113     3 -9999     0
1987 08 06 06    85     9 10276    90   103     2 -9999     0
1987 08 06 18    96     8 10275    70    72     1 -9999     0
1987 08 07 06    78    -1 10281    60    62     1 -9999     0
1987 08 08 18    44    29 10259    70    10     7 -9999     0
1987 08 09 06    58    29 10211   280    10     7 -9999 -9999
1987 08 09 12    70    32 10195   240    62     4 -9999     0
1987 08 09 18    58    29 10177    90    21     6 -9999     0
1987 08 10 06    35    19 10154    80    21     7 -9999     0
1987 08 10 12    49    19 10154    90    10     3 -9999     0
1987 08 10 18    40    25 10159   200    10     8 -9999     0
1987 08 11 06    38     7 10170    70    10 -9999 -9999     0
1987 08 11 12    64    31 10163   250    31     4 -9999     0
1987 08 11 18    68     8 10146   280    10     2 -9999     0
1987 08 12 06    51   -11 10124    80    10     7 -9999     0
1987 08 12 12    41     1 10119    70    31     7 -9999     0
1987 08 12 18    53    15 10115   120    10     6 -9999     0
1987 08 13 06    32    17 10131   210    10     7 -9999     0
1987 08 13 18    40    14 10133   190    21     7 -9999     0
1987 08 14 18    54    19 10077    80    21     7 -9999     0
1987 08 15 12    46    -8 10025   110    21     7 -9999     0
1987 08 15 18    20     1 10024    90    21     7 -9999 -9999
1987 08 16 12    13   -16 10033    50    21     7 -9999    -1
1987 08 16 18    22   -18 10038    70    21     7 -9999 -9999
1987 08 17 06    23   -56 10054    10    31     7 -9999 -9999
1987 08 17 12    20     4 10053    80    21     7 -9999     1
1987 08 17 18    34   -44 10057    10    62     7 -9999 -9999
1987 08 18 12    32   -12 10042    70    10     7 -9999     0
1987 08 18 18    27    -3 10039   250    41     7 -9999 -9999
1987 08 19 06    24    -9 10057   270    51     7 -9999 -9999
1987 08 20 12    32     0 10147   230    51     6 -9999    10
1987 08 20 18    32     0 10141   270    51     7 -9999 -9999
1987 08 21 12    26    -4 10103   270    62     8 -9999     3
1987 08 21 18    31    -7 10080   270    31     7 -9999 -9999
1987 08 22 12    16   -25 10109    70    62     8 -9999     0
1987 08 22 18     7    -1 10136     0     0     8 -9999     5
1987 08 23 12    36     4 10160   220    41     8 -9999     0
1987 08 24 06    32    11 10126   250    31     7 -9999 -9999
1987 08 24 18    41    29 10084   120    51     8 -9999 -9999
1987 08 25 06    34    24 10075     0     0     8 -9999 -9999
1987 08 25 12    42    19 10076   190    21     7 -9999    -1
1987 08 25 18    20     7 10085   250    31     7 -9999 -9999
1987 08 26 18    25   -24 10117   270    31     7 -9999 -9999
1987 08 27 06    12   -11 10104    50    41     7 -9999 -9999
1987 08 27 12    30     9 10091    60    21     7 -9999    40
1987 08 28 06    43     7 10055    60    31     8 -9999 -9999
1987 08 28 12    36   -14 10047    60    72     7 -9999     0
1987 08 28 18    28   -14 10039    50   103     7 -9999 -9999
1987 08 29 06    25   -27 10041    50    82     8 -9999 -9999
1987 08 29 12    38   -11 10051    60    82     7 -9999    -1
1987 08 29 18    26   -10 10044    80    82     7 -9999 -9999
1987 08 30 06    15    -1 10008    90    31     7 -9999 -9999
1987 08 30 12    25    12 10019   120    10     8 -9999     1
1987 08 30 18    23    10 10035     0     0     7 -9999 -9999
1987 08 31 12    31   -13 10105   270    21     6 -9999     0
1987 08 31 18    22    -6 10119   170    10     5 -9999 -9999
1987 09 01 06     6   -24 10133   260    10     7 -9999     0
1987 09 01 12    16   -25 10149   250    41     7 -9999    -1
1987 09 01 18    16   -32 10162   260    41     8 -9999 -9999
1987 09 02 06    18   -36 10205     0     0     7 -9999     0
1987 09 02 18    20   -41 10229    70    31     2 -9999 -9999
1987 09 03 12    26   -19 10215    50    93     8 -9999     0
1987 09 03 18    22   -12 10208    50    72     8 -9999     0
1987 09 04 06    26    -4 10179    70    62     8 -9999     0
1987 09 04 18    25    12 10154    60    31     8 -9999     0
1987 09 05 06    22    17 10145    50    10     8 -9999     0
1987 09 05 12    33    18 10163     0     0     7 -9999     0
1987 09 05 18    30     6 10179    70    10     7 -9999     0
1987 09 06 12    22   -12 10219    50    31     7 -9999     0
1987 09 06 18     6   -17 10216    50    31     3 -9999     0
1987 09 07 06    28    -8 10198    60    41     7 -9999     0
1987 09 07 18    24     0 10149    60    82     2 -9999     0
1987 09 08 12    57    17 10099    50    72     6 -9999     0
1987 09 08 18    49    16 10086    50    82     6 -9999     0
1987 09 09 18    27    17 10105    40    21     7 -9999     0
1987 09 10 12    44   -17 10087    50    41     2 -9999     0
1987 09 10 18    18   -13 10076     0     0     3 -9999     0
1987 09 11 06    37     8 10031    60    93     7 -9999     0
1987 09 11 12    40     7 10025    70    93     7 -9999     0
1987 09 11 18    40     9 10011    80   103     7 -9999     0
1987 09 12 06    22    -3  9981    80    72     7 -9999 -9999
1987 09 12 12    19    -6  9976    70    62     8 -9999     0
1987 09 12 18    20     1  9973    60    31     8 -9999 -9999
1987 09 13 12     7   -13  9953    60    62     7 -9999     3
1987 09 13 18     7   -24  9950    70    72     8 -9999 -9999
1987 09 14 06    20   -20  9942    60    82     8 -9999 -9999
1987 09 14 18    18    -7  9991    80    41     8 -9999 -9999
1987 09 15 12    64    14 10010    50    72     6 -9999     0
1987 09 15 18    38     7 10028    50    62     7 -9999     0
1987 09 16 12    31    21 10067     0     0     8 -9999     3
1987 09 16 18    22    14 10087    50    10     7 -9999     0
1987 09 17 12    23     1 10179     0     0     7 -9999    -1
1987 09 17 18     5   -15 10205    80    72     7 -9999 -9999
1987 09 18 12   -22   -27 10205    70    72     7 -9999    -1
1987 09 18 18   -23   -70 10200    80    72     7 -9999 -9999
1987 09 19 06   -23   -74 10206    70    41     7 -9999 -9999
1987 09 19 12   -34   -81 10219    70    31     7 -9999     0
1987 09 19 18   -37   -81 10217    90    10     6 -9999     0
1987 09 20 06   -42   -72 10207     0     0     6 -9999     0
1987 09 20 18   -24   -53 10196    50    10     7 -9999     0
1987 09 21 06   -10   -39 10176   270    21     8 -9999     0
1987 09 21 12     5   -26 10166   200    21     7 -9999    -1
1987 09 21 18   -10   -23 10149   210    21     7 -9999 -9999
1987 09 22 18   -17   -28 10106     0     0     8 -9999 -9999
1987 09 23 18     4   -12 10023    50    21     8 -9999 -9999
1987 09 24 12     5   -23 10006    60    41     7 -9999     0
1987 09 24 18     0   -26 10006    50    41     7 -9999     0
1987 09 25 06    -8   -33 10022    70    72     7 -9999 -9999
1987 09 25 12   -17   -34 10032    60   103     8 -9999     0
1987 09 25 18   -38   -60 10028    50   103     8 -9999     0
1987 09 26 06   -45   -61 10009    70    82     8 -9999 -9999
1987 09 26 12   -45   -84 10015    30    31     4 -9999     0
1987 09 26 18   -72  -110 10028    70    21     1 -9999     0
1987 09 27 06   -84  -116 10076    50    10     3 -9999     0
1987 09 27 18   -36   -61 10092   340    10     7 -9999 -9999
1987 09 28 06    12    -5  9967   150    72     8 -9999 -9999
1987 09 28 12    14     3  9936   240    21     8 -9999 -9999
1987 09 28 18     6   -28  9986   270    51     6 -9999 -9999
1987 09 29 06   -29   -74  9985   140    31     8 -9999 -9999
1987 09 29 12    21    10  9918   270    72     8 -9999    20
1987 09 29 18    10   -19  9914   260    62     7 -9999 -9999
1987 09 30 06   -59  -122 10031   330    10     3 -9999 -9999
1987 09 30 12   -54  -119 10101   250    21     4 -9999     0
1987 10 01 12   -40   -52 10061    50   113     8 -9999     1
1987 10 01 18   -23   -52 10026    70    82     8 -9999 -9999
1987 10 02 06   -15   -32  9993    70    62     8 -9999 -9999
1987 10 02 12   -11   -19  9995    80    31     8 -9999     0
1987 10 03 06   -19   -37  9943    50    72     8 -9999 -9999
1987 10 03 12   -32   -63  9941    20    41     7 -9999     5
1987 10 03 18   -46   -85  9957    10    10     6 -9999 -9999
1987 10 04 06   -72  -106 10032    20    21     3 -9999 -9999
1987 10 04 12   -52  -107 10041    50    41     7 -9999     0
1987 10 04 18   -36   -61 10003    50    93     7 -9999 -9999
1987 10 05 06   -36   -61  9867    50   103     8 -9999 -9999
1987 10 05 12   -34   -62  9898    70    93     8 -9999    -1
1987 10 05 18   -47   -79  9939    50    93     8 -9999 -9999
1987 10 06 06   -82  -105  9956    50    62     8 -9999 -9999
1987 10 06 12   -88  -126  9996    50    82     7 -9999    -1
1987 10 06 18   -85  -117  9998    60   103     8 -9999 -9999
1987 10 07 06   -57   -64  9898    60   185     8 -9999 -9999
1987 10 07 12   -27   -53  9854    50   144     8 -9999     5
1987 10 07 18   -21   -43  9823    70   123     8 -9999     0
1987 10 08 06   -38   -60  9818    60   123     8 -9999 -9999
1987 10 08 12   -42   -68  9858    60   103     8 -9999    -1
1987 10 08 18   -66  -103  9976    50    93     8 -9999     0
1987 10 09 12   -88  -121 10167    70   113     3 -9999     0
1987 10 09 18   -81  -122 10140    60   113     7 -9999     0
1987 10 10 06   -63   -79 10038    50   164     8 -9999 -9999
1987 10 10 12   -35   -38  9963    60   164     8 -9999     0
1987 10 10 18   -37   -45  9891    50   123     8 -9999 -9999
1987 10 11 12   -42   -80  9880    70    62     7 -9999     1
1987 10 11 18   -46   -73  9901    70    51     7 -9999 -9999
1987 10 13 18   -46   -73 10134     0     0     8 -9999 -9999
1987 10 14 06   -26   -59 10138 -9999 -9999     7 -9999 -9999
1987 10 14 12   -22   -51 10128     0     0     7 -9999     0
1987 10 14 18   -16   -53 10117    50    21     5 -9999     0
1987 10 15 12    -5   -33 10051    60    82     7 -9999     0
1987 10 15 18     5   -11 10031    60    51     8 -9999 -9999
1987 10 16 12    -8   -27 10042    90    62     8 -9999    10
1987 10 16 18   -43   -70 10058    90    82     8 -9999     0
1987 10 17 12  -115  -197 10015    50    51     1 -9999     0
1987 10 17 18  -103  -171 10066    70    51     1 -9999     0
1987 10 18 06   -91  -141 10074    50   103     8 -9999     0
1987 10 18 12   -90  -101 10029    60   113     8 -9999    -1
1987 10 18 18   -76  -136 10068   240    21     1 -9999 -9999
1987 10 19 12   -36   -54 10145   270   103     7 -9999     3
1987 10 19 18   -50   -99 10112    10    51     7 -9999 -9999
1987 10 20 06   -89  -133 10120    80    31     1 -9999 -9999
1987 10 20 12   -83   -88 10180   280   103     2 -9999     1
1987 10 20 18  -119  -167 10255    50    21     5 -9999 -9999
1987 10 21 12   -86  -129 10317     0     0     1 -9999     0
1987 10 21 18   -94  -129 10325     0     0     1 -9999     0
1987 10 22 06   -94  -134 10364    60    21     0 -9999     0
1987 10 22 12   -49   -81 10390    70    31     7 -9999     0
1987 10 22 18   -44   -71 10391    70    31     7 -9999     0
1987 10 23 06     0   -29 10345    90    10     8 -9999     0
1987 10 23 12     8   -15 10296    50    31     8 -9999     0
1987 10 23 18    18     2 10224    50    31     8 -9999 -9999
1987 10 24 06    22    21 10158     0     0     8 -9999 -9999
1987 10 24 12    31    26 10126   200    21     8 -9999    10
1987 10 24 18    20     9 10091   260    21     7 -9999 -9999
1987 10 25 12    13     5 10045   250    51     8 -9999 -9999
1987 10 25 18     1    -2 10055     0     0     8 -9999 -9999
1987 10 26 06    30    20 10010   150    31     8 -9999 -9999
1987 10 26 12     8    -6 10041   270    41     8 -9999    40
1987 10 26 18    14     9 10043     0     0     8 -9999 -9999
1987 10 27 06     9   -11 10061   250    41     7 -9999 -9999
1987 10 27 18   -18   -53 10087    70    72     7 -9999     0
1987 10 28 06   -21   -43 10101    80   113     8 -9999 -9999
1987 10 28 12   -28   -58 10094    70    72     8 -9999    -1
1987 10 28 18   -26   -39 10084    70    51     8 -9999 -9999
1987 10 29 12     6   -25  9922    70    93     8 -9999     1
1987 10 29 18    -6   -27  9962   100    41     8 -9999 -9999
1987 10 30 18   -66  -107 10078   250    21     7 -9999 -9999
1987 10 31 06   -96  -126 10084    70    51     6 -9999 -9999
1987 10 31 12 -9999 -9999 10072    80    93     8 -9999     0
1987 10 31 18  -104  -142 10042    60   103     6 -9999     0
1987 11 01 06   -82  -119 10010    80    72     7 -9999     0
1987 11 01 12   -98  -119 10042    90    82     7 -9999     0
1987 11 01 18   -90  -129 10054    70    51     7 -9999     0
1987 11 02 06   -72   -97 10004    70   123     7 -9999     0
1987 11 02 12   -58   -80  9968    90   175     8 -9999     0
1987 11 02 18   -50   -63  9953    70   175     9 -9999 -9999
1987 11 03 06   -38   -60  9986    60    10     6 -9999 -9999
1987 11 03 12   -18   -26 10005   240    41     7 -9999     5
1987 11 03 18   -33   -54  9989   270    51     8 -9999 -9999
1987 11 04 12   -41   -79  9824   260    51     8 -9999    -1
1987 11 04 18   -62  -106  9881   310    62     6 -9999 -9999
1987 11 05 06  -100  -142  9986   300    93     1 -9999 -9999
1987 11 05 12  -119  -155 10029   110    31     2 -9999     0
1987 11 05 18  -122  -153 10068   340    41     5 -9999     0
1987 11 06 12  -149  -209 10134   270    10     1 -9999     0
1987 11 06 18  -145  -203 10150     0     0     1 -9999     0
1987 11 07 06  -125  -178 10139   320    41     1 -9999     0
1987 11 07 12  -116  -157 10149    20    51     1 -9999     0
1987 11 07 18  -127  -193 10156    10    10     0 -9999     0
1987 11 08 18  -154  -192 10158    90    41     7 -9999     0
1987 11 09 06  -127  -178 10113   250    31     7 -9999     0
1987 11 09 12  -115  -150 10096    80    51     8 -9999    -1
1987 11 09 18  -109  -154 10075    90    72     8 -9999 -9999
1987 11 10 06  -119  -155 10086    90    62     2 -9999 -9999
1987 11 10 18  -134  -195 10122    90    72     1 -9999     0
1987 11 11 06  -129  -167 10155    70    62     1 -9999     0
1987 11 11 12  -141  -176 10166    90    72     1 -9999     0
1987 11 11 18  -125  -163 10164    80    51     7 -9999     0
1987 11 12 06   -65   -81 10131   100    62     6 -9999 -9999
1987 11 12 12   -86  -103 10123    70    31     1 -9999     0
1987 11 12 18   -88  -116 10118    60    10     1 -9999     0
1987 11 13 12   -96  -117 10103    70    10     2 -9999     0
1987 11 13 18   -76   -98 10095    90    10     7 -9999     0
1987 11 14 12   -82  -112 10094     0     0     1 -9999     0
1987 11 14 18   -93  -123 10092     0     0     0 -9999     0
1987 11 15 06   -88  -112 10072     0     0     7 -9999     0
1987 11 15 12   -77   -99 10067   100    51     7 -9999     0
1987 11 16 06   -92  -117 10067    90    93     8 -9999     0
1987 11 16 12  -101  -138 10087    90   123     7 -9999     0
1987 11 16 18   -97  -100 10097    90   134     4 -9999     0
1987 11 17 06   -97  -123 10123    90   123     8 -9999     0
1987 11 17 12   -95  -107 10150    80   123     7 -9999    -1
1987 11 17 18 -9999 -9999 10130   100    82     8 -9999 -9999
1987 11 18 12   -81  -113 10162   250    41     7 -9999    -1
1987 11 18 18   -81  -104 10159   270    21     7 -9999 -9999
1987 11 19 06   -55   -69 10101    90    62     8 -9999 -9999
1987 11 19 12   -32   -53 10093   100    82     7 -9999    -1
1987 11 19 18   -14   -47 10073    80    62     8 -9999 -9999
1987 11 20 06     0   -20 10006    90    62     7 -9999 -9999
1987 11 20 12     3    -5  9983   160    31     8 -9999     3
1987 11 20 18     5    -6  9966   270    21     7 -9999 -9999
1987 11 21 06     1    -2  9985   230    31     8 -9999 -9999
1987 11 21 12   -15   -20 10012   270    10     7 -9999     3
1987 11 21 18   -19   -37 10043 -9999 -9999     7 -9999     0
1987 11 22 06   -67   -83 10072    90    82     8 -9999 -9999
1987 11 22 12   -98  -119 10107   100    93     8 -9999    -1
1987 11 22 18  -131  -170 10155    70    72     2 -9999 -9999
1987 11 23 06  -171  -223 10197    80    62     1 -9999     0
1987 11 23 12  -155  -201 10201    90    62     3 -9999     0
1987 11 23 18  -151  -196 10194    90    93     3 -9999     0
1987 11 24 06  -155  -201 10201   100    41     1 -9999     0
1987 11 24 12  -164  -222 10197    60    41     1 -9999     0
1987 11 24 18  -168  -218 10167    30    41     0 -9999     0
1987 11 25 06   -57   -68 10017   170    93     7 -9999 -9999
1987 11 25 12   -11   -15  9925   150    72     8 -9999    10
1987 11 25 18     2    -4  9836   260    31     7 -9999 -9999
1987 11 26 12    -4   -10  9832   270    31     8 -9999    40
1987 11 26 18    -4   -13  9816   270    72     6 -9999 -9999
1987 11 27 06   -74   -95  9951   290   103     8 -9999 -9999
1987 11 27 12   -96  -126 10006   300    62     8 -9999     1
1987 11 27 18   -87  -115 10063   280    82     7 -9999 -9999
1987 11 28 18     4    -7 10008   160    31     8 -9999 -9999
1987 11 29 12   -16   -24  9946   270   113     8 -9999    -1
1987 11 29 18   -43   -55 10022   270    62     7 -9999 -9999
1987 11 30 06  -131  -155 10122     0     0     0 -9999 -9999
1987 11 30 12   -76  -121 10122    40    31     7 -9999     0
1987 11 30 18   -78  -113 10112    80    62     7 -9999 -9999
1987 12 01 06  -111  -124 10085    90    93     8 -9999 -9999
1987 12 01 12  -133  -149 10096    90    72     7 -9999     1
1987 12 01 18  -161  -193 10133    90    72     1 -9999     0
1987 12 02 06  -214  -271 10218     0     0     0 -9999     0
1987 12 02 12  -205  -271 10219    40    10     1 -9999     0
1987 12 02 18  -199  -250 10203    70    41     7 -9999     0
1987 12 03 06  -237  -288 10177    90   103     7 -9999     0
1987 12 03 12  -236  -303 10172    80    93     4 -9999     0
1987 12 03 18  -235  -319 10152    70    62     0 -9999     0
1987 12 04 06  -246  -318 10089    70    31     1 -9999     0
1987 12 04 12  -253  -310 10081    60    21     1 -9999     0
1987 12 04 18  -224  -285 10071    50    10     7 -9999     0
1987 12 05 06  -173  -225 10088    90    31     7 -9999     0
1987 12 05 12  -165  -214 10121    50    62     3 -9999     0
1987 12 05 18  -175  -219 10148    70    31     1 -9999     0
1987 12 06 06  -164  -205 10151     0     0     7 -9999     0
1987 12 06 12  -109  -122 10129   270    10     8 -9999     1
1987 12 06 18   -85  -133 10129   300    41     1 -9999 -9999
1987 12 07 12   -50   -82 10087   300    41     7 -9999    -1
1987 12 07 18   -53   -67 10051   290    41     7 -9999 -9999
1987 12 08 12  -114  -143 10060    90    93     7 -9999    -1
1987 12 09 06  -176  -220 10105    70   103     7 -9999 -9999
1987 12 09 12  -199  -201 10113    80   134     4 -9999     0
1987 12 09 18  -206  -248 10111    80    82     2 -9999     0
1987 12 10 06  -199  -240 10139    90   113     1 -9999     0
1987 12 10 12  -192  -222 10152   100    82     1 -9999     0
1987 12 11 06  -193  -232 10147    50    41     0 -9999     0
1987 12 11 12  -185  -232 10136    90    82     1 -9999     0
1987 12 11 18  -191  -240 10127   100    93     1 -9999     0
1987 12 12 06  -187  -245 10107    90    72     0 -9999     0
1987 12 12 12  -194  -244 10097    90    82     0 -9999     0
1987 12 12 18  -190  -239 10081    90   103     0 -9999     0
1987 12 13 12  -135  -151 10040    80   103     7 -9999    -1
1987 12 13 18  -150  -211 10054    80   103     1 -9999 -9999
1987 12 14 06  -175  -219 10040    90    82     0 -9999     0
1987 12 14 12  -186  -254 10021    80    31     1 -9999     0
1987 12 14 18  -195  -256  9996    70    72     0 -9999     0
1987 12 15 06  -202  -255  9987    90    72     0 -9999     0
1987 12 15 12  -191  -230  9991    90    51     0 -9999     0
1987 12 15 18  -208  -251  9982    70    10     0 -9999     0
1987 12 16 06  -152  -205  9943    90    82     1 -9999     0
1987 12 16 12  -164  -222  9974   100    62     1 -9999     0
1987 12 16 18  -209  -252  9982    80    51     1 -9999     0
1987 12 17 12  -163  -212 10011    60    41     1 -9999     0
1987 12 17 18  -137  -200 10023    20    62     1 -9999     0
1987 12 18 12  -103  -130 10048    90    82     6 -9999    -1
1987 12 18 18  -116  -151 10061    80    51     2 -9999 -9999
1987 12 19 06  -133  -172 10040    90    62     1 -9999     0
1987 12 19 12  -145  -188 10041    60    82     1 -9999     0
1987 12 20 12  -199  -221 10119     0     0     3 -9999     0
1987 12 21 06   -44   -71 10066   290    51     7 -9999 -9999
1987 12 21 18   -67  -104 10094     0     0     8 -9999 -9999
1987 12 22 06   -60   -91 10056    80    82     8 -9999 -9999
1987 12 22 12   -82  -103 10041    80    93     8 -9999     0
1987 12 22 18   -68  -101 10023    90    82     8 -9999 -9999
1987 12 23 12   -50   -71 10018    90    93     7 -9999    -1
1987 12 23 18   -56   -86  9993    70    82     7 -9999 -9999
1987 12 24 06   -34   -52  9932    90    51     7 -9999 -9999
1987 12 24 12   -35   -49  9937    70    21     8 -9999    -1
1987 12 24 18   -40   -52  9902    80    31     8 -9999 -9999
1987 12 25 06   -29   -33  9715    90   185     9 -9999 -9999
1987 12 25 12   -20   -35  9591    70   144     2 -9999     3
1987 12 25 18   -38   -46  9627   230   103     7 -9999 -9999
1987 12 26 06   -88  -116  9746    90    21     7 -9999 -9999
1987 12 26 12  -129  -174  9764    20    31     7 -9999    -1
1987 12 26 18 -9999 -9999  9843    40   123     8 -9999 -9999
1987 12 27 06  -139  -167  9921    60    93     7 -9999 -9999
1987 12 27 12  -166  -192  9969    90   103     3 -9999     0
1987 12 27 18  -195  -216  9999    90   113     7 -9999     0
1987 12 28 12  -225 -9999 10064    80    51     1 -9999     0
1987 12 28 18  -218  -291 10081    80    41     0 -9999     0
1987 12 29 06  -224  -285 10086    80    10     0 -9999     0
1987 12 29 18  -221  -296 10053    70    41     0 -9999     0
1987 12 30 06  -226  -288 10039    60    31     0 -9999     0
1987 12 30 12  -221  -268 10054    70    41     1 -9999     0
1987 12 30 18  -211  -255 10068    90    72     0 -9999     0
1987 12 31 06  -201  -232 10090    90    93     0 -9999     0
1987 12 31 12  -205  -247 10099    90    93     1 -9999     0
