1987 01 05 09   -40   -60 -9999 -9999 -9999 -9999 -9999 -9999
1987 01 06 10   -40  -120 -9999 -9999 -9999 -9999 -9999 -9999
1987 01 16 12   -10   -60 -9999     0     0 -9999 -9999 -9999
1987 01 27 16   -10   -50 -9999   340    72 -9999 -9999 -9999
1987 02 19 15   -10   -70 -9999   140    31 -9999 -9999 -9999
1987 03 04 09     0   -20 -9999 -9999 -9999 -9999 -9999 -9999
1987 03 31 12    40    10 -9999   170    72 -9999 -9999 -9999
1987 05 12 09    70    10 -9999 -9999 -9999 -9999 -9999 -9999
1987 05 19 17    60    30 -9999   330   108 -9999 -9999 -9999
1987 05 24 12   150    20 -9999 -9999 -9999 -9999 -9999 -9999
1987 06 08 08   120   100 -9999 -9999 -9999 -9999 -9999 -9999
1987 06 16 07   110    90 -9999   330    46 -9999 -9999 -9999
1987 06 17 12   110    90 -9999 -9999 -9999 -9999 -9999 -9999
1987 06 23 12   100    90 -9999   320    51 -9999 -9999 -9999
1987 06 23 13   100    80 -9999   330    46 -9999 -9999 -9999
1987 06 23 14   100    80 -9999   330    41 -9999 -9999 -9999
1987 06 23 15   100    80 -9999   320    41 -9999 -9999 -9999
1987 06 23 16   100    80 -9999   330    46 -9999 -9999 -9999
1987 06 23 17   100    80 -9999   340    51 -9999 -9999 -9999
1987 06 23 18   100    80 -9999   340    41 -9999 -9999 -9999
1987 06 24 04    80    80 -9999   340    36 -9999 -9999 -9999
1987 06 24 05    80    80 -9999   350    31 -9999 -9999 -9999
1987 06 24 06    80    80 -9999   350    26 -9999 -9999 -9999
1987 06 24 08    90    70 -9999   330    36 -9999 -9999 -9999
1987 06 24 09   100    80 -9999   330    31 -9999 -9999 -9999
1987 06 24 10   100    70 -9999   330    46 -9999 -9999 -9999
1987 06 24 11   100    80 -9999   330    57 -9999 -9999 -9999
1987 06 24 12   100    60 -9999   320    62 -9999 -9999 -9999
1987 06 24 13   100    50 -9999   330    57 -9999 -9999 -9999
1987 06 24 14   100    50 -9999   330    72 -9999 -9999 -9999
1987 06 24 15   100    60 -9999   330    57 -9999 -9999 -9999
1987 06 24 16   100    60 -9999   330    67 -9999 -9999 -9999
1987 06 24 17   100    60 -9999   330    67 -9999 -9999 -9999
1987 06 24 18   100    60 -9999   330    67 -9999 -9999 -9999
1987 06 25 04    80    70 -9999   340    26 -9999 -9999 -9999
1987 06 25 05    90    80 -9999   330    15 -9999 -9999 -9999
1987 06 25 06    90    70 -9999   340    21 -9999 -9999 -9999
1987 06 25 07    90    60 -9999   330    31 -9999 -9999 -9999
1987 06 25 08    90    80 -9999 -9999 -9999 -9999 -9999 -9999
1987 06 25 09    90    70 -9999   320    26 -9999 -9999 -9999
1987 06 25 10    90    70 -9999   320    41 -9999 -9999 -9999
1987 06 25 11   100    70 -9999   330    31 -9999 -9999 -9999
1987 06 25 12    90    80 -9999   350    36 -9999 -9999 -9999
1987 06 25 13    90    80 -9999   350    31 -9999 -9999 -9999
1987 06 25 14   100    80 -9999   350    46 -9999 -9999 -9999
1987 06 25 15   100    80 -9999   330    41 -9999 -9999 -9999
1987 06 25 16   100    80 -9999   320    31 -9999 -9999 -9999
1987 06 25 18   100    70 -9999   280    36 -9999 -9999 -9999
1987 06 26 05    90    90 -9999   160    10 -9999 -9999 -9999
1987 06 26 06    90    90 -9999 -9999    10 -9999 -9999 -9999
1987 06 26 07   100    80 -9999 -9999     5 -9999 -9999 -9999
1987 06 26 08   100    70 -9999 -9999    10 -9999 -9999 -9999
1987 06 26 09   110    90 -9999   300    10 -9999 -9999 -9999
1987 06 26 10   110    90 -9999 -9999    15 -9999 -9999 -9999
1987 06 26 11   110    90 -9999   200    15 -9999 -9999 -9999
1987 06 26 12   120    90 -9999   250    10 -9999 -9999 -9999
1987 06 26 13   120    90 -9999   330    31 -9999 -9999 -9999
1987 06 26 14   140    90 -9999   330    36 -9999 -9999 -9999
1987 06 26 15   130    90 -9999   330    46 -9999 -9999 -9999
1987 06 26 16   130    90 -9999   330    46 -9999 -9999 -9999
1987 06 26 17   110    80 -9999   320    62 -9999 -9999 -9999
1987 06 26 18   100    80 -9999   330    51 -9999 -9999 -9999
1987 06 28 14   120    40 -9999   170    26 -9999 -9999 -9999
1987 06 28 15   110    90 -9999   150    36 -9999 -9999 -9999
1987 06 28 16   110    90 -9999   160    31 -9999 -9999 -9999
1987 06 28 17    90    70 -9999   170    15 -9999 -9999 -9999
1987 06 28 18    90    90 -9999   120    21 -9999 -9999 -9999
1987 06 28 19    90    90 -9999   130    57 -9999 -9999 -9999
1987 06 29 05   100   100 -9999     0     0 -9999 -9999 -9999
1987 06 29 06   110   110 -9999     0     0 -9999 -9999 -9999
1987 06 29 07   110   110 -9999     0     0 -9999 -9999 -9999
1987 06 29 08   110   110 -9999     0     0 -9999 -9999 -9999
1987 06 29 09   130    90 -9999   200    26 -9999 -9999 -9999
1987 06 29 10   130    90 -9999   190    21 -9999 -9999 -9999
1987 06 29 11   140    80 -9999     0     0 -9999 -9999 -9999
1987 06 29 12   150   110 -9999   350    41 -9999 -9999 -9999
1987 06 29 14   160   110 -9999   350    36 -9999 -9999 -9999
1987 06 29 15   160   110 -9999   340    36 -9999 -9999 -9999
1987 06 29 16   150   100 -9999   340    41 -9999 -9999 -9999
1987 06 29 17   160   110 -9999   330    36 -9999 -9999 -9999
1987 06 29 18   140   100 -9999   330    31 -9999 -9999 -9999
1987 06 30 05   120   120 -9999 -9999 -9999 -9999 -9999 -9999
1987 06 30 06   120   120 -9999   230    21 -9999 -9999 -9999
1987 06 30 07   120   120 -9999   180    26 -9999 -9999 -9999
1987 06 30 08   130   130 -9999   190    31 -9999 -9999 -9999
1987 06 30 09   130   120 -9999   190    41 -9999 -9999 -9999
1987 06 30 10   120   120 -9999   180    36 -9999 -9999 -9999
1987 06 30 11   130   120 -9999   180    31 -9999 -9999 -9999
1987 06 30 12   160   130 -9999   160    31 -9999 -9999 -9999
1987 06 30 14   150   120 -9999   190    57 -9999 -9999 -9999
1987 06 30 15   160    90 -9999   190    41 -9999 -9999 -9999
1987 06 30 16   140    90 -9999   180    46 -9999 -9999 -9999
1987 06 30 17   130   110 -9999   190    51 -9999 -9999 -9999
1987 06 30 18   130    90 -9999   190    46 -9999 -9999 -9999
1987 06 30 19   130    90 -9999   190    31 -9999 -9999 -9999
1987 07 01 05    40   -10 -9999   270    15 -9999 -9999 -9999
1987 07 01 06   120   100 -9999   190    36 -9999 -9999 -9999
1987 07 01 07   120   100 -9999   190    36 -9999 -9999 -9999
1987 07 01 08   120   100 -9999   190    57 -9999 -9999 -9999
1987 07 01 09   120   110 -9999   200    51 -9999 -9999 -9999
1987 07 01 10   130    90 -9999   230    51 -9999 -9999 -9999
1987 07 01 11   130    90 -9999   210    31 -9999 -9999 -9999
1987 07 01 12   130   100 -9999 -9999 -9999 -9999 -9999 -9999
1987 07 01 13   120    90 -9999   220    41 -9999 -9999 -9999
1987 07 01 14   120   110 -9999 -9999    26 -9999 -9999 -9999
1987 07 01 15   110   110 -9999   230    57 -9999 -9999 -9999
1987 07 01 16   120   120 -9999   240    51 -9999 -9999 -9999
1987 07 01 17   120   110 -9999   240    51 -9999 -9999 -9999
1987 07 01 18   120   110 -9999   250    46 -9999 -9999 -9999
1987 07 02 04   110   110 -9999   270    41 -9999 -9999 -9999
1987 07 02 05   110   110 -9999   280    51 -9999 -9999 -9999
1987 07 02 06   110   100 -9999   280    41 -9999 -9999 -9999
1987 07 02 07   110   100 -9999   270    36 -9999 -9999 -9999
1987 07 02 09   120   100 -9999   260    31 -9999 -9999 -9999
1987 07 02 10   120   100 -9999   280    51 -9999 -9999 -9999
1987 07 02 11   110   100 -9999   280    46 -9999 -9999 -9999
1987 07 02 12   120    90 -9999   300    21 -9999 -9999 -9999
1987 07 02 13   120    90 -9999   290    26 -9999 -9999 -9999
1987 07 02 14   120    90 -9999   280    26 -9999 -9999 -9999
1987 07 02 15   120    90 -9999   290    15 -9999 -9999 -9999
1987 07 02 16   120    90 -9999   300    21 -9999 -9999 -9999
1987 07 02 18   120    90 -9999   320    21 -9999 -9999 -9999
1987 07 02 22    40   -10 -9999   120    10 -9999 -9999 -9999
1987 07 03 05   110    90 -9999     0     0 -9999 -9999 -9999
1987 07 03 06   120   100 -9999   190     5 -9999 -9999 -9999
1987 07 03 07   120    70 -9999   300    15 -9999 -9999 -9999
1987 07 03 08   130    70 -9999   320    21 -9999 -9999 -9999
1987 07 03 09   130    70 -9999   320    10 -9999 -9999 -9999
1987 07 03 11   140    80 -9999   330    26 -9999 -9999 -9999
1987 07 03 13   150    70 -9999 -9999 -9999 -9999 -9999 -9999
1987 07 03 14   150    70 -9999   330    36 -9999 -9999 -9999
1987 07 03 15   160    70 -9999   330    31 -9999 -9999 -9999
1987 07 03 16   150    70 -9999   320    31 -9999 -9999 -9999
1987 07 03 17   140    80 -9999   320    26 -9999 -9999 -9999
1987 07 05 16   150   140 -9999   160    36 -9999 -9999 -9999
1987 07 05 17   150   130 -9999   180    36 -9999 -9999 -9999
1987 07 05 18   150   130 -9999   190    41 -9999 -9999 -9999
1987 07 05 19   150   130 -9999   170    36 -9999 -9999 -9999
1987 07 06 05   140   120 -9999   140    62 -9999 -9999 -9999
1987 07 06 06   140   120 -9999   130    57 -9999 -9999 -9999
1987 07 06 07   140   120 -9999   140    51 -9999 -9999 -9999
1987 07 06 08   150   120 -9999   140    15 -9999 -9999 -9999
1987 07 06 10   160   130 -9999   150    31 -9999 -9999 -9999
1987 07 06 13   170   110 -9999   210    31 -9999 -9999 -9999
1987 07 06 14   160   120 -9999   170    41 -9999 -9999 -9999
1987 07 06 15   160   120 -9999   170    51 -9999 -9999 -9999
1987 07 06 16   160   130 -9999   170    36 -9999 -9999 -9999
1987 07 06 17   160   130 -9999 -9999    21 -9999 -9999 -9999
1987 07 06 18   150   130 -9999   230    31 -9999 -9999 -9999
1987 07 07 05   110   110 -9999   340    36 -9999 -9999 -9999
1987 07 07 07   110   110 -9999   320    36 -9999 -9999 -9999
1987 07 07 08   130   110 -9999   330    31 -9999 -9999 -9999
1987 07 07 09   140   100 -9999   330    36 -9999 -9999 -9999
1987 07 07 10   140   100 -9999   320    46 -9999 -9999 -9999
1987 07 07 11   160   110 -9999   320    51 -9999 -9999 -9999
1987 07 07 12   160    90 -9999   330    46 -9999 -9999 -9999
1987 07 07 13   160    80 -9999   330    46 -9999 -9999 -9999
1987 07 07 14   160    90 -9999   330    46 -9999 -9999 -9999
1987 07 07 16   150    80 -9999   330    57 -9999 -9999 -9999
1987 07 07 17   140    90 -9999   330    57 -9999 -9999 -9999
1987 07 07 18   140   100 -9999   330    46 -9999 -9999 -9999
1987 07 07 19   130   100 -9999   330    46 -9999 -9999 -9999
1987 07 08 05   110   110 -9999     0     0 -9999 -9999 -9999
1987 07 08 08   120   100 -9999     0     0 -9999 -9999 -9999
1987 07 08 09   110   100 -9999     0     0 -9999 -9999 -9999
1987 07 08 10   100    90 -9999   350     5 -9999 -9999 -9999
1987 07 08 11   110    70 -9999   320    21 -9999 -9999 -9999
1987 07 08 12   120    80 -9999   320    46 -9999 -9999 -9999
1987 07 08 13   120    80 -9999   340    41 -9999 -9999 -9999
1987 07 08 14   130    80 -9999   330    51 -9999 -9999 -9999
1987 07 08 15   130    70 -9999   320    41 -9999 -9999 -9999
1987 07 08 16   140    70 -9999   320    36 -9999 -9999 -9999
1987 07 08 17   130    50 -9999   310    26 -9999 -9999 -9999
1987 07 08 18   130    50 -9999   300    21 -9999 -9999 -9999
1987 07 08 19   120    70 -9999   300    46 -9999 -9999 -9999
1987 07 09 06    80    60 -9999    30    15 -9999 -9999 -9999
1987 07 09 07    90    80 -9999    10    10 -9999 -9999 -9999
1987 07 09 08   110    70 -9999   350    26 -9999 -9999 -9999
1987 07 10 14   130    80 -9999   320    72 -9999 -9999 -9999
1987 07 10 16   130    80 -9999   320    72 -9999 -9999 -9999
1987 07 10 17   120    60 -9999   330    77 -9999 -9999 -9999
1987 07 10 18   120    60 -9999   330    77 -9999 -9999 -9999
1987 07 12 17   140    60 -9999   250    36 -9999 -9999 -9999
1987 07 12 18   140    60 -9999   280    21 -9999 -9999 -9999
1987 07 12 19   150    70 -9999   290    15 -9999 -9999 -9999
1987 07 13 05   110   100 -9999   320    26 -9999 -9999 -9999
1987 07 13 06   110   100 -9999   340    36 -9999 -9999 -9999
1987 07 13 07   130   100 -9999   320    26 -9999 -9999 -9999
1987 07 13 08   130    90 -9999   320    31 -9999 -9999 -9999
1987 07 13 09   140    90 -9999   320    31 -9999 -9999 -9999
1987 07 13 10   150    90 -9999   340    41 -9999 -9999 -9999
1987 07 13 11   150    90 -9999   330    36 -9999 -9999 -9999
1987 07 13 12   160    90 -9999   320    31 -9999 -9999 -9999
1987 07 13 13   170    80 -9999   300    26 -9999 -9999 -9999
1987 07 13 14   160    90 -9999   340    41 -9999 -9999 -9999
1987 07 13 15   160    90 -9999   340    41 -9999 -9999 -9999
1987 07 13 17   160    90 -9999   320    31 -9999 -9999 -9999
1987 07 13 18   160    90 -9999   330    31 -9999 -9999 -9999
1987 07 14 05   100    90 -9999     0     0 -9999 -9999 -9999
1987 07 14 07   110    70 -9999 -9999     5 -9999 -9999 -9999
1987 07 14 08   120    70 -9999   340     5 -9999 -9999 -9999
1987 07 14 09   140    90 -9999   300    10 -9999 -9999 -9999
1987 07 14 10   150    70 -9999   290    15 -9999 -9999 -9999
1987 07 14 11   160   110 -9999   350    41 -9999 -9999 -9999
1987 07 14 12   150    80 -9999   350    41 -9999 -9999 -9999
1987 07 14 13   160    90 -9999   350    46 -9999 -9999 -9999
1987 07 14 14   160    90 -9999   350    46 -9999 -9999 -9999
1987 07 14 16   160    80 -9999   330    41 -9999 -9999 -9999
1987 07 14 17   160    80 -9999   340    51 -9999 -9999 -9999
1987 07 15 05   110   110 -9999   140    36 -9999 -9999 -9999
1987 07 15 07   140   110 -9999   190    10 -9999 -9999 -9999
1987 07 15 08   160   110 -9999   200    21 -9999 -9999 -9999
1987 07 15 09   200 -9999 -9999   140    36 -9999 -9999 -9999
1987 07 15 10   220    80 -9999   120    51 -9999 -9999 -9999
1987 07 15 13   230    80 -9999   140    46 -9999 -9999 -9999
1987 07 15 14   240    60 -9999   140    57 -9999 -9999 -9999
1987 07 15 15   220    60 -9999   160    51 -9999 -9999 -9999
1987 07 15 16   230    60 -9999   170    36 -9999 -9999 -9999
1987 07 15 17   230    60 -9999   140    46 -9999 -9999 -9999
1987 07 16 06   180    80 -9999   140   103 -9999 -9999 -9999
1987 07 16 13   210   100 -9999   120    82 -9999 -9999 -9999
1987 07 16 14   210   100 -9999   110    88 -9999 -9999 -9999
1987 07 16 15   220    90 -9999   110    98 -9999 -9999 -9999
1987 07 16 16   200    90 -9999   110    88 -9999 -9999 -9999
1987 07 16 17   200    90 -9999   110    82 -9999 -9999 -9999
1987 07 16 18   200    90 -9999   120    67 -9999 -9999 -9999
1987 07 17 05   190    70 -9999   120    67 -9999 -9999 -9999
1987 07 17 06   190    50 -9999 -9999 -9999 -9999 -9999 -9999
1987 07 17 08   200    40 -9999   110   129 -9999 -9999 -9999
1987 07 17 13   240    20 -9999   120   108 -9999 -9999 -9999
1987 07 17 14   240    20 -9999   120   108 -9999 -9999 -9999
1987 07 17 15   240    20 -9999   120   118 -9999 -9999 -9999
1987 07 17 18   240    20 -9999   110    62 -9999 -9999 -9999
1987 07 17 19   230    30 -9999   110    51 -9999 -9999 -9999
1987 07 20 05   140   130 -9999     0     0 -9999 -9999 -9999
1987 07 20 07   150   140 -9999     0     0 -9999 -9999 -9999
1987 07 20 08   150   130 -9999     0     0 -9999 -9999 -9999
1987 07 20 10   170   110 -9999   330    26 -9999 -9999 -9999
1987 07 20 11   170   110 -9999   330    31 -9999 -9999 -9999
1987 07 20 12   200   120 -9999   320    21 -9999 -9999 -9999
1987 07 20 13   200   120 -9999   320    46 -9999 -9999 -9999
1987 07 20 15   200   120 -9999   330    51 -9999 -9999 -9999
1987 07 20 16   200   120 -9999   330    51 -9999 -9999 -9999
1987 07 20 18   180   110 -9999   310    15 -9999 -9999 -9999
1987 07 21 06   170   110 -9999     0     0 -9999 -9999 -9999
1987 07 21 07   210   120 -9999     0     0 -9999 -9999 -9999
1987 07 21 08   210   120 -9999 -9999    15 -9999 -9999 -9999
1987 07 21 09   220   120 -9999 -9999    21 -9999 -9999 -9999
1987 07 21 10   230   120 -9999   190    31 -9999 -9999 -9999
1987 07 21 11   240   110 -9999   190    26 -9999 -9999 -9999
1987 07 21 12   250    80 -9999   320    26 -9999 -9999 -9999
1987 07 21 13   220   120 -9999   340    51 -9999 -9999 -9999
1987 07 21 14   220   120 -9999   340    57 -9999 -9999 -9999
1987 07 21 15   230   130 -9999   340    57 -9999 -9999 -9999
1987 07 21 16   220   120 -9999   320    46 -9999 -9999 -9999
1987 07 21 17   220   120 -9999   320    51 -9999 -9999 -9999
1987 07 22 04   130   130 -9999     0     0 -9999 -9999 -9999
1987 07 22 05   130   130 -9999     0     0 -9999 -9999 -9999
1987 07 22 06   140   140 -9999   340    21 -9999 -9999 -9999
1987 07 22 09   180   130 -9999   330    36 -9999 -9999 -9999
1987 07 22 10   190   130 -9999   330    31 -9999 -9999 -9999
1987 07 22 12   190   130 -9999   330    36 -9999 -9999 -9999
1987 07 22 13   190   130 -9999   320    46 -9999 -9999 -9999
1987 07 22 16   170   140 -9999   320    72 -9999 -9999 -9999
1987 07 22 17   160   130 -9999   330    67 -9999 -9999 -9999
1987 07 22 18   160   130 -9999   330    62 -9999 -9999 -9999
1987 07 23 05   120   120 -9999   350    36 -9999 -9999 -9999
1987 07 23 06   130   120 -9999   330    46 -9999 -9999 -9999
1987 07 23 07   140 -9999 -9999   330    41 -9999 -9999 -9999
1987 07 23 08   140   120 -9999   320    46 -9999 -9999 -9999
1987 07 23 09   150   130 -9999   320    57 -9999 -9999 -9999
1987 07 23 10   160   130 -9999   320    51 -9999 -9999 -9999
1987 07 23 11   160   130 -9999   320    67 -9999 -9999 -9999
1987 07 23 12   160   130 -9999   320    57 -9999 -9999 -9999
1987 07 23 13   160   130 -9999   330    57 -9999 -9999 -9999
1987 07 23 14   160   140 -9999   330    51 -9999 -9999 -9999
1987 07 23 15   160   120 -9999   320    67 -9999 -9999 -9999
1987 07 23 16   160   130 -9999   330    51 -9999 -9999 -9999
1987 07 23 18   150   130 -9999   320    62 -9999 -9999 -9999
1987 07 23 19   140   130 -9999   340    51 -9999 -9999 -9999
1987 07 24 11   140    80 -9999   320    41 -9999 -9999 -9999
1987 07 24 12   130    70 -9999   320    57 -9999 -9999 -9999
1987 07 24 17   130   100 -9999   310    36 -9999 -9999 -9999
1987 07 24 18   130   110 -9999   310    51 -9999 -9999 -9999
1987 07 24 19   110   100 -9999   310    72 -9999 -9999 -9999
1987 07 26 15   130    80 -9999   330    93 -9999 -9999 -9999
1987 07 26 16   130    80 -9999   330    98 -9999 -9999 -9999
1987 07 26 17   120    70 -9999   320    98 -9999 -9999 -9999
1987 07 26 18   120    70 -9999   330    88 -9999 -9999 -9999
1987 07 26 19   120    70 -9999   330    82 -9999 -9999 -9999
1987 07 27 04   100    90 -9999   360    15 -9999 -9999 -9999
1987 07 27 06   100    80 -9999   340    36 -9999 -9999 -9999
1987 07 27 08   130    90 -9999   340    31 -9999 -9999 -9999
1987 07 27 09   130    80 -9999   320    41 -9999 -9999 -9999
1987 07 27 10   140    90 -9999   320    51 -9999 -9999 -9999
1987 07 27 11   140    90 -9999   320    62 -9999 -9999 -9999
1987 07 27 14   150    80 -9999   320    72 -9999 -9999 -9999
1987 07 27 15   150    80 -9999   330    67 -9999 -9999 -9999
1987 07 27 16   150    90 -9999   320    82 -9999 -9999 -9999
1987 07 27 17   140   120 -9999   320    88 -9999 -9999 -9999
1987 07 27 18   140   120 -9999   330    77 -9999 -9999 -9999
1987 07 27 19   130   110 -9999   330    82 -9999 -9999 -9999
1987 07 28 05   120   110 -9999   330    57 -9999 -9999 -9999
1987 07 28 06   120   100 -9999   330    57 -9999 -9999 -9999
1987 07 28 07   120   100 -9999   330    46 -9999 -9999 -9999
1987 07 28 08   130   100 -9999   330    51 -9999 -9999 -9999
1987 07 28 09   130    90 -9999   320    41 -9999 -9999 -9999
1987 07 28 10   140    90 -9999   330    57 -9999 -9999 -9999
1987 07 28 11   140    90 -9999   320    62 -9999 -9999 -9999
1987 07 28 12   140    90 -9999   330    72 -9999 -9999 -9999
1987 07 28 13   140    90 -9999   330    72 -9999 -9999 -9999
1987 07 28 14   140    90 -9999   330    72 -9999 -9999 -9999
1987 07 28 15   130    80 -9999   330    72 -9999 -9999 -9999
1987 07 29 04 -9999 -9999 -9999   360    36 -9999 -9999 -9999
1987 07 29 05   110    80 -9999   350    41 -9999 -9999 -9999
1987 07 29 06   100    70 -9999   350    46 -9999 -9999 -9999
1987 07 29 09   130    80 -9999   320    41 -9999 -9999 -9999
1987 07 29 10   140    80 -9999   320    41 -9999 -9999 -9999
1987 07 29 11   140    60 -9999   320    46 -9999 -9999 -9999
1987 07 29 12   140    60 -9999   320    46 -9999 -9999 -9999
1987 07 29 13   140    60 -9999   320    51 -9999 -9999 -9999
1987 07 29 14   130    70 -9999   320    51 -9999 -9999 -9999
1987 07 29 16   130    70 -9999   320    51 -9999 -9999 -9999
1987 07 29 17   120    70 -9999   330    51 -9999 -9999 -9999
1987 07 29 18   120    70 -9999   330    51 -9999 -9999 -9999
1987 07 29 19   120    70 -9999   330    51 -9999 -9999 -9999
1987 07 30 05   400    40 -9999 -9999 -9999 -9999 -9999 -9999
1987 07 30 07   110   100 -9999 -9999    15 -9999 -9999 -9999
1987 07 30 08   110    80 -9999   330    21 -9999 -9999 -9999
1987 07 30 09   120    80 -9999   300    10 -9999 -9999 -9999
1987 07 30 11   140    80 -9999   300    21 -9999 -9999 -9999
1987 07 30 12   140    80 -9999   340    21 -9999 -9999 -9999
1987 07 30 13   140    80 -9999   330    26 -9999 -9999 -9999
1987 07 30 14   140    80 -9999   340    41 -9999 -9999 -9999
1987 07 30 15   140    80 -9999   340    46 -9999 -9999 -9999
1987 07 30 16   150    80 -9999   340    31 -9999 -9999 -9999
1987 07 30 17   140    80 -9999   340    31 -9999 -9999 -9999
1987 07 30 18   140    80 -9999 -9999    21 -9999 -9999 -9999
1987 07 30 19   130    90 -9999   320    26 -9999 -9999 -9999
1987 07 31 05   120   120 -9999 -9999    10 -9999 -9999 -9999
1987 07 31 07   130   110 -9999   140    15 -9999 -9999 -9999
1987 07 31 08   130   110 -9999 -9999    10 -9999 -9999 -9999
1987 07 31 09   140   110 -9999   140    31 -9999 -9999 -9999
1987 07 31 10   140   110 -9999   200    31 -9999 -9999 -9999
1987 07 31 11   140   110 -9999   200    36 -9999 -9999 -9999
1987 07 31 13   140   100 -9999   220    21 -9999 -9999 -9999
1987 07 31 14   140   100 -9999   170    21 -9999 -9999 -9999
1987 07 31 15   130    80 -9999   240    15 -9999 -9999 -9999
1987 07 31 17   120   100 -9999   170    10 -9999 -9999 -9999
1987 07 31 18   110   110 -9999   170    15 -9999 -9999 -9999
1987 07 31 19   100   100 -9999   150    26 -9999 -9999 -9999
1987 08 02 16   130   100 -9999   320    82 -9999 -9999 -9999
1987 08 02 17   130   100 -9999   320    88 -9999 -9999 -9999
1987 08 02 18   130   100 -9999   320    82 -9999 -9999 -9999
1987 08 02 19   130   100 -9999   320    77 -9999 -9999 -9999
1987 08 03 05   110    80 -9999   340    46 -9999 -9999 -9999
1987 08 03 06   120    90 -9999   340    57 -9999 -9999 -9999
1987 08 03 07   120    90 -9999   330    67 -9999 -9999 -9999
1987 08 03 09   130    50 -9999   340    62 -9999 -9999 -9999
1987 08 03 11   130    70 -9999   320    62 -9999 -9999 -9999
1987 08 03 12   140    70 -9999   330    46 -9999 -9999 -9999
1987 08 03 13   140    60 -9999   330    51 -9999 -9999 -9999
1987 08 03 14   140    60 -9999   320    67 -9999 -9999 -9999
1987 08 03 15   140    60 -9999   320    62 -9999 -9999 -9999
1987 08 03 16   140    60 -9999   330    62 -9999 -9999 -9999
1987 08 03 17   140    60 -9999   330    62 -9999 -9999 -9999
1987 08 03 18   130    90 -9999   330    62 -9999 -9999 -9999
1987 08 03 19   120    90 -9999   330    51 -9999 -9999 -9999
1987 08 04 05    90    80 -9999     0     0 -9999 -9999 -9999
1987 08 04 06   110   100 -9999   330    10 -9999 -9999 -9999
1987 08 04 07   120   100 -9999   330    15 -9999 -9999 -9999
1987 08 04 08   130   100 -9999   330    31 -9999 -9999 -9999
1987 08 04 10 -9999 -9999 -9999   320    46 -9999 -9999 -9999
1987 08 04 11   160   120 -9999   320    57 -9999 -9999 -9999
1987 08 04 12   150   100 -9999   320    62 -9999 -9999 -9999
1987 08 04 13   150   100 -9999   330    77 -9999 -9999 -9999
1987 08 04 14   150   100 -9999   320    82 -9999 -9999 -9999
1987 08 04 19   120   100 -9999   320    82 -9999 -9999 -9999
1987 08 05 05    90    70 -9999   340    67 -9999 -9999 -9999
1987 08 05 06   100    70 -9999   340    88 -9999 -9999 -9999
1987 08 05 07   110    60 -9999   350    77 -9999 -9999 -9999
1987 08 05 08   110    60 -9999   340    88 -9999 -9999 -9999
1987 08 05 09 -9999 -9999 -9999   330    82 -9999 -9999 -9999
1987 08 05 10   120    80 -9999   330    88 -9999 -9999 -9999
1987 08 05 11   120    80 -9999   320    98 -9999 -9999 -9999
1987 08 05 12   120    80 -9999   320    88 -9999 -9999 -9999
1987 08 05 13   120    80 -9999   330    77 -9999 -9999 -9999
1987 08 05 15   120    90 -9999   330    88 -9999 -9999 -9999
1987 08 05 17   110    90 -9999   320    93 -9999 -9999 -9999
1987 08 05 18   110    90 -9999   330    77 -9999 -9999 -9999
1987 08 05 19   110    90 -9999   330    77 -9999 -9999 -9999
1987 08 06 09   100    80 -9999   330    77 -9999 -9999 -9999
1987 08 06 10   110    90 -9999   320    67 -9999 -9999 -9999
1987 08 06 11   100    80 -9999   320    67 -9999 -9999 -9999
1987 08 06 12   100   100 -9999   320    57 -9999 -9999 -9999
1987 08 06 13   100   100 -9999   320    67 -9999 -9999 -9999
1987 08 06 14   100   100 -9999   320    41 -9999 -9999 -9999
1987 08 06 15   100   100 -9999   310    46 -9999 -9999 -9999
1987 08 06 17   100   100 -9999   250    31 -9999 -9999 -9999
1987 08 07 05   110    70 -9999    80    21 -9999 -9999 -9999
1987 08 07 06   110    70 -9999 -9999    15 -9999 -9999 -9999
1987 08 07 07   120    70 -9999    90    31 -9999 -9999 -9999
1987 08 07 08   130    70 -9999   100    46 -9999 -9999 -9999
1987 08 07 09   120    70 -9999   100    41 -9999 -9999 -9999
1987 08 07 11   160    40 -9999   100    77 -9999 -9999 -9999
1987 08 07 12   160    40 -9999   100    72 -9999 -9999 -9999
1987 08 07 13   150    40 -9999   110    72 -9999 -9999 -9999
1987 08 07 14   150    40 -9999   100    57 -9999 -9999 -9999
1987 08 07 15   150    40 -9999   110    82 -9999 -9999 -9999
1987 08 07 16   150    40 -9999   110    82 -9999 -9999 -9999
1987 08 07 17   150    40 -9999   110    98 -9999 -9999 -9999
1987 08 07 18   150    40 -9999   110    62 -9999 -9999 -9999
1987 08 07 19   150    40 -9999   110    88 -9999 -9999 -9999
1987 08 09 16   150   110 -9999   160    26 -9999 -9999 -9999
1987 08 09 20   130   130 -9999   170    21 -9999 -9999 -9999
1987 08 09 21   120   120 -9999   150    31 -9999 -9999 -9999
1987 08 10 05   110   110 -9999   160    31 -9999 -9999 -9999
1987 08 10 06   110   110 -9999   160    21 -9999 -9999 -9999
1987 08 10 07   110   110 -9999   150    26 -9999 -9999 -9999
1987 08 10 08   120   120 -9999   150    31 -9999 -9999 -9999
1987 08 10 09   120   100 -9999 -9999    10 -9999 -9999 -9999
1987 08 10 10   130    90 -9999   200    21 -9999 -9999 -9999
1987 08 10 11   140    90 -9999   280    15 -9999 -9999 -9999
1987 08 10 13   140    90 -9999   250    21 -9999 -9999 -9999
1987 08 11 04   100   100 -9999     0     0 -9999 -9999 -9999
1987 08 11 05   100   100 -9999     0     0 -9999 -9999 -9999
1987 08 11 06   110   110 -9999     0     0 -9999 -9999 -9999
1987 08 11 09   130    80 -9999   320    21 -9999 -9999 -9999
1987 08 11 10   130    90 -9999   320    21 -9999 -9999 -9999
1987 08 11 12   150    90 -9999   290    21 -9999 -9999 -9999
1987 08 11 13   150    90 -9999   340    41 -9999 -9999 -9999
1987 08 11 14   150    90 -9999   340    41 -9999 -9999 -9999
1987 08 11 15   150    90 -9999   340    51 -9999 -9999 -9999
1987 08 11 16   150   110 -9999   320    46 -9999 -9999 -9999
1987 08 11 17   150   110 -9999   320    57 -9999 -9999 -9999
1987 08 11 18   140   110 -9999   330    41 -9999 -9999 -9999
1987 08 12 06   100   100 -9999   340    10 -9999 -9999 -9999
1987 08 12 07   100   100 -9999   340    15 -9999 -9999 -9999
1987 08 12 08   110   110 -9999   290    15 -9999 -9999 -9999
1987 08 12 09   110   110 -9999   340    21 -9999 -9999 -9999
1987 08 12 10   120   100 -9999   320    21 -9999 -9999 -9999
1987 08 12 12   150   100 -9999   330    36 -9999 -9999 -9999
1987 08 12 14   160   120 -9999   330    41 -9999 -9999 -9999
1987 08 12 16   160   110 -9999   330    51 -9999 -9999 -9999
1987 08 12 17   160   110 -9999   320    41 -9999 -9999 -9999
1987 08 13 04   100    90 -9999   150    26 -9999 -9999 -9999
1987 08 13 05   100    90 -9999   150    36 -9999 -9999 -9999
1987 08 13 06   120   100 -9999   150    26 -9999 -9999 -9999
1987 08 13 07   130   110 -9999   140    26 -9999 -9999 -9999
1987 08 13 08   130   100 -9999 -9999 -9999 -9999 -9999 -9999
1987 08 13 10   150   110 -9999   190    21 -9999 -9999 -9999
1987 08 13 11   160   110 -9999   140    31 -9999 -9999 -9999
1987 08 13 12   170    60 -9999   170    31 -9999 -9999 -9999
1987 08 13 13   170    60 -9999   180    31 -9999 -9999 -9999
1987 08 13 14   160    60 -9999   200    21 -9999 -9999 -9999
1987 08 13 15   160    70 -9999   200    26 -9999 -9999 -9999
1987 08 13 16   140   100 -9999   190    31 -9999 -9999 -9999
1987 08 13 17   130   130 -9999 -9999 -9999 -9999 -9999 -9999
1987 08 13 18   130   130 -9999   150    31 -9999 -9999 -9999
1987 08 13 19   130   130 -9999   150    31 -9999 -9999 -9999
1987 08 14 05   120   120 -9999   120    26 -9999 -9999 -9999
1987 08 14 06   120   120 -9999   160    15 -9999 -9999 -9999
1987 08 14 07   120   120 -9999   150    21 -9999 -9999 -9999
1987 08 14 08   130   120 -9999   110    51 -9999 -9999 -9999
1987 08 14 09   130   120 -9999   140    36 -9999 -9999 -9999
1987 08 14 10   140   100 -9999   160    31 -9999 -9999 -9999
1987 08 14 11   130   120 -9999   130    31 -9999 -9999 -9999
1987 08 14 14   130   130 -9999   160    21 -9999 -9999 -9999
1987 08 14 15   130   130 -9999   170    21 -9999 -9999 -9999
1987 08 14 16   130   130 -9999   190    21 -9999 -9999 -9999
1987 08 14 18   130   130 -9999 -9999    26 -9999 -9999 -9999
1987 08 14 19   130   130 -9999   320    26 -9999 -9999 -9999
1987 08 16 15   130   110 -9999   140    15 -9999 -9999 -9999
1987 08 16 18   120   100 -9999   120    21 -9999 -9999 -9999
1987 08 16 19   120   100 -9999   120    21 -9999 -9999 -9999
1987 08 16 20   120   100 -9999   130    21 -9999 -9999 -9999
1987 08 17 06   140   100 -9999     0     0 -9999 -9999 -9999
1987 08 17 10   170   100 -9999   300    15 -9999 -9999 -9999
1987 08 17 12   160   120 -9999   290     5 -9999 -9999 -9999
1987 08 17 13   160   120 -9999   220    15 -9999 -9999 -9999
1987 08 17 14   160   130 -9999   190    21 -9999 -9999 -9999
1987 08 17 15   160   120 -9999   210    26 -9999 -9999 -9999
1987 08 17 16   140   140 -9999 -9999     5 -9999 -9999 -9999
1987 08 17 17   140   140 -9999 -9999    15 -9999 -9999 -9999
1987 08 17 18   140   140 -9999   150    10 -9999 -9999 -9999
1987 08 17 19   140   140 -9999 -9999    10 -9999 -9999 -9999
1987 08 18 05   130   130 -9999   150    26 -9999 -9999 -9999
1987 08 18 06   130   130 -9999   170    26 -9999 -9999 -9999
1987 08 18 07   130   130 -9999   160    41 -9999 -9999 -9999
1987 08 18 09   140   140 -9999   150    31 -9999 -9999 -9999
1987 08 18 10   140   140 -9999   160    31 -9999 -9999 -9999
1987 08 18 11   140   140 -9999   180    41 -9999 -9999 -9999
1987 08 18 12   140   140 -9999   190    31 -9999 -9999 -9999
1987 08 18 13   140   140 -9999   240    10 -9999 -9999 -9999
1987 08 18 14   130   130 -9999   320    36 -9999 -9999 -9999
1987 08 18 16   140   120 -9999   320    36 -9999 -9999 -9999
1987 08 18 17   140   110 -9999   320    41 -9999 -9999 -9999
1987 08 18 18   140   110 -9999   310    26 -9999 -9999 -9999
1987 08 18 19   130   110 -9999 -9999     5 -9999 -9999 -9999
1987 08 19 04   120   100 -9999   230     5 -9999 -9999 -9999
1987 08 19 06   110   110 -9999   120    15 -9999 -9999 -9999
1987 08 19 07   110   110 -9999   150    36 -9999 -9999 -9999
1987 08 19 09   120   120 -9999   120    21 -9999 -9999 -9999
1987 08 19 12   130   120 -9999   330    26 -9999 -9999 -9999
1987 08 19 13   140   120 -9999   320    31 -9999 -9999 -9999
1987 08 19 16   140   110 -9999   330    26 -9999 -9999 -9999
1987 08 19 17   140   120 -9999   360    21 -9999 -9999 -9999
1987 08 19 18   130   120 -9999   350    15 -9999 -9999 -9999
1987 08 19 19   130   130 -9999 -9999     5 -9999 -9999 -9999
1987 08 20 05   100   100 -9999   140    21 -9999 -9999 -9999
1987 08 20 06   100   100 -9999   150    21 -9999 -9999 -9999
1987 08 20 07   110   110 -9999   140    36 -9999 -9999 -9999
1987 08 20 08   120   100 -9999   140    31 -9999 -9999 -9999
1987 08 20 09   130   100 -9999   150    26 -9999 -9999 -9999
1987 08 20 10   130   100 -9999   150    46 -9999 -9999 -9999
1987 08 20 11   130    90 -9999   150    57 -9999 -9999 -9999
1987 08 20 12   150   100 -9999   160    46 -9999 -9999 -9999
1987 08 20 14   140   120 -9999   130    62 -9999 -9999 -9999
1987 08 20 15   140   120 -9999   130    62 -9999 -9999 -9999
1987 08 20 19   150   130 -9999   150    51 -9999 -9999 -9999
1987 08 21 04   150   150 -9999   170    67 -9999 -9999 -9999
1987 08 21 05   150   150 -9999   170    72 -9999 -9999 -9999
1987 08 21 06   150   150 -9999   190    62 -9999 -9999 -9999
1987 08 21 08   140   140 -9999   170    26 -9999 -9999 -9999
1987 08 21 09   130   130 -9999 -9999    10 -9999 -9999 -9999
1987 08 21 11   130   130 -9999   330    15 -9999 -9999 -9999
1987 08 21 12   140   140 -9999   310    15 -9999 -9999 -9999
1987 08 21 13   130   130 -9999   320    10 -9999 -9999 -9999
1987 08 21 14   140   140 -9999   320    15 -9999 -9999 -9999
1987 08 21 15   130   120 -9999   340    31 -9999 -9999 -9999
1987 08 21 16   130   110 -9999   330    31 -9999 -9999 -9999
1987 08 21 18   130   110 -9999   330    31 -9999 -9999 -9999
1987 08 21 19   130   110 -9999   330    31 -9999 -9999 -9999
1987 08 23 16   190   110 -9999   330    26 -9999 -9999 -9999
1987 08 23 18   180   110 -9999   330    10 -9999 -9999 -9999
1987 08 24 05   120   120 -9999     0     0 -9999 -9999 -9999
1987 08 24 06   120   120 -9999     0     0 -9999 -9999 -9999
1987 08 24 07   130   130 -9999     0     0 -9999 -9999 -9999
1987 08 24 08   150   120 -9999     0     0 -9999 -9999 -9999
1987 08 24 13   160    70 -9999   120    31 -9999 -9999 -9999
1987 08 24 14   150    80 -9999   150    41 -9999 -9999 -9999
1987 08 24 16   170   100 -9999   130    62 -9999 -9999 -9999
1987 08 24 17   160    90 -9999   110    21 -9999 -9999 -9999
1987 08 25 06   120   120 -9999     0     0 -9999 -9999 -9999
1987 08 25 10   160    90 -9999   350    26 -9999 -9999 -9999
1987 08 25 11   170    80 -9999   340    21 -9999 -9999 -9999
1987 08 25 12   170    80 -9999   330    31 -9999 -9999 -9999
1987 08 25 13   170    80 -9999   330    36 -9999 -9999 -9999
1987 08 25 15   170    80 -9999   330    31 -9999 -9999 -9999
1987 08 25 17   160   120 -9999   340    26 -9999 -9999 -9999
1987 08 25 18   160   130 -9999     0     0 -9999 -9999 -9999
1987 08 25 19   160   130 -9999     0     0 -9999 -9999 -9999
1987 08 26 05   120   120 -9999   200    15 -9999 -9999 -9999
1987 08 26 07   120   120 -9999   100    10 -9999 -9999 -9999
1987 08 26 09   120   120 -9999   220    10 -9999 -9999 -9999
1987 08 26 10   120   120 -9999     0     0 -9999 -9999 -9999
1987 08 26 11   120   120 -9999     0     0 -9999 -9999 -9999
1987 08 26 15   130   130 -9999     0     0 -9999 -9999 -9999
1987 08 26 16   130   130 -9999     0     0 -9999 -9999 -9999
1987 08 26 17   130   130 -9999     0     0 -9999 -9999 -9999
1987 08 26 18   130   130 -9999     0     0 -9999 -9999 -9999
1987 08 27 06   120   120 -9999   320    15 -9999 -9999 -9999
1987 08 27 07   120   120 -9999   340    10 -9999 -9999 -9999
1987 08 27 08   130   130 -9999   320    10 -9999 -9999 -9999
1987 08 27 11   130   120 -9999   320    15 -9999 -9999 -9999
1987 08 27 13   130   120 -9999   320    26 -9999 -9999 -9999
1987 08 27 14   120   110 -9999   330    57 -9999 -9999 -9999
1987 08 27 15   120   100 -9999   340    72 -9999 -9999 -9999
1987 08 27 17   120   100 -9999   330    77 -9999 -9999 -9999
1987 08 28 06   110    50 -9999   320    72 -9999 -9999 -9999
1987 08 28 07   120    70 -9999   330    46 -9999 -9999 -9999
1987 08 28 11   140    80 -9999   340    46 -9999 -9999 -9999
1987 08 28 12   140    80 -9999   330    62 -9999 -9999 -9999
1987 08 28 13   130    50 -9999   320    82 -9999 -9999 -9999
1987 08 28 14   130    50 -9999   320    62 -9999 -9999 -9999
1987 08 28 15   130    50 -9999   320    62 -9999 -9999 -9999
1987 08 28 16   130    50 -9999   320    62 -9999 -9999 -9999
1987 08 28 17   130    50 -9999   320    67 -9999 -9999 -9999
1987 08 28 18   120    50 -9999   320    72 -9999 -9999 -9999
1987 08 30 16   130    90 -9999   320    93 -9999 -9999 -9999
1987 08 31 04    80    60 -9999   350    46 -9999 -9999 -9999
1987 08 31 06    80    60 -9999   350    21 -9999 -9999 -9999
1987 08 31 07   100    70 -9999   350    26 -9999 -9999 -9999
1987 08 31 12   140    30 -9999   290    15 -9999 -9999 -9999
1987 08 31 13   150    40 -9999   350    21 -9999 -9999 -9999
1987 08 31 14   160    50 -9999 -9999 -9999 -9999 -9999 -9999
1987 08 31 16   150    70 -9999   340    36 -9999 -9999 -9999
1987 08 31 17   140    60 -9999   310    21 -9999 -9999 -9999
1987 08 31 18   140    90 -9999   350    26 -9999 -9999 -9999
1987 09 01 05   110   100 -9999   160    41 -9999 -9999 -9999
1987 09 01 06    10     0 -9999     0     0 -9999 -9999 -9999
1987 09 01 11   140    80 -9999   170    57 -9999 -9999 -9999
1987 09 01 13   150    80 -9999   170    57 -9999 -9999 -9999
1987 09 01 16   140    80 -9999   190    10 -9999 -9999 -9999
1987 09 01 17   140    90 -9999   170    10 -9999 -9999 -9999
1987 09 01 19   140   120 -9999   170    46 -9999 -9999 -9999
1987 09 02 04   110   110 -9999   240    10 -9999 -9999 -9999
1987 09 02 05   110   110 -9999   260    26 -9999 -9999 -9999
1987 09 02 07   120   100 -9999   320    15 -9999 -9999 -9999
1987 09 02 10   140    80 -9999   280    21 -9999 -9999 -9999
1987 09 02 13   140    50 -9999   300    21 -9999 -9999 -9999
1987 09 02 14   150    60 -9999   310    31 -9999 -9999 -9999
1987 09 02 15   150    60 -9999   280    31 -9999 -9999 -9999
1987 09 02 16   130    50 -9999   280    36 -9999 -9999 -9999
1987 09 02 17   130    50 -9999   270    15 -9999 -9999 -9999
1987 09 02 18   120    60 -9999   330    26 -9999 -9999 -9999
1987 09 03 05    90    70 -9999     0     0 -9999 -9999 -9999
1987 09 03 06    90    70 -9999     0     0 -9999 -9999 -9999
1987 09 03 07   100    70 -9999   150    15 -9999 -9999 -9999
1987 09 03 09   130    40 -9999   140    41 -9999 -9999 -9999
1987 09 03 10   140    40 -9999   170    26 -9999 -9999 -9999
1987 09 03 12   150    50 -9999   140    31 -9999 -9999 -9999
1987 09 03 13   160    60 -9999   140    46 -9999 -9999 -9999
1987 09 03 15   170    60 -9999   170    31 -9999 -9999 -9999
1987 09 03 16   150    60 -9999   170    26 -9999 -9999 -9999
1987 09 03 18   130    90 -9999   190    46 -9999 -9999 -9999
1987 09 04 05   150    80 -9999   120    77 -9999 -9999 -9999
1987 09 04 06   150    80 -9999   120    51 -9999 -9999 -9999
1987 09 04 07   130   110 -9999   160    26 -9999 -9999 -9999
1987 09 04 08   120   120 -9999   170    31 -9999 -9999 -9999
1987 09 04 09   130   130 -9999   170    31 -9999 -9999 -9999
1987 09 04 10   130   130 -9999   150    51 -9999 -9999 -9999
1987 09 04 11   130   120 -9999   150    46 -9999 -9999 -9999
1987 09 04 12   150   130 -9999   160    46 -9999 -9999 -9999
1987 09 04 14   150   110 -9999   190    51 -9999 -9999 -9999
1987 09 04 15   160   110 -9999   190    51 -9999 -9999 -9999
1987 09 04 16   160   110 -9999   190    51 -9999 -9999 -9999
1987 09 04 17   150   110 -9999   190    46 -9999 -9999 -9999
1987 09 04 18   140   120 -9999   180    46 -9999 -9999 -9999
1987 09 06 08     0     0 -9999   110    21 -9999 -9999 -9999
1987 09 06 15   140   140 -9999   230    15 -9999 -9999 -9999
1987 09 06 17   130   110 -9999   250    21 -9999 -9999 -9999
1987 09 06 18   120   100 -9999   270    26 -9999 -9999 -9999
1987 09 07 04   100   100 -9999 -9999 -9999 -9999 -9999 -9999
1987 09 07 09   120   110 -9999   190    15 -9999 -9999 -9999
1987 09 07 10   130    90 -9999   230    36 -9999 -9999 -9999
1987 09 07 12   130    80 -9999   270    41 -9999 -9999 -9999
1987 09 07 15   130    80 -9999   270    26 -9999 -9999 -9999
1987 09 07 16   110    90 -9999   260    26 -9999 -9999 -9999
1987 09 07 18   120   110 -9999   260    31 -9999 -9999 -9999
1987 09 07 19   120   110 -9999   260    36 -9999 -9999 -9999
1987 09 08 05   100    90 -9999   230    21 -9999 -9999 -9999
1987 09 08 07 -9999 -9999 -9999   250    26 -9999 -9999 -9999
1987 09 08 08   100    90 -9999   230    21 -9999 -9999 -9999
1987 09 08 09   100    80 -9999   240    21 -9999 -9999 -9999
1987 09 08 12   110    90 -9999   270    77 -9999 -9999 -9999
1987 09 08 16   120    90 -9999   280    51 -9999 -9999 -9999
1987 09 08 18   120    90 -9999 -9999 -9999 -9999 -9999 -9999
1987 09 09 05    90    80 -9999   270    15 -9999 -9999 -9999
1987 09 09 06    90    80 -9999     0     0 -9999 -9999 -9999
1987 09 09 07    90    80 -9999     0     0 -9999 -9999 -9999
1987 09 09 08   100    80 -9999 -9999    10 -9999 -9999 -9999
1987 09 09 10   120    80 -9999   240    31 -9999 -9999 -9999
1987 09 09 11   130    90 -9999   240    36 -9999 -9999 -9999
1987 09 09 12   130    70 -9999   230    46 -9999 -9999 -9999
1987 09 09 13   130    70 -9999   240    31 -9999 -9999 -9999
1987 09 09 14   140    70 -9999   230    36 -9999 -9999 -9999
1987 09 09 15   130    70 -9999   190    36 -9999 -9999 -9999
1987 09 09 17   120    80 -9999   170    36 -9999 -9999 -9999
1987 09 09 18   120   100 -9999   160    46 -9999 -9999 -9999
1987 09 09 19   110   110 -9999   160    41 -9999 -9999 -9999
1987 09 10 04   120   120 -9999   190    15 -9999 -9999 -9999
1987 09 10 05   120   120 -9999   190    15 -9999 -9999 -9999
1987 09 10 06   120   120 -9999   180    51 -9999 -9999 -9999
1987 09 10 07   120   120 -9999   160    15 -9999 -9999 -9999
1987 09 10 10 -9999 -9999 -9999   320    36 -9999 -9999 -9999
1987 09 10 11   120   110 -9999   320    36 -9999 -9999 -9999
1987 09 11 05    90    90 -9999   160    36 -9999 -9999 -9999
1987 09 11 06    90    90 -9999   160    41 -9999 -9999 -9999
1987 09 11 07   100   100 -9999   160    21 -9999 -9999 -9999
1987 09 11 08   100   100 -9999   260    72 -9999 -9999 -9999
1987 09 11 09   100    80 -9999   240    10 -9999 -9999 -9999
1987 09 11 10   110    80 -9999   260    36 -9999 -9999 -9999
1987 09 11 11   110    80 -9999   280    36 -9999 -9999 -9999
1987 09 11 12   110    70 -9999   290    36 -9999 -9999 -9999
1987 09 11 13   110    70 -9999   300    67 -9999 -9999 -9999
1987 09 11 14   110    70 -9999 -9999    82 -9999 -9999 -9999
1987 09 11 15   110    70 -9999   320    93 -9999 -9999 -9999
1987 09 11 16   110    70 -9999   320    93 -9999 -9999 -9999
1987 09 11 17   110    70 -9999   320    57 -9999 -9999 -9999
1987 09 11 18   110    70 -9999   320    51 -9999 -9999 -9999
1987 09 13 17   130    70 -9999   210    26 -9999 -9999 -9999
1987 09 13 19   120   110 -9999 -9999    26 -9999 -9999 -9999
1987 09 14 06   120   110 -9999   180    46 -9999 -9999 -9999
1987 09 14 07   120   110 -9999   170    51 -9999 -9999 -9999
1987 09 14 08   120   110 -9999   190    41 -9999 -9999 -9999
1987 09 14 09   130   100 -9999   220    77 -9999 -9999 -9999
1987 09 14 12   130   100 -9999   220    77 -9999 -9999 -9999
1987 09 14 14   130   100 -9999   230    67 -9999 -9999 -9999
1987 09 14 15 -9999 -9999 -9999   210    72 -9999 -9999 -9999
1987 09 14 16   120   100 -9999   230    67 -9999 -9999 -9999
1987 09 14 17   100    80 -9999   260    41 -9999 -9999 -9999
1987 09 14 18   100    90 -9999   210    26 -9999 -9999 -9999
1987 09 15 05    90    90 -9999   340    10 -9999 -9999 -9999
1987 09 15 06   100   100 -9999     0     0 -9999 -9999 -9999
1987 09 15 07   110   100 -9999   330    77 -9999 -9999 -9999
1987 09 15 08    90    90 -9999   330   108 -9999 -9999 -9999
1987 09 15 09   100    70 -9999   330    98 -9999 -9999 -9999
1987 09 15 10   100    50 -9999   320   124 -9999 -9999 -9999
1987 09 15 11   110    60 -9999   320    93 -9999 -9999 -9999
1987 09 15 12   110    60 -9999   320    93 -9999 -9999 -9999
1987 09 15 13   120    30 -9999   330    82 -9999 -9999 -9999
1987 09 15 14   110     0 -9999   320    88 -9999 -9999 -9999
1987 09 15 16   110    30 -9999   320    67 -9999 -9999 -9999
1987 09 15 17   100    20 -9999   320    77 -9999 -9999 -9999
1987 09 15 18    90    30 -9999   320    57 -9999 -9999 -9999
1987 09 16 05 -9999 -9999 -9999   120    36 -9999 -9999 -9999
1987 09 16 06    60    60 -9999   120    36 -9999 -9999 -9999
1987 09 16 07    70    60 -9999   120    31 -9999 -9999 -9999
1987 09 16 08    90    50 -9999   110    26 -9999 -9999 -9999
1987 09 16 09   100    60 -9999   110    41 -9999 -9999 -9999
1987 09 16 10   100    60 -9999   140    41 -9999 -9999 -9999
1987 09 16 12   120    20 -9999   140    26 -9999 -9999 -9999
1987 09 16 13   130    30 -9999   200    26 -9999 -9999 -9999
1987 09 16 14   130    30 -9999   210    21 -9999 -9999 -9999
1987 09 16 15   140    30 -9999   210    21 -9999 -9999 -9999
1987 09 16 16   130    20 -9999 -9999    21 -9999 -9999 -9999
1987 09 16 17   130    20 -9999 -9999    21 -9999 -9999 -9999
1987 09 16 19   100    30 -9999 -9999    15 -9999 -9999 -9999
1987 09 17 05    90    40 -9999   120    41 -9999 -9999 -9999
1987 09 17 06   100    50 -9999   120    31 -9999 -9999 -9999
1987 09 17 09   130    70 -9999   150    62 -9999 -9999 -9999
1987 09 17 10   140    80 -9999   160    62 -9999 -9999 -9999
1987 09 17 11   150    70 -9999   160    62 -9999 -9999 -9999
1987 09 17 13   140    80 -9999   160    62 -9999 -9999 -9999
1987 09 17 14   140    80 -9999   170    26 -9999 -9999 -9999
1987 09 17 15     0   -40 -9999   190    21 -9999 -9999 -9999
1987 09 17 17   140   110 -9999   180    57 -9999 -9999 -9999
1987 09 18 05   110   110 -9999   190    51 -9999 -9999 -9999
1987 09 18 06   110   110 -9999   230    41 -9999 -9999 -9999
1987 09 18 07   110   110 -9999   220    51 -9999 -9999 -9999
1987 09 18 08   120   120 -9999   220    46 -9999 -9999 -9999
1987 09 18 09   110   100 -9999   260    46 -9999 -9999 -9999
1987 09 18 10    90    80 -9999   250    82 -9999 -9999 -9999
1987 09 18 11    80    70 -9999   270    41 -9999 -9999 -9999
1987 09 18 12   110    80 -9999   290    26 -9999 -9999 -9999
1987 09 18 13   100    50 -9999   260    26 -9999 -9999 -9999
1987 09 18 14   100    60 -9999   280    51 -9999 -9999 -9999
1987 09 18 15    70    50 -9999   300    98 -9999 -9999 -9999
1987 09 18 16   100    60 -9999   290    26 -9999 -9999 -9999
1987 09 18 17   100    60 -9999   290    31 -9999 -9999 -9999
1987 09 18 18    90    60 -9999   300    93 -9999 -9999 -9999
1987 09 20 16   120    40 -9999   340    41 -9999 -9999 -9999
1987 09 20 17   120    40 -9999   350    46 -9999 -9999 -9999
1987 09 20 18   100    40 -9999   360    26 -9999 -9999 -9999
1987 09 20 19    80    40 -9999   360    21 -9999 -9999 -9999
1987 09 21 04    90     0 -9999   110    62 -9999 -9999 -9999
1987 09 21 05   100   -10 -9999   110    62 -9999 -9999 -9999
1987 09 21 06   100   -10 -9999   120    46 -9999 -9999 -9999
1987 09 21 08   110     0 -9999   120    51 -9999 -9999 -9999
1987 09 21 09   120    10 -9999   120    62 -9999 -9999 -9999
1987 09 21 10   110    20 -9999   120    62 -9999 -9999 -9999
1987 09 21 13   120    30 -9999   140    72 -9999 -9999 -9999
1987 09 21 14   130    30 -9999   130    57 -9999 -9999 -9999
1987 09 21 15   130    30 -9999   140    72 -9999 -9999 -9999
1987 09 21 16   130    30 -9999   140    72 -9999 -9999 -9999
1987 09 21 17   130    30 -9999   140    72 -9999 -9999 -9999
1987 09 21 18   130    30 -9999   140    72 -9999 -9999 -9999
1987 09 21 19   140    60 -9999   130    88 -9999 -9999 -9999
1987 09 22 05   140   130 -9999   150    51 -9999 -9999 -9999
1987 09 22 06   130   130 -9999   150    67 -9999 -9999 -9999
1987 09 22 07   130   130 -9999   170    46 -9999 -9999 -9999
1987 09 22 08   130   130 -9999   170    51 -9999 -9999 -9999
1987 09 22 09   140   140 -9999   170    72 -9999 -9999 -9999
1987 09 22 10   140   140 -9999   190    62 -9999 -9999 -9999
1987 09 22 11   130   130 -9999   190    51 -9999 -9999 -9999
1987 09 22 13   120   100 -9999   270    46 -9999 -9999 -9999
1987 09 22 14   120    80 -9999   280    46 -9999 -9999 -9999
1987 09 22 15   120    80 -9999 -9999    26 -9999 -9999 -9999
1987 09 22 17   120    80 -9999 -9999 -9999 -9999 -9999 -9999
1987 09 22 18   110    90 -9999   220    21 -9999 -9999 -9999
1987 09 23 04   110   110 -9999   170    41 -9999 -9999 -9999
1987 09 23 06   120   110 -9999   180    57 -9999 -9999 -9999
1987 09 23 08   120   120 -9999   180    46 -9999 -9999 -9999
1987 09 23 09   120   120 -9999   170    46 -9999 -9999 -9999
1987 09 23 10   120   120 -9999   170    51 -9999 -9999 -9999
1987 09 23 11   130   130 -9999   170    51 -9999 -9999 -9999
1987 09 23 12   140   110 -9999   170    62 -9999 -9999 -9999
1987 09 23 13   140   110 -9999   170    67 -9999 -9999 -9999
1987 09 23 14   140   110 -9999   180    67 -9999 -9999 -9999
1987 09 23 15   130    90 -9999   170    82 -9999 -9999 -9999
1987 09 23 16   120   110 -9999   170    72 -9999 -9999 -9999
1987 09 24 04   120   120 -9999   160    46 -9999 -9999 -9999
1987 09 24 05   130    10 -9999   150    36 -9999 -9999 -9999
1987 09 24 07   110   110 -9999   160    46 -9999 -9999 -9999
1987 09 24 08   120   110 -9999   160    36 -9999 -9999 -9999
1987 09 24 10   130    90 -9999   190    62 -9999 -9999 -9999
1987 09 24 13   130    80 -9999   190    72 -9999 -9999 -9999
1987 09 24 14   130    80 -9999   190    51 -9999 -9999 -9999
1987 09 24 16   120    80 -9999   200    41 -9999 -9999 -9999
1987 09 24 17   110    80 -9999   190    31 -9999 -9999 -9999
1987 09 24 18   110    80 -9999   210    31 -9999 -9999 -9999
1987 09 24 19   100    80 -9999   190    31 -9999 -9999 -9999
1987 09 25 07    70    70 -9999 -9999    10 -9999 -9999 -9999
1987 09 25 08    90    80 -9999     0     0 -9999 -9999 -9999
1987 09 25 09    80    60 -9999    50    10 -9999 -9999 -9999
1987 09 25 10    90    70 -9999   240    15 -9999 -9999 -9999
1987 09 25 11    90    70 -9999   140    10 -9999 -9999 -9999
1987 09 25 12   100    80 -9999   150    26 -9999 -9999 -9999
1987 09 25 13   100    80 -9999   170    36 -9999 -9999 -9999
1987 09 25 18 -9999 -9999 -9999   150    36 -9999 -9999 -9999
1987 09 27 17   100    50 -9999   350    62 -9999 -9999 -9999
1987 09 27 19    90    50 -9999   350    57 -9999 -9999 -9999
1987 09 27 20    90    60 -9999   350    82 -9999 -9999 -9999
1987 09 28 05    70    30 -9999   360    57 -9999 -9999 -9999
1987 09 28 06    70    30 -9999   360    31 -9999 -9999 -9999
1987 09 28 07    70    30 -9999   350    31 -9999 -9999 -9999
1987 09 28 08    80    30 -9999   340    26 -9999 -9999 -9999
1987 09 28 09    80    40 -9999   350    41 -9999 -9999 -9999
1987 09 28 11    90    30 -9999   320    41 -9999 -9999 -9999
1987 09 28 13   100    60 -9999   330    51 -9999 -9999 -9999
1987 09 28 15   100    50 -9999   330    57 -9999 -9999 -9999
1987 09 28 16   100    50 -9999   330    62 -9999 -9999 -9999
1987 09 28 17   100    50 -9999   330    51 -9999 -9999 -9999
1987 09 28 18    90    70 -9999   330    51 -9999 -9999 -9999
1987 09 28 19    90    70 -9999    10    31 -9999 -9999 -9999
1987 09 29 06    40    40 -9999     0     0 -9999 -9999 -9999
1987 09 29 07    40    40 -9999     0     0 -9999 -9999 -9999
1987 09 29 08    70    40 -9999     0     0 -9999 -9999 -9999
1987 09 29 09    80    40 -9999     0     0 -9999 -9999 -9999
1987 09 29 10    90    30 -9999 -9999    10 -9999 -9999 -9999
1987 09 29 11   100    30 -9999   310    31 -9999 -9999 -9999
1987 09 29 12 -9999    80 -9999 -9999 -9999 -9999 -9999 -9999
1987 09 29 13   110    50 -9999   320    51 -9999 -9999 -9999
1987 09 29 14   110    70 -9999   330    36 -9999 -9999 -9999
1987 09 29 15   110    60 -9999   320    36 -9999 -9999 -9999
1987 09 29 16   110    60 -9999   330    41 -9999 -9999 -9999
1987 09 29 17   110    80 -9999   330    41 -9999 -9999 -9999
1987 09 29 18    90    70 -9999   340    36 -9999 -9999 -9999
1987 09 30 05    70    60 -9999   150    26 -9999 -9999 -9999
1987 09 30 06    70    50 -9999   130    26 -9999 -9999 -9999
1987 09 30 07    80    60 -9999   140    26 -9999 -9999 -9999
1987 09 30 08   100    40 -9999   140    26 -9999 -9999 -9999
1987 09 30 09 -9999 -9999 -9999   150    26 -9999 -9999 -9999
1987 09 30 10   120    40 -9999   130    26 -9999 -9999 -9999
1987 09 30 11   130    30 -9999 -9999 -9999 -9999 -9999 -9999
1987 09 30 12   130    20 -9999   200    31 -9999 -9999 -9999
1987 09 30 13   130     0 -9999   190    36 -9999 -9999 -9999
1987 09 30 15   130    30 -9999   240    21 -9999 -9999 -9999
1987 09 30 16   120    20 -9999   190    21 -9999 -9999 -9999
1987 09 30 17   110    30 -9999   170    10 -9999 -9999 -9999
1987 09 30 18   100    30 -9999   160    31 -9999 -9999 -9999
1987 09 30 19    90    40 -9999   160    21 -9999 -9999 -9999
1987 09 30 20    80    50 -9999   140    15 -9999 -9999 -9999
1987 10 01 06    70    30 -9999   110    21 -9999 -9999 -9999
1987 10 01 07    80    20 -9999   100    41 -9999 -9999 -9999
1987 10 01 08    90    20 -9999   100    51 -9999 -9999 -9999
1987 10 01 10   110    40 -9999   110    41 -9999 -9999 -9999
1987 10 01 11   120    20 -9999 -9999 -9999 -9999 -9999 -9999
1987 10 01 12   120    20 -9999   160    36 -9999 -9999 -9999
1987 10 01 13   120    10 -9999 -9999 -9999 -9999 -9999 -9999
1987 10 01 16   110    40 -9999   160    21 -9999 -9999 -9999
1987 10 01 17   110    50 -9999   160    26 -9999 -9999 -9999
1987 10 02 07    90    20 -9999   100    41 -9999 -9999 -9999
1987 10 02 08    90    20 -9999   110    31 -9999 -9999 -9999
1987 10 02 09 -9999 -9999 -9999   110    31 -9999 -9999 -9999
1987 10 02 11   100    30 -9999   100    46 -9999 -9999 -9999
1987 10 02 12   110    40 -9999   120    26 -9999 -9999 -9999
1987 10 02 13   110    30 -9999   120    36 -9999 -9999 -9999
1987 10 02 14   110    30 -9999   110    26 -9999 -9999 -9999
1987 10 02 16   110    30 -9999   110    21 -9999 -9999 -9999
1987 10 02 17   100    40 -9999   100    15 -9999 -9999 -9999
1987 10 02 18   100    40 -9999 -9999     5 -9999 -9999 -9999
1987 10 02 19   100    40 -9999   120    15 -9999 -9999 -9999
1987 10 04 17   130    20 -9999   140    67 -9999 -9999 -9999
1987 10 04 19   110    20 -9999   130    51 -9999 -9999 -9999
1987 10 05 09   110    90 -9999   160    41 -9999 -9999 -9999
1987 10 05 10   110    90 -9999   170    36 -9999 -9999 -9999
1987 10 05 11   130    90 -9999   170    51 -9999 -9999 -9999
1987 10 05 12   130    90 -9999   170    62 -9999 -9999 -9999
1987 10 05 14   130    90 -9999   160    67 -9999 -9999 -9999
1987 10 05 15   130    90 -9999   170    62 -9999 -9999 -9999
1987 10 05 16   130    90 -9999   160    57 -9999 -9999 -9999
1987 10 05 18   130    90 -9999   150    57 -9999 -9999 -9999
1987 10 05 19   140    90 -9999   130    62 -9999 -9999 -9999
1987 10 06 06   110   100 -9999   110   108 -9999 -9999 -9999
1987 10 06 07   110   110 -9999   110    88 -9999 -9999 -9999
1987 10 06 08   110   100 -9999   120    82 -9999 -9999 -9999
1987 10 06 09   120    90 -9999   120    67 -9999 -9999 -9999
1987 10 06 10   120    90 -9999   120    67 -9999 -9999 -9999
1987 10 06 11   130    90 -9999   120    62 -9999 -9999 -9999
1987 10 06 12   140    90 -9999   140    51 -9999 -9999 -9999
1987 10 06 13   130    80 -9999   170    46 -9999 -9999 -9999
1987 10 06 14   120   100 -9999   160    41 -9999 -9999 -9999
1987 10 06 15   120   120 -9999   170    41 -9999 -9999 -9999
1987 10 06 16   120   120 -9999   160    57 -9999 -9999 -9999
1987 10 06 17   120   120 -9999   160    51 -9999 -9999 -9999
1987 10 07 06    60    50 -9999   120    36 -9999 -9999 -9999
1987 10 07 07    70    70 -9999   160    31 -9999 -9999 -9999
1987 10 07 09    90    30 -9999   220    51 -9999 -9999 -9999
1987 10 07 10    90    30 -9999   210    46 -9999 -9999 -9999
1987 10 07 11   100    40 -9999   230    72 -9999 -9999 -9999
1987 10 07 12   100    50 -9999   220    62 -9999 -9999 -9999
1987 10 07 13   100    50 -9999   190    57 -9999 -9999 -9999
1987 10 07 15    80    70 -9999   180    36 -9999 -9999 -9999
1987 10 07 17    80    70 -9999   140    41 -9999 -9999 -9999
1987 10 07 18    80    80 -9999   160    36 -9999 -9999 -9999
1987 10 07 19    80    80 -9999   130    46 -9999 -9999 -9999
1987 10 08 06   110    70 -9999   120    93 -9999 -9999 -9999
1987 10 08 07   110    60 -9999   120    98 -9999 -9999 -9999
1987 10 08 08   130    70 -9999   110   118 -9999 -9999 -9999
1987 10 08 09   140    60 -9999   120   108 -9999 -9999 -9999
1987 10 08 13   100   100 -9999   160    46 -9999 -9999 -9999
1987 10 08 14   110   100 -9999   150    46 -9999 -9999 -9999
1987 10 08 15   110   100 -9999   150    41 -9999 -9999 -9999
1987 10 08 16   110   110 -9999   150    41 -9999 -9999 -9999
1987 10 08 17   110   110 -9999   160    62 -9999 -9999 -9999
1987 10 08 18   100   100 -9999   160    62 -9999 -9999 -9999
1987 10 08 19   100   100 -9999   160    57 -9999 -9999 -9999
1987 10 09 06    70    40 -9999   270    51 -9999 -9999 -9999
1987 10 09 07    60    40 -9999   260    62 -9999 -9999 -9999
1987 10 09 08    70    40 -9999   250    46 -9999 -9999 -9999
1987 10 09 09    80    40 -9999   250    36 -9999 -9999 -9999
1987 10 09 10    80    20 -9999   200    31 -9999 -9999 -9999
1987 10 09 11    70    30 -9999   180    51 -9999 -9999 -9999
1987 10 09 12    90    40 -9999   160    57 -9999 -9999 -9999
1987 10 09 15    70    70 -9999   160    93 -9999 -9999 -9999
1987 10 09 16    80    70 -9999   160    67 -9999 -9999 -9999
1987 10 09 18    80    60 -9999   180    36 -9999 -9999 -9999
1987 10 12 05    70    50 -9999   150    41 -9999 -9999 -9999
1987 10 12 06    70    60 -9999   160    15 -9999 -9999 -9999
1987 10 12 07    70    60 -9999   120    36 -9999 -9999 -9999
1987 10 12 08    70    60 -9999   110    46 -9999 -9999 -9999
1987 10 12 09    70    50 -9999   110    36 -9999 -9999 -9999
1987 10 12 10    80    40 -9999   110    36 -9999 -9999 -9999
1987 10 12 11    90    40 -9999 -9999 -9999 -9999 -9999 -9999
1987 10 12 13    90    30 -9999    90    15 -9999 -9999 -9999
1987 10 12 14    90    30 -9999   340    21 -9999 -9999 -9999
1987 10 12 15    90    40 -9999 -9999    10 -9999 -9999 -9999
1987 10 12 16    90    40 -9999     0     0 -9999 -9999 -9999
1987 10 12 17    80    50 -9999     0     0 -9999 -9999 -9999
1987 10 12 18    80    50 -9999   290    10 -9999 -9999 -9999
1987 10 12 19    70    50 -9999   110    15 -9999 -9999 -9999
1987 10 12 20    70    50 -9999    60    15 -9999 -9999 -9999
1987 10 13 06    50    50 -9999   140    21 -9999 -9999 -9999
1987 10 13 07    60    60 -9999   150    36 -9999 -9999 -9999
1987 10 13 09    60    60 -9999   140    36 -9999 -9999 -9999
1987 10 13 10    70    70 -9999   150    36 -9999 -9999 -9999
1987 10 13 11    70    60 -9999   120    31 -9999 -9999 -9999
1987 10 13 12    80    70 -9999   120    36 -9999 -9999 -9999
1987 10 13 13    90    70 -9999   150    41 -9999 -9999 -9999
1987 10 13 14   100    50 -9999   150    41 -9999 -9999 -9999
1987 10 13 15   100    50 -9999   120    46 -9999 -9999 -9999
1987 10 13 16    90    50 -9999   120    46 -9999 -9999 -9999
1987 10 13 17    80    50 -9999   110    41 -9999 -9999 -9999
1987 10 13 19    80    40 -9999   100    51 -9999 -9999 -9999
1987 10 14 06    90    40 -9999   150    72 -9999 -9999 -9999
1987 10 14 07    80    70 -9999   150    67 -9999 -9999 -9999
1987 10 14 08    80    70 -9999   130    51 -9999 -9999 -9999
1987 10 14 09    90    50 -9999   110    57 -9999 -9999 -9999
1987 10 14 10   100    50 -9999   110    67 -9999 -9999 -9999
1987 10 14 11   100    50 -9999   110    72 -9999 -9999 -9999
1987 10 14 16    90    80 -9999   140    51 -9999 -9999 -9999
1987 10 14 17    80    70 -9999   170    46 -9999 -9999 -9999
1987 10 14 18    80    70 -9999   140    41 -9999 -9999 -9999
1987 10 15 06    90    40 -9999   120    46 -9999 -9999 -9999
1987 10 15 07    90    40 -9999   110    46 -9999 -9999 -9999
1987 10 15 08   100    20 -9999   110    46 -9999 -9999 -9999
1987 10 15 11   120    20 -9999   100    67 -9999 -9999 -9999
1987 10 15 12   120    10 -9999    80    26 -9999 -9999 -9999
1987 10 15 14   130    10 -9999   110   108 -9999 -9999 -9999
1987 10 15 19    90    80 -9999   120    77 -9999 -9999 -9999
1987 10 16 07   120   120 -9999   140    62 -9999 -9999 -9999
1987 10 16 08   150   150 -9999   150    98 -9999 -9999 -9999
1987 10 16 10   140   130 -9999   140    57 -9999 -9999 -9999
1987 10 16 11   150   130 -9999   130    82 -9999 -9999 -9999
1987 10 16 12   140   120 -9999   150   129 -9999 -9999 -9999
1987 10 16 13   150    50 -9999   160   149 -9999 -9999 -9999
1987 10 16 14   110    90 -9999   160   144 -9999 -9999 -9999
1987 10 16 15   110    90 -9999   150   134 -9999 -9999 -9999
1987 10 16 17   100    80 -9999   190   154 -9999 -9999 -9999
1987 10 16 18   100    80 -9999   180   144 -9999 -9999 -9999
1987 10 16 21  -110  -140 -9999   110    62 -9999 -9999 -9999
1987 10 18 17   130    20 -9999   150    88 -9999 -9999 -9999
1987 10 18 18   130    20 -9999   150    77 -9999 -9999 -9999
1987 10 18 19   130    20 -9999   150    88 -9999 -9999 -9999
1987 10 18 20   120    20 -9999   140    82 -9999 -9999 -9999
1987 10 19 06   120    20 -9999   130    82 -9999 -9999 -9999
1987 10 19 07   120    20 -9999   130    72 -9999 -9999 -9999
1987 10 19 08   130     0 -9999   140    72 -9999 -9999 -9999
1987 10 19 09   140     0 -9999   150    77 -9999 -9999 -9999
1987 10 19 10   140    20 -9999   150    82 -9999 -9999 -9999
1987 10 19 11   140    20 -9999   140    77 -9999 -9999 -9999
1987 10 19 12   150    20 -9999   150   108 -9999 -9999 -9999
1987 10 19 13   150    20 -9999   150    98 -9999 -9999 -9999
1987 10 19 15   140    30 -9999   160    72 -9999 -9999 -9999
1987 10 19 16   140    30 -9999   150    77 -9999 -9999 -9999
1987 10 19 17   130    20 -9999   140    67 -9999 -9999 -9999
1987 10 19 20   130    10 -9999   130    72 -9999 -9999 -9999
1987 10 20 05   120    20 -9999   120   103 -9999 -9999 -9999
1987 10 20 06   130    30 -9999   120    98 -9999 -9999 -9999
1987 10 20 08   140    30 -9999   120    77 -9999 -9999 -9999
1987 10 20 09   140    30 -9999   120    82 -9999 -9999 -9999
1987 10 20 13   150    40 -9999   120    82 -9999 -9999 -9999
1987 10 20 14   150    40 -9999   130    82 -9999 -9999 -9999
1987 10 20 15   150    40 -9999   120    62 -9999 -9999 -9999
1987 10 20 16 -9999 -9999 -9999   120    72 -9999 -9999 -9999
1987 10 20 17   140    40 -9999   120    67 -9999 -9999 -9999
1987 10 20 18   130    50 -9999   120    62 -9999 -9999 -9999
1987 10 20 19   130    50 -9999   120    72 -9999 -9999 -9999
1987 10 21 06   120    40 -9999   140    57 -9999 -9999 -9999
1987 10 21 07   120    30 -9999   130    51 -9999 -9999 -9999
1987 10 21 08   120    30 -9999   130    67 -9999 -9999 -9999
1987 10 21 09   130    30 -9999   120    88 -9999 -9999 -9999
1987 10 21 10   130    30 -9999   120    62 -9999 -9999 -9999
1987 10 21 11   140    30 -9999   170    93 -9999 -9999 -9999
1987 10 21 12   130    20 -9999   140    93 -9999 -9999 -9999
1987 10 21 13   130    20 -9999   120    98 -9999 -9999 -9999
1987 10 21 14   130    20 -9999   110   103 -9999 -9999 -9999
1987 10 21 15   130    30 -9999   120   108 -9999 -9999 -9999
1987 10 21 16   120    30 -9999   110    93 -9999 -9999 -9999
1987 10 21 17   120    30 -9999   110    98 -9999 -9999 -9999
1987 10 21 18   120    30 -9999   120    88 -9999 -9999 -9999
1987 10 21 19   120    30 -9999   120    93 -9999 -9999 -9999
1987 10 22 06   130    40 -9999   140    93 -9999 -9999 -9999
1987 10 22 07   120    40 -9999   120    72 -9999 -9999 -9999
1987 10 22 08   130    40 -9999   130    88 -9999 -9999 -9999
1987 10 22 09   130    40 -9999   120    82 -9999 -9999 -9999
1987 10 22 10   130    40 -9999   120    77 -9999 -9999 -9999
1987 10 22 11   130    40 -9999   130    88 -9999 -9999 -9999
1987 10 22 12   130    30 -9999   130    67 -9999 -9999 -9999
1987 10 22 13   130    30 -9999   130    67 -9999 -9999 -9999
1987 10 22 14   130    30 -9999   120    62 -9999 -9999 -9999
1987 10 22 15   130    30 -9999   130    67 -9999 -9999 -9999
1987 10 22 16   130    30 -9999   120    51 -9999 -9999 -9999
1987 10 22 18   120    30 -9999   130    57 -9999 -9999 -9999
1987 10 22 19   100    60 -9999   190    21 -9999 -9999 -9999
1987 10 23 06    70    70 -9999 -9999    15 -9999 -9999 -9999
1987 10 23 07    70    70 -9999 -9999    10 -9999 -9999 -9999
1987 10 23 08    70    70 -9999 -9999    10 -9999 -9999 -9999
1987 10 23 09    70    70 -9999     0     0 -9999 -9999 -9999
1987 10 23 10    70    70 -9999   120    36 -9999 -9999 -9999
1987 10 23 12    70     0 -9999   130    31 -9999 -9999 -9999
1987 10 23 13    60    50 -9999   150    31 -9999 -9999 -9999
1987 10 23 14    60    50 -9999   170    21 -9999 -9999 -9999
1987 10 23 15    60    60 -9999   110    21 -9999 -9999 -9999
1987 10 23 17    60    50 -9999   110    31 -9999 -9999 -9999
1987 10 23 18    70    50 -9999   120    31 -9999 -9999 -9999
1987 10 23 19    70    50 -9999   120    21 -9999 -9999 -9999
1987 10 24 11    70    10 -9999   210    98 -9999 -9999 -9999
1987 10 26 06    90    70 -9999   160    62 -9999 -9999 -9999
1987 10 26 07    90    70 -9999   160    72 -9999 -9999 -9999
1987 10 26 08    90    60 -9999   160    72 -9999 -9999 -9999
1987 10 26 09    90    60 -9999   160    62 -9999 -9999 -9999
1987 10 26 10   100    70 -9999   160    67 -9999 -9999 -9999
1987 10 26 11   100    70 -9999   160    57 -9999 -9999 -9999
1987 10 26 12   100    60 -9999   160    62 -9999 -9999 -9999
1987 10 26 13   100    60 -9999   160    57 -9999 -9999 -9999
1987 10 26 14   110    80 -9999   170    77 -9999 -9999 -9999
1987 10 26 15   100    80 -9999   160    67 -9999 -9999 -9999
1987 10 26 16   100    80 -9999   160    72 -9999 -9999 -9999
1987 10 26 17   100    80 -9999   170    72 -9999 -9999 -9999
1987 10 26 18   100    80 -9999   160    77 -9999 -9999 -9999
1987 10 26 19    90    70 -9999   160    77 -9999 -9999 -9999
1987 10 26 20    90    70 -9999   160    62 -9999 -9999 -9999
1987 10 27 06    80     0 -9999   130    82 -9999 -9999 -9999
1987 10 27 07    80    20 -9999   150    36 -9999 -9999 -9999
1987 10 27 08    80    10 -9999   160    41 -9999 -9999 -9999
1987 10 27 09    90    10 -9999   160    36 -9999 -9999 -9999
1987 10 27 10    90    10 -9999   140    51 -9999 -9999 -9999
1987 10 27 11   100    10 -9999   150    62 -9999 -9999 -9999
1987 10 27 12   100    10 -9999   140    41 -9999 -9999 -9999
1987 10 27 13   100    10 -9999   150    36 -9999 -9999 -9999
1987 10 27 14   110   -10 -9999   140    67 -9999 -9999 -9999
1987 10 27 15   110   -20 -9999   120    72 -9999 -9999 -9999
1987 10 27 16   110   -20 -9999   130    72 -9999 -9999 -9999
1987 10 27 17   110   -20 -9999   140    77 -9999 -9999 -9999
1987 10 27 18   110     0 -9999   130    77 -9999 -9999 -9999
1987 10 27 19   110     0 -9999   130    72 -9999 -9999 -9999
1987 10 28 06   130    50 -9999   130   103 -9999 -9999 -9999
1987 10 28 07   140    60 -9999   150    98 -9999 -9999 -9999
1987 10 28 08   130    50 -9999   140    72 -9999 -9999 -9999
1987 10 28 09   130    50 -9999   190    72 -9999 -9999 -9999
1987 10 28 10   100    70 -9999   190    67 -9999 -9999 -9999
1987 10 28 11    90    90 -9999   190    57 -9999 -9999 -9999
1987 10 28 12    90    90 -9999   190    72 -9999 -9999 -9999
1987 10 28 13    80    80 -9999   250    26 -9999 -9999 -9999
1987 10 28 14    80    80 -9999    60    15 -9999 -9999 -9999
1987 10 28 15    90    90 -9999 -9999    15 -9999 -9999 -9999
1987 10 28 16    80    80 -9999     0     0 -9999 -9999 -9999
1987 10 28 17    80    80 -9999     0     0 -9999 -9999 -9999
1987 10 28 18    70    70 -9999     0     0 -9999 -9999 -9999
1987 10 28 19    70    70 -9999   130    15 -9999 -9999 -9999
1987 10 29 06    30    30 -9999   140    15 -9999 -9999 -9999
1987 10 29 07    30    30 -9999     0     0 -9999 -9999 -9999
1987 10 29 08    40    40 -9999     0     0 -9999 -9999 -9999
1987 10 29 10    70    60 -9999     0     0 -9999 -9999 -9999
1987 10 29 12    80    40 -9999     0     0 -9999 -9999 -9999
1987 10 29 13    90    20 -9999   340    10 -9999 -9999 -9999
1987 10 29 14    90    30 -9999   360     5 -9999 -9999 -9999
1987 10 29 15    90    30 -9999     0     0 -9999 -9999 -9999
1987 10 29 16    80    50 -9999     0     0 -9999 -9999 -9999
1987 10 29 17    80    60 -9999     0     0 -9999 -9999 -9999
1987 10 29 18    80    60 -9999   120    15 -9999 -9999 -9999
1987 10 29 19    70    30 -9999     0     0 -9999 -9999 -9999
1987 10 30 06    80    50 -9999   130    26 -9999 -9999 -9999
1987 10 30 08    70    70 -9999   150    10 -9999 -9999 -9999
1987 10 30 10    60    60 -9999    30    10 -9999 -9999 -9999
1987 10 30 11    70    70 -9999   120    10 -9999 -9999 -9999
1987 10 30 12    70    70 -9999   260     5 -9999 -9999 -9999
1987 10 30 13    70    70 -9999 -9999 -9999 -9999 -9999 -9999
1987 10 30 16    70    50 -9999   210     5 -9999 -9999 -9999
1987 10 30 17    70    50 -9999     0     0 -9999 -9999 -9999
1987 10 30 18    70    60 -9999 -9999    10 -9999 -9999 -9999
1987 10 30 19    70    70 -9999     0     0 -9999 -9999 -9999
1987 11 01 16    70    60 -9999     0     0 -9999 -9999 -9999
1987 11 01 17 -9999 -9999 -9999     0     0 -9999 -9999 -9999
1987 11 01 18    50    50 -9999   160    15 -9999 -9999 -9999
1987 11 01 19    60    50 -9999   120    36 -9999 -9999 -9999
1987 11 02 06 -9999 -9999 -9999   150    21 -9999 -9999 -9999
1987 11 02 07    60    50 -9999   140    10 -9999 -9999 -9999
1987 11 02 08    60    50 -9999   140    21 -9999 -9999 -9999
1987 11 02 10    70    50 -9999   150    31 -9999 -9999 -9999
1987 11 02 11    70    50 -9999   140    36 -9999 -9999 -9999
1987 11 02 12    70    50 -9999   150    21 -9999 -9999 -9999
1987 11 02 13    70    70 -9999   140    31 -9999 -9999 -9999
1987 11 02 14    70    70 -9999   120    31 -9999 -9999 -9999
1987 11 02 18    70    70 -9999   110    10 -9999 -9999 -9999
1987 11 02 19    70    70 -9999     0     0 -9999 -9999 -9999
1987 11 03 06    50    50 -9999    20    15 -9999 -9999 -9999
1987 11 03 07    50    50 -9999   320    10 -9999 -9999 -9999
1987 11 03 08    60    60 -9999    30    10 -9999 -9999 -9999
1987 11 03 10    80    70 -9999     0     0 -9999 -9999 -9999
1987 11 03 11    80    60 -9999   340    15 -9999 -9999 -9999
1987 11 03 12    90    50 -9999   310    15 -9999 -9999 -9999
1987 11 03 13    90    40 -9999   310    15 -9999 -9999 -9999
1987 11 03 14    90    40 -9999   320    21 -9999 -9999 -9999
1987 11 03 15    90    40 -9999   330    26 -9999 -9999 -9999
1987 11 03 17    70    30 -9999   360    21 -9999 -9999 -9999
1987 11 03 18 -9999 -9999 -9999    30    21 -9999 -9999 -9999
1987 11 03 19    70    30 -9999    50    21 -9999 -9999 -9999
1987 11 04 06    70    70 -9999     0     0 -9999 -9999 -9999
1987 11 04 09    70    70 -9999   350    10 -9999 -9999 -9999
1987 11 04 10    70    70 -9999   340     5 -9999 -9999 -9999
1987 11 04 11    70    70 -9999   340    10 -9999 -9999 -9999
1987 11 04 12    80    80 -9999   330    15 -9999 -9999 -9999
1987 11 04 13    90    80 -9999   330    15 -9999 -9999 -9999
1987 11 04 14    90    70 -9999   320    10 -9999 -9999 -9999
1987 11 04 15    90    70 -9999   320    10 -9999 -9999 -9999
1987 11 04 16    90    80 -9999   330    15 -9999 -9999 -9999
1987 11 04 17    90    80 -9999   360    15 -9999 -9999 -9999
1987 11 04 18    90    80 -9999   320    10 -9999 -9999 -9999
1987 11 05 06    90    80 -9999   340    15 -9999 -9999 -9999
1987 11 05 07    90    70 -9999    10    15 -9999 -9999 -9999
1987 11 05 08    90    70 -9999   330    15 -9999 -9999 -9999
1987 11 06 08    80    70 -9999 -9999    10 -9999 -9999 -9999
1987 11 06 09    80    70 -9999   320    41 -9999 -9999 -9999
1987 11 06 10    80    70 -9999   320    41 -9999 -9999 -9999
1987 11 06 11    80    70 -9999   360    21 -9999 -9999 -9999
1987 11 06 12    80    70 -9999   320    21 -9999 -9999 -9999
1987 11 06 13 -9999 -9999 -9999   330   103 -9999 -9999 -9999
1987 11 06 14    80    60 -9999   330    46 -9999 -9999 -9999
1987 11 06 16    80    70 -9999    20    21 -9999 -9999 -9999
1987 11 06 18    70    60 -9999   350    41 -9999 -9999 -9999
1987 11 06 19 -9999 -9999 -9999   350    15 -9999 -9999 -9999
1987 11 08 17    60    40 -9999   110    26 -9999 -9999 -9999
1987 11 08 18    60    40 -9999   100    26 -9999 -9999 -9999
1987 11 08 19    70    50 -9999   100    21 -9999 -9999 -9999
1987 11 09 06    50    40 -9999   160    41 -9999 -9999 -9999
1987 11 09 07    50    40 -9999   160    36 -9999 -9999 -9999
1987 11 09 08    50    30 -9999   160    41 -9999 -9999 -9999
1987 11 09 09    40    30 -9999   160    41 -9999 -9999 -9999
1987 11 09 10    40    30 -9999   170    46 -9999 -9999 -9999
1987 11 09 11    40    30 -9999   170    36 -9999 -9999 -9999
1987 11 09 12 -9999 -9999 -9999   120    67 -9999 -9999 -9999
1987 11 09 14    50    40 -9999   140    46 -9999 -9999 -9999
1987 11 09 15    50    40 -9999   170    46 -9999 -9999 -9999
1987 11 09 16    50    40 -9999   160    26 -9999 -9999 -9999
1987 11 09 17 -9999 -9999 -9999   140    31 -9999 -9999 -9999
1987 11 09 18    50    50 -9999   150    26 -9999 -9999 -9999
1987 11 09 19    40    40 -9999   160    21 -9999 -9999 -9999
1987 11 10 06    50    20 -9999   150    31 -9999 -9999 -9999
1987 11 10 08    40    20 -9999   160    26 -9999 -9999 -9999
1987 11 10 11    50     0 -9999   140    41 -9999 -9999 -9999
1987 11 10 12    60     0 -9999   150    46 -9999 -9999 -9999
1987 11 10 13    60     0 -9999   150    57 -9999 -9999 -9999
1987 11 10 16    60     0 -9999   120    46 -9999 -9999 -9999
1987 11 10 17    50   -10 -9999   140    31 -9999 -9999 -9999
1987 11 10 18    60   -10 -9999   170    36 -9999 -9999 -9999
1987 11 10 19    60     0 -9999   140    51 -9999 -9999 -9999
1987 11 11 06    60   -10 -9999   140    72 -9999 -9999 -9999
1987 11 11 07    50     0 -9999   130    72 -9999 -9999 -9999
1987 11 11 08    60     0 -9999   140    67 -9999 -9999 -9999
1987 11 11 09    60     0 -9999   140    57 -9999 -9999 -9999
1987 11 11 10    60     0 -9999   130    51 -9999 -9999 -9999
1987 11 11 11    60    10 -9999   130    67 -9999 -9999 -9999
1987 11 11 12    60    10 -9999   130    62 -9999 -9999 -9999
1987 11 11 13    70    10 -9999   140    67 -9999 -9999 -9999
1987 11 11 19    60     0 -9999   120    57 -9999 -9999 -9999
1987 11 12 06    80    40 -9999   150    62 -9999 -9999 -9999
1987 11 12 09 -9999 -9999 -9999   130    57 -9999 -9999 -9999
1987 11 12 13    50    40 -9999   160    41 -9999 -9999 -9999
1987 11 12 14    60    50 -9999   150    26 -9999 -9999 -9999
1987 11 12 15    60    50 -9999   150    26 -9999 -9999 -9999
1987 11 12 16    60    40 -9999   140    31 -9999 -9999 -9999
1987 11 12 18    50    40 -9999   140    26 -9999 -9999 -9999
1987 11 12 19    50    40 -9999   130    31 -9999 -9999 -9999
1987 11 12 20   -90  -100 -9999   120    26 -9999 -9999 -9999
1987 11 13 06    60   -10 -9999   130    67 -9999 -9999 -9999
1987 11 13 08    60   -20 -9999   100    62 -9999 -9999 -9999
1987 11 13 09    70 -9999 -9999   100    51 -9999 -9999 -9999
1987 11 13 10    70   -30 -9999    70    31 -9999 -9999 -9999
1987 11 13 11    80   -30 -9999    60    26 -9999 -9999 -9999
1987 11 13 12    80   -30 -9999   100    51 -9999 -9999 -9999
1987 11 13 13    80   -20 -9999   130    62 -9999 -9999 -9999
1987 11 13 14    90   -10 -9999   130    62 -9999 -9999 -9999
1987 11 13 15 -9999 -9999 -9999   130    41 -9999 -9999 -9999
1987 11 13 16    70    30 -9999   120    51 -9999 -9999 -9999
1987 11 13 17    70    40 -9999   110    46 -9999 -9999 -9999
1987 11 13 18    70    40 -9999   100    46 -9999 -9999 -9999
1987 11 13 20    60    50 -9999   120    46 -9999 -9999 -9999
1987 11 14 14   -70   -90 -9999   250    36 -9999 -9999 -9999
1987 11 15 10   -10  -120 -9999   130    46 -9999 -9999 -9999
1987 11 15 11  -100  -110 -9999   120    46 -9999 -9999 -9999
1987 11 15 19    40    20 -9999   120    62 -9999 -9999 -9999
1987 11 16 10    80    40 -9999   110    57 -9999 -9999 -9999
1987 11 16 11    70    50 -9999   110    62 -9999 -9999 -9999
1987 11 16 12 -9999 -9999 -9999   110    57 -9999 -9999 -9999
1987 11 16 13    70    50 -9999   110    62 -9999 -9999 -9999
1987 11 16 14    70    40 -9999   110 -9999 -9999 -9999 -9999
1987 11 16 15    80    40 -9999   100    62 -9999 -9999 -9999
1987 11 17 07    70    70 -9999   140    26 -9999 -9999 -9999
1987 11 17 08    70    70 -9999   150    26 -9999 -9999 -9999
1987 11 17 09    70    70 -9999   150     5 -9999 -9999 -9999
1987 11 17 10    70    70 -9999   130    15 -9999 -9999 -9999
1987 11 17 11    80    80 -9999   150    15 -9999 -9999 -9999
1987 11 17 12    80    80 -9999   140    15 -9999 -9999 -9999
1987 11 17 13    80    80 -9999   200    10 -9999 -9999 -9999
1987 11 17 14    90    90 -9999     0     0 -9999 -9999 -9999
1987 11 17 15    90    90 -9999   320    36 -9999 -9999 -9999
1987 11 17 16    90    90 -9999 -9999     5 -9999 -9999 -9999
1987 11 17 17    90    90 -9999   310    26 -9999 -9999 -9999
1987 11 17 18    90    90 -9999   310    46 -9999 -9999 -9999
1987 11 17 20    80    70 -9999   320    41 -9999 -9999 -9999
1987 11 18 06    40    40 -9999   140    15 -9999 -9999 -9999
1987 11 18 07    50    40 -9999   110    36 -9999 -9999 -9999
1987 11 18 08    50    40 -9999   140    36 -9999 -9999 -9999
1987 11 18 10    60    40 -9999   120    36 -9999 -9999 -9999
1987 11 18 13    70    30 -9999   140    31 -9999 -9999 -9999
1987 11 18 14 -9999 -9999 -9999   120    51 -9999 -9999 -9999
1987 11 18 15    70    30 -9999   130    51 -9999 -9999 -9999
1987 11 18 16    70    30 -9999   130    51 -9999 -9999 -9999
1987 11 18 18    70    60 -9999   120    57 -9999 -9999 -9999
1987 11 18 19    80    70 -9999   160    57 -9999 -9999 -9999
1987 11 19 06    90    70 -9999   220    36 -9999 -9999 -9999
1987 11 19 08    90    70 -9999   230    51 -9999 -9999 -9999
1987 11 19 09    90    70 -9999   190    36 -9999 -9999 -9999
1987 11 19 10    90    70 -9999   230    51 -9999 -9999 -9999
1987 11 19 15    70    40 -9999   280    46 -9999 -9999 -9999
1987 11 19 16    70    40 -9999   250    51 -9999 -9999 -9999
1987 11 19 18    70    30 -9999   240    36 -9999 -9999 -9999
1987 11 19 19    60    40 -9999   250    31 -9999 -9999 -9999
1987 11 20 06    60    40 -9999 -9999    21 -9999 -9999 -9999
1987 11 20 07    50    40 -9999   210    21 -9999 -9999 -9999
1987 11 20 08    50    50 -9999   160    15 -9999 -9999 -9999
1987 11 20 09    50    50 -9999   120    15 -9999 -9999 -9999
1987 11 20 10    50    50 -9999   130    31 -9999 -9999 -9999
1987 11 20 11    50    50 -9999   100    41 -9999 -9999 -9999
1987 11 20 12    60    30 -9999     0     0 -9999 -9999 -9999
1987 11 20 13    60    40 -9999   350    57 -9999 -9999 -9999
1987 11 20 14    60    40 -9999   350    46 -9999 -9999 -9999
1987 11 20 15    50    30 -9999   350    41 -9999 -9999 -9999
1987 11 20 16    50    40 -9999   350    31 -9999 -9999 -9999
1987 11 20 17    50    40 -9999   350    31 -9999 -9999 -9999
1987 11 20 18    50    40 -9999   350    26 -9999 -9999 -9999
1987 11 22 15    40    30 -9999   110    21 -9999 -9999 -9999
1987 11 22 16    40    30 -9999   140    21 -9999 -9999 -9999
1987 11 22 17    40     0 -9999   120    36 -9999 -9999 -9999
1987 11 22 18    40   -10 -9999   110    57 -9999 -9999 -9999
1987 11 22 19   -10   -70 -9999   360    41 -9999 -9999 -9999
1987 11 22 20    30     0 -9999   110    41 -9999 -9999 -9999
1987 11 23 06    40   -30 -9999     0     0 -9999 -9999 -9999
1987 11 23 07    40   -30 -9999   250     5 -9999 -9999 -9999
1987 11 23 08    50   -30 -9999   160    10 -9999 -9999 -9999
1987 11 23 10    50   -10 -9999   110    15 -9999 -9999 -9999
1987 11 23 14    50    10 -9999   140    10 -9999 -9999 -9999
1987 11 23 15    40    10 -9999   130    15 -9999 -9999 -9999
1987 11 23 16    40     0 -9999   130     5 -9999 -9999 -9999
1987 11 23 17    40     0 -9999     0     0 -9999 -9999 -9999
1987 11 23 18    40     0 -9999     0     0 -9999 -9999 -9999
1987 11 23 19    50    10 -9999   120    10 -9999 -9999 -9999
1987 11 24 06    30    30 -9999    50    10 -9999 -9999 -9999
1987 11 24 07    30    30 -9999   260    10 -9999 -9999 -9999
1987 11 24 09    30    30 -9999     0     0 -9999 -9999 -9999
1987 11 24 10    30    30 -9999    30    10 -9999 -9999 -9999
1987 11 24 12    30    30 -9999     0     0 -9999 -9999 -9999
1987 11 24 13    30    20 -9999     0     0 -9999 -9999 -9999
1987 11 24 15    30    20 -9999    80    10 -9999 -9999 -9999
1987 11 24 16    30    30 -9999   120    10 -9999 -9999 -9999
1987 11 24 17    30    30 -9999     0     0 -9999 -9999 -9999
1987 11 24 18    30    30 -9999     0     0 -9999 -9999 -9999
1987 11 25 06    30    20 -9999   120    21 -9999 -9999 -9999
1987 11 25 07    30    10 -9999   110    26 -9999 -9999 -9999
1987 11 25 08    30    10 -9999   100    31 -9999 -9999 -9999
1987 11 25 09    30   -10 -9999   120    26 -9999 -9999 -9999
1987 11 25 10    30   -10 -9999    80    31 -9999 -9999 -9999
1987 11 25 11     0     0 -9999   110    21 -9999 -9999 -9999
1987 11 25 13    50     0 -9999   250     5 -9999 -9999 -9999
1987 11 25 14    50     0 -9999     0     0 -9999 -9999 -9999
1987 11 25 15    40     0 -9999     0     0 -9999 -9999 -9999
1987 11 25 16    40   -40 -9999     0     0 -9999 -9999 -9999
1987 11 25 17    20   -30 -9999    60    15 -9999 -9999 -9999
1987 11 25 18    10   -20 -9999   300    15 -9999 -9999 -9999
1987 11 25 19     0   -30 -9999   320     5 -9999 -9999 -9999
1987 11 26 06     0   -30 -9999     0     0 -9999 -9999 -9999
1987 11 26 07   -10   -20 -9999     0     0 -9999 -9999 -9999
1987 11 26 11    20   -30 -9999     0     0 -9999 -9999 -9999
1987 11 26 12    20   -30 -9999     0     0 -9999 -9999 -9999
1987 11 26 13    20   -30 -9999     0     0 -9999 -9999 -9999
1987 11 26 14    30   -30 -9999     0     0 -9999 -9999 -9999
1987 11 26 16     0   -40 -9999     0     0 -9999 -9999 -9999
1987 11 26 17    10   -30 -9999     0     0 -9999 -9999 -9999
1987 11 26 18   -10   -50 -9999     0     0 -9999 -9999 -9999
1987 11 26 19   -10   -30 -9999     0     0 -9999 -9999 -9999
1987 11 27 08     0   -50 -9999   130    26 -9999 -9999 -9999
1987 11 27 09    10   -40 -9999   140    21 -9999 -9999 -9999
1987 11 27 12    20   -30 -9999   140    15 -9999 -9999 -9999
1987 11 27 15    20   -40 -9999   150    15 -9999 -9999 -9999
1987 11 27 16    20 -9999 -9999   120 -9999 -9999 -9999 -9999
1987 11 27 17 -9999 -9999 -9999   110 -9999 -9999 -9999 -9999
1987 11 27 18    20   -70 -9999   110    31 -9999 -9999 -9999
1987 11 29 15    10   -10 -9999   120    41 -9999 -9999 -9999
1987 11 29 16    10   -30 -9999   120    36 -9999 -9999 -9999
1987 11 29 17    10   -30 -9999   140    26 -9999 -9999 -9999
1987 11 29 18    10   -30 -9999   140    26 -9999 -9999 -9999
1987 11 29 19    10   -50 -9999   110    36 -9999 -9999 -9999
1987 11 29 20    10   -50 -9999   110    31 -9999 -9999 -9999
1987 11 30 05    20   -40 -9999   100    51 -9999 -9999 -9999
1987 11 30 07    30   -30 -9999   120    41 -9999 -9999 -9999
1987 11 30 08    30   -30 -9999   130    41 -9999 -9999 -9999
1987 11 30 09    30   -30 -9999 -9999 -9999 -9999 -9999 -9999
1987 11 30 10    20   -10 -9999   120    36 -9999 -9999 -9999
1987 11 30 11    20    10 -9999   110    41 -9999 -9999 -9999
1987 11 30 12    20    20 -9999   110    26 -9999 -9999 -9999
1987 11 30 13    20    20 -9999   110    41 -9999 -9999 -9999
1987 11 30 14    30    20 -9999   120    41 -9999 -9999 -9999
1987 11 30 15    30    30 -9999   120    21 -9999 -9999 -9999
1987 11 30 17    20    20 -9999   140    10 -9999 -9999 -9999
1987 11 30 18    20    20 -9999    20    15 -9999 -9999 -9999
1987 12 01 06    10    10 -9999   210    10 -9999 -9999 -9999
1987 12 01 09   -10   -10 -9999    70     5 -9999 -9999 -9999
1987 12 01 12    40   -10 -9999     0     0 -9999 -9999 -9999
1987 12 01 14    30   -10 -9999    10    21 -9999 -9999 -9999
1987 12 01 15    20   -20 -9999    40    10 -9999 -9999 -9999
1987 12 01 16    20   -20 -9999 -9999    15 -9999 -9999 -9999
1987 12 01 17    10   -20 -9999     0     0 -9999 -9999 -9999
1987 12 01 18    10     0 -9999     0     0 -9999 -9999 -9999
1987 12 01 19     0   -10 -9999    50    26 -9999 -9999 -9999
1987 12 02 06     0   -10 -9999     0     0 -9999 -9999 -9999
1987 12 02 07     0     0 -9999     0     0 -9999 -9999 -9999
1987 12 02 08    10    10 -9999     0     0 -9999 -9999 -9999
1987 12 02 09    10    10 -9999     0     0 -9999 -9999 -9999
1987 12 02 10    20     0 -9999   350    26 -9999 -9999 -9999
1987 12 02 12    40    20 -9999   320    31 -9999 -9999 -9999
1987 12 02 13 -9999 -9999 -9999    40    31 -9999 -9999 -9999
1987 12 02 14    40    20 -9999   340    51 -9999 -9999 -9999
1987 12 02 16    40    20 -9999   330    46 -9999 -9999 -9999
1987 12 02 17    30    20 -9999   340    36 -9999 -9999 -9999
1987 12 03 07     0   -10 -9999   160    21 -9999 -9999 -9999
1987 12 03 08   -10   -20 -9999   160     5 -9999 -9999 -9999
1987 12 03 09     0   -10 -9999   190    21 -9999 -9999 -9999
1987 12 03 10     0   -10 -9999   110    15 -9999 -9999 -9999
1987 12 03 11     0   -30 -9999   170    26 -9999 -9999 -9999
1987 12 03 12    10   -20 -9999   140    26 -9999 -9999 -9999
1987 12 03 13    20     0 -9999   150    21 -9999 -9999 -9999
1987 12 03 14    20     0 -9999   150    21 -9999 -9999 -9999
1987 12 03 15     0   -10 -9999   140    15 -9999 -9999 -9999
1987 12 03 16   -10   -20 -9999   140    21 -9999 -9999 -9999
1987 12 03 17     0   -20 -9999   140    26 -9999 -9999 -9999
1987 12 03 18     0   -20 -9999   140    41 -9999 -9999 -9999
1987 12 03 19    10     0 -9999   130    36 -9999 -9999 -9999
1987 12 04 06    20   -20 -9999   120    31 -9999 -9999 -9999
1987 12 04 07    20   -20 -9999   130    26 -9999 -9999 -9999
1987 12 04 08    20   -20 -9999   130    26 -9999 -9999 -9999
1987 12 04 09    20   -20 -9999   140    21 -9999 -9999 -9999
1987 12 04 10    20   -20 -9999   130    31 -9999 -9999 -9999
1987 12 04 11    20   -20 -9999   110    26 -9999 -9999 -9999
1987 12 04 12    20   -20 -9999   130    31 -9999 -9999 -9999
1987 12 04 13    30   -10 -9999   110    21 -9999 -9999 -9999
1987 12 04 14    30   -10 -9999   110    10 -9999 -9999 -9999
1987 12 04 15    20   -20 -9999   130    31 -9999 -9999 -9999
1987 12 04 16    30   -10 -9999   140    15 -9999 -9999 -9999
1987 12 04 17    30   -10 -9999   130    10 -9999 -9999 -9999
1987 12 04 18    30   -10 -9999   150    15 -9999 -9999 -9999
1987 12 04 19    20   -20 -9999   130    15 -9999 -9999 -9999
1987 12 06 16   -20  -110 -9999    30    26 -9999 -9999 -9999
1987 12 06 17   -20  -110 -9999    10    31 -9999 -9999 -9999
1987 12 06 18   -20  -100 -9999   350    51 -9999 -9999 -9999
1987 12 06 19   -20  -100 -9999    30    31 -9999 -9999 -9999
1987 12 06 20   -20  -110 -9999    10    41 -9999 -9999 -9999
1987 12 07 06   -30   -80 -9999   140     5 -9999 -9999 -9999
1987 12 07 07   -30   -80 -9999   110    26 -9999 -9999 -9999
1987 12 07 08   -30   -80 -9999   120    21 -9999 -9999 -9999
1987 12 07 09   -40   -90 -9999   100    10 -9999 -9999 -9999
1987 12 07 10   -20   -70 -9999   100    21 -9999 -9999 -9999
1987 12 07 11   -20   -70 -9999   110    10 -9999 -9999 -9999
1987 12 07 12     0   -60 -9999    90    10 -9999 -9999 -9999
1987 12 07 13     0   -60 -9999     0     0 -9999 -9999 -9999
1987 12 07 14     0   -60 -9999    80     5 -9999 -9999 -9999
1987 12 07 15   -20   -60 -9999   120    10 -9999 -9999 -9999
1987 12 07 16   -30   -60 -9999     0     0 -9999 -9999 -9999
1987 12 07 17   -30   -60 -9999   160    15 -9999 -9999 -9999
1987 12 07 18   -30   -60 -9999     0     0 -9999 -9999 -9999
1987 12 07 19   -40   -50 -9999   150    15 -9999 -9999 -9999
1987 12 08 06   -50   -80 -9999     0     0 -9999 -9999 -9999
1987 12 08 07   -40   -80 -9999   130    21 -9999 -9999 -9999
1987 12 08 10   -30   -90 -9999   150    15 -9999 -9999 -9999
1987 12 08 11   -30   -90 -9999   140    21 -9999 -9999 -9999
1987 12 08 13   -20   -50 -9999   140    21 -9999 -9999 -9999
1987 12 08 15   -10   -50 -9999   120    21 -9999 -9999 -9999
1987 12 08 16   -10   -50 -9999   110    15 -9999 -9999 -9999
1987 12 08 17   -10   -50 -9999   140    21 -9999 -9999 -9999
1987 12 08 18   -10   -50 -9999   140    21 -9999 -9999 -9999
1987 12 08 19   -10   -50 -9999   100    10 -9999 -9999 -9999
1987 12 09 08    10    10 -9999   150    21 -9999 -9999 -9999
1987 12 09 09    20    20 -9999   140    26 -9999 -9999 -9999
1987 12 09 10    20    20 -9999   360     5 -9999 -9999 -9999
1987 12 09 11    50    50 -9999 -9999    21 -9999 -9999 -9999
1987 12 09 12    60    60 -9999   320    46 -9999 -9999 -9999
1987 12 09 13    50    50 -9999   330    41 -9999 -9999 -9999
1987 12 09 14    50    50 -9999   310    31 -9999 -9999 -9999
1987 12 09 15    50    40 -9999   340    46 -9999 -9999 -9999
1987 12 09 16    40    30 -9999   330    15 -9999 -9999 -9999
1987 12 09 17    40    40 -9999   320    15 -9999 -9999 -9999
1987 12 09 18    50    50 -9999 -9999    10 -9999 -9999 -9999
1987 12 09 19    60    60 -9999   320    41 -9999 -9999 -9999
1987 12 10 06    70    70 -9999   300    51 -9999 -9999 -9999
1987 12 10 07    70    60 -9999   320    77 -9999 -9999 -9999
1987 12 10 08    70    70 -9999   320   103 -9999 -9999 -9999
1987 12 10 09    70    60 -9999   320   103 -9999 -9999 -9999
1987 12 10 10    60    50 -9999   330   108 -9999 -9999 -9999
1987 12 10 11    50     0 -9999 -9999 -9999 -9999 -9999 -9999
1987 12 10 12    50   -10 -9999   350   108 -9999 -9999 -9999
1987 12 10 13    40   -20 -9999   340   103 -9999 -9999 -9999
1987 12 10 14    40   -10 -9999   350    77 -9999 -9999 -9999
1987 12 10 15    50    10 -9999   340    98 -9999 -9999 -9999
1987 12 10 16    50    10 -9999   330   108 -9999 -9999 -9999
1987 12 10 17    40    10 -9999   340   108 -9999 -9999 -9999
1987 12 10 18    50     0 -9999   340   108 -9999 -9999 -9999
1987 12 11 06    20   -10 -9999   350    51 -9999 -9999 -9999
1987 12 11 07    20   -10 -9999    30    21 -9999 -9999 -9999
1987 12 11 08    20   -20 -9999   360    46 -9999 -9999 -9999
1987 12 11 09    10   -40 -9999   360    41 -9999 -9999 -9999
1987 12 11 11    20   -30 -9999   340    46 -9999 -9999 -9999
1987 12 11 13    30   -30 -9999   340    51 -9999 -9999 -9999
1987 12 11 14    20   -40 -9999   350    46 -9999 -9999 -9999
1987 12 11 16    10   -40 -9999    10    21 -9999 -9999 -9999
1987 12 11 17    10   -40 -9999    20    31 -9999 -9999 -9999
1987 12 11 19    20   -30 -9999    10    15 -9999 -9999 -9999
1987 12 13 17    40    40 -9999   190     5 -9999 -9999 -9999
1987 12 13 18    40    40 -9999   200    21 -9999 -9999 -9999
1987 12 13 19    40    30 -9999     0     0 -9999 -9999 -9999
1987 12 13 20    50    40 -9999   150    26 -9999 -9999 -9999
1987 12 14 06    40    40 -9999   100    21 -9999 -9999 -9999
1987 12 14 07    50    50 -9999   330    26 -9999 -9999 -9999
1987 12 14 08    50    50 -9999   200    15 -9999 -9999 -9999
1987 12 14 09    50    50 -9999 -9999     5 -9999 -9999 -9999
1987 12 14 10    50    50 -9999 -9999    15 -9999 -9999 -9999
1987 12 14 11    50    50 -9999   330    41 -9999 -9999 -9999
1987 12 14 12    50    40 -9999   350    26 -9999 -9999 -9999
1987 12 14 14    40    10 -9999   340    31 -9999 -9999 -9999
1987 12 14 15    30    10 -9999    10    31 -9999 -9999 -9999
1987 12 14 16    30    10 -9999    20    26 -9999 -9999 -9999
1987 12 14 17    30    10 -9999    30    21 -9999 -9999 -9999
1987 12 14 18    30     0 -9999    10     5 -9999 -9999 -9999
1987 12 14 19    20     0 -9999    30    10 -9999 -9999 -9999
1987 12 15 06    50    50 -9999 -9999    57 -9999 -9999 -9999
1987 12 15 07    50    40 -9999   310    57 -9999 -9999 -9999
1987 12 15 12    50    40 -9999   270    15 -9999 -9999 -9999
1987 12 15 13    40    30 -9999 -9999    15 -9999 -9999 -9999
1987 12 15 14    50    40 -9999   320    31 -9999 -9999 -9999
1987 12 15 15    40    30 -9999   350    36 -9999 -9999 -9999
1987 12 15 16    30    20 -9999    10    26 -9999 -9999 -9999
1987 12 15 17    20     0 -9999    20    31 -9999 -9999 -9999
1987 12 15 18    10   -10 -9999   360    31 -9999 -9999 -9999
1987 12 15 19    10   -10 -9999    10    31 -9999 -9999 -9999
1987 12 15 20    10     0 -9999   100    10 -9999 -9999 -9999
1987 12 15 21     0   -10 -9999     0     0 -9999 -9999 -9999
1987 12 16 06     0   -20 -9999   140    26 -9999 -9999 -9999
1987 12 16 07     0   -30 -9999   100    21 -9999 -9999 -9999
1987 12 16 08    10   -30 -9999   120    26 -9999 -9999 -9999
1987 12 16 09    10   -30 -9999   110    26 -9999 -9999 -9999
1987 12 16 10    20   -30 -9999   110    41 -9999 -9999 -9999
1987 12 16 11    20   -40 -9999   110    46 -9999 -9999 -9999
1987 12 16 12    20   -50 -9999   110    36 -9999 -9999 -9999
1987 12 16 13    20   -50 -9999   110    36 -9999 -9999 -9999
1987 12 16 14    20   -50 -9999   110    31 -9999 -9999 -9999
1987 12 16 15 -9999 -9999 -9999   110    46 -9999 -9999 -9999
1987 12 16 16    30   -40 -9999 -9999    10 -9999 -9999 -9999
1987 12 16 17    30   -40 -9999   160    21 -9999 -9999 -9999
1987 12 16 18    30   -40 -9999   160    36 -9999 -9999 -9999
1987 12 16 19    30   -40 -9999   120    26 -9999 -9999 -9999
1987 12 17 06    20   -80 -9999   120    41 -9999 -9999 -9999
1987 12 17 07    20   -80 -9999   100    46 -9999 -9999 -9999
1987 12 17 08    10   -90 -9999   120    36 -9999 -9999 -9999
1987 12 17 09     0   -90 -9999   130    36 -9999 -9999 -9999
1987 12 17 11     0   -90 -9999   130    26 -9999 -9999 -9999
1987 12 17 12    20   -70 -9999   120    36 -9999 -9999 -9999
1987 12 17 13    20   -70 -9999   120    46 -9999 -9999 -9999
1987 12 17 14    30   -70 -9999   120    51 -9999 -9999 -9999
1987 12 17 15    40   -70 -9999   110    67 -9999 -9999 -9999
1987 12 17 16    40   -70 -9999   110    46 -9999 -9999 -9999
1987 12 17 17    30   -30 -9999   120    36 -9999 -9999 -9999
1987 12 17 18    30   -10 -9999   150    26 -9999 -9999 -9999
1987 12 17 19    40     0 -9999   120    41 -9999 -9999 -9999
1987 12 18 06    50    30 -9999   110    67 -9999 -9999 -9999
1987 12 18 07    50    40 -9999   110    72 -9999 -9999 -9999
1987 12 18 08    60    60 -9999   120    67 -9999 -9999 -9999
1987 12 18 09    50    50 -9999   120    57 -9999 -9999 -9999
1987 12 18 10    50    50 -9999   120    51 -9999 -9999 -9999
1987 12 18 11    50    50 -9999   120    46 -9999 -9999 -9999
1987 12 18 12    50    50 -9999   120    46 -9999 -9999 -9999
1987 12 18 13 -9999 -9999 -9999   150    41 -9999 -9999 -9999
1987 12 18 14    50    50 -9999   150    36 -9999 -9999 -9999
1987 12 18 15    50    50 -9999   150    41 -9999 -9999 -9999
1987 12 18 16    50    50 -9999   140    46 -9999 -9999 -9999
1987 12 18 17    50    50 -9999   140    41 -9999 -9999 -9999
1987 12 18 18    50    50 -9999   140    41 -9999 -9999 -9999
1987 12 18 19    50    50 -9999   150    36 -9999 -9999 -9999
1987 12 20 15    80    80 -9999   250    41 -9999 -9999 -9999
1987 12 20 16    80    80 -9999   270    62 -9999 -9999 -9999
1987 12 20 17    80    80 -9999   270    72 -9999 -9999 -9999
1987 12 20 18    80    80 -9999   280    62 -9999 -9999 -9999
1987 12 20 19    80    80 -9999   290    57 -9999 -9999 -9999
1987 12 20 20    80    80 -9999   300    67 -9999 -9999 -9999
1987 12 21 03    70    60 -9999   280    57 -9999 -9999 -9999
1987 12 21 04    70    60 -9999   280    41 -9999 -9999 -9999
1987 12 21 05    70    60 -9999   280    46 -9999 -9999 -9999
1987 12 21 06    70    30 -9999   280    46 -9999 -9999 -9999
1987 12 21 07    50    40 -9999 -9999    10 -9999 -9999 -9999
1987 12 21 08    50    40 -9999   170    10 -9999 -9999 -9999
1987 12 21 09    50    40 -9999   120    15 -9999 -9999 -9999
1987 12 21 10    60    60 -9999    40    10 -9999 -9999 -9999
1987 12 21 11    50    50 -9999   140    21 -9999 -9999 -9999
1987 12 21 12    50    50 -9999   140    31 -9999 -9999 -9999
1987 12 21 13    60    60 -9999   150    31 -9999 -9999 -9999
1987 12 21 15    60    60 -9999   140    36 -9999 -9999 -9999
1987 12 21 16    60    60 -9999   120    41 -9999 -9999 -9999
1987 12 22 06    70    60 -9999   240    51 -9999 -9999 -9999
1987 12 22 07    80    50 -9999   250    77 -9999 -9999 -9999
1987 12 22 08    80    40 -9999   270    77 -9999 -9999 -9999
1987 12 22 13    70    20 -9999 -9999    57 -9999 -9999 -9999
1987 12 22 14    70    30 -9999 -9999    57 -9999 -9999 -9999
1987 12 22 15    70    20 -9999 -9999    72 -9999 -9999 -9999
1987 12 22 16    70    20 -9999   320    77 -9999 -9999 -9999
1987 12 22 17    70    20 -9999   320    67 -9999 -9999 -9999
1987 12 22 18    60    20 -9999   310    67 -9999 -9999 -9999
1987 12 23 06    40    30 -9999   190    10 -9999 -9999 -9999
1987 12 23 08    40    30 -9999   120    36 -9999 -9999 -9999
1987 12 23 09    50    50 -9999   130    26 -9999 -9999 -9999
1987 12 23 10    50    40 -9999   130    41 -9999 -9999 -9999
1987 12 23 11    50    40 -9999   150    36 -9999 -9999 -9999
1987 12 23 12    60    40 -9999   140    51 -9999 -9999 -9999
1987 12 23 13    60    40 -9999   140    77 -9999 -9999 -9999
1987 12 23 14    60    20 -9999   160    77 -9999 -9999 -9999
1987 12 23 15    60    40 -9999   160    57 -9999 -9999 -9999
1987 12 23 16    60    40 -9999   150    62 -9999 -9999 -9999
1987 12 27 16    60    40 -9999    30    15 -9999 -9999 -9999
1987 12 27 17    50    40 -9999   130    21 -9999 -9999 -9999
1987 12 27 18    60    50 -9999   130    21 -9999 -9999 -9999
1987 12 27 19    60    50 -9999   110    10 -9999 -9999 -9999
1987 12 27 20    60    50 -9999   100    15 -9999 -9999 -9999
1987 12 28 06    40    40 -9999    20    26 -9999 -9999 -9999
1987 12 28 07    40    40 -9999   340    15 -9999 -9999 -9999
1987 12 28 08    30    30 -9999     0     0 -9999 -9999 -9999
1987 12 28 09    20    20 -9999    50    21 -9999 -9999 -9999
1987 12 28 10    30    30 -9999    90    26 -9999 -9999 -9999
1987 12 28 11    30    30 -9999   140    26 -9999 -9999 -9999
1987 12 28 12    40    40 -9999   120    31 -9999 -9999 -9999
1987 12 28 13    50    40 -9999   120    36 -9999 -9999 -9999
1987 12 28 14    50    30 -9999   110    36 -9999 -9999 -9999
1987 12 28 15    50 -9999 -9999   110    51 -9999 -9999 -9999
1987 12 28 16    50    20 -9999   110    51 -9999 -9999 -9999
1987 12 29 06    80    80 -9999   190    62 -9999 -9999 -9999
1987 12 29 07    90    90 -9999   210    36 -9999 -9999 -9999
1987 12 29 08    90    80 -9999   230    62 -9999 -9999 -9999
1987 12 29 10    90    80 -9999   260    46 -9999 -9999 -9999
1987 12 29 13    80    60 -9999   200    15 -9999 -9999 -9999
1987 12 29 14    80    70 -9999   170    31 -9999 -9999 -9999
1987 12 29 15    80    70 -9999   190    31 -9999 -9999 -9999
1987 12 29 16    70    60 -9999   150    21 -9999 -9999 -9999
1987 12 29 17    70    60 -9999   150    31 -9999 -9999 -9999
1987 12 30 06    70    70 -9999   280    41 -9999 -9999 -9999
1987 12 30 07    70    50 -9999   290    46 -9999 -9999 -9999
1987 12 30 08    60    40 -9999   280    51 -9999 -9999 -9999
1987 12 30 09    60    40 -9999   300    31 -9999 -9999 -9999
1987 12 30 10    60    40 -9999   280    26 -9999 -9999 -9999
1987 12 30 11    70    50 -9999   280    31 -9999 -9999 -9999
1987 12 30 13    80    60 -9999 -9999    41 -9999 -9999 -9999
1987 12 30 14    70    50 -9999   280    46 -9999 -9999 -9999
1987 12 30 15    70    60 -9999   280    41 -9999 -9999 -9999
1987 12 30 16    70    60 -9999   270    36 -9999 -9999 -9999
1987 12 30 17    70    60 -9999   260    51 -9999 -9999 -9999
