1955 01 01 06   -11   -39 10255   270    67     6 -9999 -9999
1955 01 01 12     0   -28 10336   230    46     8 -9999 -9999
1955 01 01 18    11     0 10344   120    67     7 -9999 -9999
1955 01 02 06    22    22 10282   160    77     9 -9999 -9999
1955 01 02 12    28    22 10235   190    87     8 -9999 -9999
1955 01 02 18    22    11 10203   170   113     8 -9999 -9999
1955 01 03 12     0     0 10252   200    21     9 -9999 -9999
1955 01 04 00   -28   -28 10301   350   103     7 -9999 -9999
1955 01 04 06   -28   -50 10344   330    87     8 -9999 -9999
1955 01 04 12   -39   -78 10380   340    62     8 -9999 -9999
1955 01 05 00   -61   -78 10380   330    26     8 -9999 -9999
1955 01 05 06   -61   -78 10358   140    41     8 -9999 -9999
1955 01 05 12   -39   -72 10331   120    31     8 -9999 -9999
1955 01 05 18   -39   -61 10270   140    26     8 -9999 -9999
1955 01 06 00   -28   -39 10191   190    41     8 -9999 -9999
1955 01 06 06   -39   -50 10147   190    26     8 -9999 -9999
1955 01 06 12   -28   -39 10149   180    31     8 -9999 -9999
1955 01 06 18   -50  -100 10172    20    93     1 -9999 -9999
1955 01 07 00   -50  -100 10214    20    57     6 -9999 -9999
1955 01 07 12   -72  -122 10238    10    62     7 -9999 -9999
1955 01 07 18   -72  -122 10223    10    87     7 -9999 -9999
1955 01 08 00   -78  -128 10223    10    87     6 -9999 -9999
1955 01 08 06   -78  -128 10226    30    67     7 -9999 -9999
1955 01 08 12   -89  -128 10230   350    87     7 -9999 -9999
1955 01 09 00  -100  -139 10174   350   103     8 -9999 -9999
1955 01 09 12  -100  -139 10111    10    62     7 -9999 -9999
1955 01 09 18  -122  -150 10090    10    77     7 -9999 -9999
1955 01 10 00  -111  -150 10085    20    72     8 -9999 -9999
1955 01 10 06  -122  -139 10067   340   129     9 -9999 -9999
1955 01 10 12  -111  -139 10058    20   103     7 -9999 -9999
1955 01 10 18  -128  -172 10037   360   113     7 -9999 -9999
1955 01 11 00  -111  -139 10017   360   123     9 -9999 -9999
1955 01 11 06  -100  -122 10002   360   159     9 -9999 -9999
1955 01 11 12  -111  -150 10018   350   123     7 -9999 -9999
1955 01 11 18  -122  -139 10030    10   139     8 -9999 -9999
1955 01 12 00  -139  -178 10041   360   139     8 -9999 -9999
1955 01 12 06  -139  -178 10041    10   129     6 -9999 -9999
1955 01 12 12  -139  -172 10030    10   144     9 -9999 -9999
1955 01 12 18  -139  -172 10002   350   144     8 -9999 -9999
1955 01 13 06  -122  -150  9965   330   103     7 -9999 -9999
1955 01 13 12  -111  -139  9962    10   113     8 -9999 -9999
1955 01 13 18  -111  -139  9948   350   134     9 -9999 -9999
1955 01 14 00  -139  -172  9958   340   123     4 -9999 -9999
1955 01 14 06  -150  -178  9971   340   170     8 -9999 -9999
1955 01 14 12  -172  -189  9998    10   154     9 -9999 -9999
1955 01 14 18  -172  -200  9995   360   170     8 -9999 -9999
1955 01 15 00  -172  -189  9972   350   170     9 -9999 -9999
1955 01 15 06  -128  -139  9956   360   195     8 -9999 -9999
1955 01 15 12  -111  -122  9925   340   195     8 -9999 -9999
1955 01 15 18   -50   -50  9881    50   216     9 -9999 -9999
1955 01 16 00   -61   -61  9949    20   216     9 -9999 -9999
1955 01 16 06   -78   -78  9995   360   149     9 -9999 -9999
1955 01 16 12   -78   -89 10035    10   159     9 -9999 -9999
1955 01 17 00  -100  -122 10097    10    77     5 -9999 -9999
1955 01 17 12  -100  -122 10090   350    93     8 -9999 -9999
1955 01 17 18  -100  -139 10062   340    62     8 -9999 -9999
1955 01 18 00  -122  -150 10024    50    31     7 -9999 -9999
1955 01 18 06  -128  -128  9991    10   134     6 -9999 -9999
1955 01 18 12  -122  -128 10003    30   103     3 -9999 -9999
1955 01 18 18  -122  -139 10006    10   103     7 -9999 -9999
1955 01 19 00  -122  -150 10018   350    77     4 -9999 -9999
1955 01 19 06  -122  -161 10027   360    57     7 -9999 -9999
1955 01 19 12  -128  -150 10046    30    57     5 -9999 -9999
1955 01 19 18  -128  -172 10059    90    36     4 -9999 -9999
1955 01 20 00  -111  -161 10061    80    62     2 -9999 -9999
1955 01 20 06  -100  -139 10026    80   108     4 -9999 -9999
1955 01 20 12   -72   -78  9963   100   195     9 -9999 -9999
1955 01 21 00    22   -11  9819   180   149     8 -9999 -9999
1955 01 21 06   -11   -72  9805   170   103     4 -9999 -9999
1955 01 21 12   -61  -111  9828   210   195     7 -9999 -9999
1955 01 21 18   -50  -111  9879   210   134     8 -9999 -9999
1955 01 22 00   -39  -111  9858   140    77     3 -9999 -9999
1955 01 22 06   -11   -22  9774    70   139     8 -9999 -9999
1955 01 22 12   -22   -72  9794   120    41     2 -9999 -9999
1955 01 22 18   -28   -39  9826    30    72     5 -9999 -9999
1955 01 23 00   -50   -61  9906    20   154     2 -9999 -9999
1955 01 23 06   -78   -89 10009    10   129     2 -9999 -9999
1955 01 23 12   -89  -128 10052    40    87     6 -9999 -9999
1955 01 23 18   -89  -128 10031    20    82     7 -9999 -9999
1955 01 24 00  -100  -128 10011    20    82     8 -9999 -9999
1955 01 24 06  -100  -128  9993    40   103     5 -9999 -9999
1955 01 24 12  -100  -128 10001    30   123     7 -9999 -9999
1955 01 24 18  -111  -150 10011    30   149     7 -9999 -9999
1955 01 25 00  -111  -150 10057    20    93     5 -9999 -9999
1955 01 25 06  -111  -161 10088    20   113     3 -9999 -9999
1955 01 25 12  -100  -139 10086   360    67     5 -9999 -9999
1955 01 25 18   -89  -128 10007   220    57     7 -9999 -9999
1955 01 26 00   -61  -122  9977   240    62     3 -9999 -9999
1955 01 26 06   -28   -78  9934    40    41     3 -9999 -9999
1955 01 26 12   -28   -61  9925    70   195     9 -9999 -9999
1955 01 26 18   -22   -28  9903    60   237     9 -9999 -9999
1955 01 27 00    11   -61  9922    90   216     9 -9999 -9999
1955 01 27 06   -11   -61  9965    40    57     8 -9999 -9999
1955 01 27 12     0   -28  9978    90   216     9 -9999 -9999
1955 01 27 18   -11   -61 10024    70   185     8 -9999 -9999
1955 01 28 00   -11   -72 10062    80    62     8 -9999 -9999
1955 01 28 06   -39   -78 10079   170    10     1 -9999 -9999
1955 01 28 12   -50   -78 10103   190    10     2 -9999 -9999
1955 01 29 00   -39   -50 10127     0     0     7 -9999 -9999
1955 01 29 06   -22   -78 10130    90    31     4 -9999 -9999
1955 01 29 12   -22   -78 10148   140    31     6 -9999 -9999
1955 01 29 18   -28   -50 10149   150     5     5 -9999 -9999
1955 01 30 06   -39   -50 10116    10    57     8 -9999 -9999
1955 01 30 12   -78   -89 10113    10   113     7 -9999 -9999
1955 01 30 18   -89  -100 10107    10    93     7 -9999 -9999
1955 01 31 00  -100  -122 10123    10    93     5 -9999 -9999
1955 01 31 06   -89  -128 10109   350    31     3 -9999 -9999
1955 01 31 12   -78  -128 10123    20    93     5 -9999 -9999
1955 01 31 18  -111  -139 10135   360    93     7 -9999 -9999
1955 02 01 00  -111  -150 10131    30    46     6 -9999 -9999
1955 02 01 06   -89  -100 10119    10   123     2 -9999 -9999
1955 02 01 12   -78   -89 10121    20   118     5 -9999 -9999
1955 02 01 18   -61   -72 10112    20   103     8 -9999 -9999
1955 02 02 00   -28   -61 10118    40    77     2 -9999 -9999
1955 02 02 06   -22   -61 10134    30    31     3 -9999 -9999
1955 02 02 12   -61  -111 10156    30    57     3 -9999 -9999
1955 02 02 18   -61   -78 10154    20   108     3 -9999 -9999
1955 02 03 00   -78   -89 10152    10    93     6 -9999 -9999
1955 02 03 06  -111  -122 10123   360   118     3 -9999 -9999
1955 02 03 12  -111  -122 10105    20   118     2 -9999 -9999
1955 02 03 18  -100  -111 10080    10   103     5 -9999 -9999
1955 02 04 00   -78   -89 10053    20   123     4 -9999 -9999
1955 02 04 06   -78   -89 10006    20   123     5 -9999 -9999
1955 02 04 12   -39   -50  9968    40    77     7 -9999 -9999
1955 02 04 18   -28   -39  9935    70   134     7 -9999 -9999
1955 02 05 00   -39   -89  9946    20    93     5 -9999 -9999
1955 02 05 06   -61   -72  9946   360   170     6 -9999 -9999
1955 02 05 12   -61   -72  9979    10   159     8 -9999 -9999
1955 02 05 18   -61   -72  9977    10   170     9 -9999 -9999
1955 02 06 00   -61   -72  9990    10   129     8 -9999 -9999
1955 02 06 06   -61   -61 10007   360   149     9 -9999 -9999
1955 02 06 12   -61   -72 10024   360   149     9 -9999 -9999
1955 02 06 18   -72   -72 10034   360   149     9 -9999 -9999
1955 02 07 00   -72   -78 10047   360   123     8 -9999 -9999
1955 02 07 06   -78   -89 10051    10   113     9 -9999 -9999
1955 02 07 12  -100  -122 10077    10   144     4 -9999 -9999
1955 02 07 18  -122  -150 10087    20   154     3 -9999 -9999
1955 02 08 00  -122  -139 10108   360   134     4 -9999 -9999
1955 02 08 06  -122  -122 10121   360   123     2 -9999 -9999
1955 02 08 12  -122  -150 10158    30    82     2 -9999 -9999
1955 02 08 18  -128  -161 10189    30    62     1 -9999 -9999
1955 02 09 00  -122  -150 10209   350    57     4 -9999 -9999
1955 02 09 06  -122  -150 10208    20    57     0 -9999 -9999
1955 02 09 12  -100  -128 10202   360    93     5 -9999 -9999
1955 02 09 18  -122  -161 10219   350    82     1 -9999 -9999
1955 02 10 00  -111  -150 10231   350    98     0 -9999 -9999
1955 02 10 06  -100  -150 10218   350    77     0 -9999 -9999
1955 02 10 12  -100  -139 10211   350    72     0 -9999 -9999
1955 02 10 18   -89  -128 10206   350    67     3 -9999 -9999
1955 02 11 00  -100  -122 10236   360    15     0 -9999 -9999
1955 02 11 12   -78   -89 10297    30    41     6 -9999 -9999
1955 02 11 18   -89  -111 10310    10    57     5 -9999 -9999
1955 02 12 00   -89  -111 10313    10    36     8 -9999 -9999
1955 02 12 06  -100  -128 10293   340    26     8 -9999 -9999
1955 02 12 12   -89  -111 10303     0     0     8 -9999 -9999
1955 02 12 18   -89  -122 10291   350    41     8 -9999 -9999
1955 02 13 00  -100  -122 10283    40    15     2 -9999 -9999
1955 02 13 12   -39   -61 10104   150   123     8 -9999 -9999
1955 02 13 18   -22   -28 10090   360    51     8 -9999 -9999
1955 02 14 00   -61   -72 10235    10   134     8 -9999 -9999
1955 02 14 06   -89  -100 10288   360   103     8 -9999 -9999
1955 02 14 12  -100  -111 10262   340    21     8 -9999 -9999
1955 02 14 18   -50   -61 10168   230    21     8 -9999 -9999
1955 02 15 00   -61   -72 10117   350    67     8 -9999 -9999
1955 02 15 06   -89  -111 10122   350   103     2 -9999 -9999
1955 02 15 12   -72  -122 10141    10   123     4 -9999 -9999
1955 02 16 00  -111  -139 10220    10   159     8 -9999 -9999
1955 02 16 06  -128  -172 10238   360   170     8 -9999 -9999
1955 02 16 12  -122  -139 10259   350   123     8 -9999 -9999
1955 02 16 18  -111  -139 10240   350   159     7 -9999 -9999
1955 02 17 00  -122  -161 10225   350   159     8 -9999 -9999
1955 02 17 06  -100  -122 10170   350   139     8 -9999 -9999
1955 02 17 12   -50   -72 10151   360   165     7 -9999 -9999
1955 02 17 18   -50  -100 10188    10   154     3 -9999 -9999
1955 02 18 00   -50   -78 10183   360   118     3 -9999 -9999
1955 02 18 06   -50   -72 10174    10    67     4 -9999 -9999
1955 02 18 12   -72  -122 10180    10    36     3 -9999 -9999
1955 02 18 18   -72  -111 10174    70    36     5 -9999 -9999
1955 02 19 00   -61   -89 10163   300    10     1 -9999 -9999
1955 02 19 06   -50   -78 10147    20    31     8 -9999 -9999
1955 02 19 12   -28   -39 10135     0     0     8 -9999 -9999
1955 02 19 18   -61   -89 10131   320    31     6 -9999 -9999
1955 02 20 00   -72   -89 10134   340    26     8 -9999 -9999
1955 02 20 06   -61   -72 10143   340    36     8 -9999 -9999
1955 02 20 12   -72   -78 10167   340    87     8 -9999 -9999
1955 02 20 18  -111  -139 10175   360    93     7 -9999 -9999
1955 02 21 00  -122  -161 10185   360    72     4 -9999 -9999
1955 02 21 06  -128  -172 10177    10    51     3 -9999 -9999
1955 02 21 12  -139  -178 10173    40    36     1 -9999 -9999
1955 02 21 18  -100  -150 10149   150    67     7 -9999 -9999
1955 02 22 00   -50   -89 10110   160    77     8 -9999 -9999
1955 02 22 06   -22   -39 10054   160    46     8 -9999 -9999
1955 02 22 18   -11   -22 10081   160    41     7 -9999 -9999
1955 02 23 00     0   -22 10080   170    67     7 -9999 -9999
1955 02 23 06   -50   -61 10071    90    26     8 -9999 -9999
1955 02 23 12   -39   -50 10023    10    57     8 -9999 -9999
1955 02 23 18   -61   -72 10010   360   123     9 -9999 -9999
1955 02 24 00   -89  -100 10059   360   103     4 -9999 -9999
1955 02 24 06  -128  -150 10086   360   103     2 -9999 -9999
1955 02 24 12  -139  -172 10119   360    41     2 -9999 -9999
1955 02 24 18  -172  -200 10148    20    57     2 -9999 -9999
1955 02 25 06  -150  -178 10198    30    51     6 -9999 -9999
1955 02 27 00   -11   -39 10094    90   154     8 -9999 -9999
1955 02 27 06   -22   -61 10107   280    26     4 -9999 -9999
1955 02 27 12   -28   -61 10120     0     0     6 -9999 -9999
1955 02 27 18    11   -28 10098   100    98     7 -9999 -9999
1955 02 28 00     0   -28 10079    90   139     7 -9999 -9999
1955 02 28 06    11   -22 10030   100   139     7 -9999 -9999
1955 02 28 12    22     0  9948   100   185     8 -9999 -9999
1955 02 28 18    22    11  9831   100   195     8 -9999 -9999
1955 03 01 06    28    22  9779   170   123     8 -9999 -9999
1955 03 01 18     0   -11  9837   180    57     8 -9999 -9999
1955 03 02 00   -22   -39  9893   190    57     6 -9999 -9999
1955 03 02 06   -11   -22  9893   120    77     5 -9999 -9999
1955 03 02 12   -11   -22  9940     0     0     7 -9999 -9999
1955 03 02 18   -28   -50  9976   170    57     7 -9999 -9999
1955 03 03 00     0   -28  9906    90   113     8 -9999 -9999
1955 03 03 06   -11   -39  9821    20    31     6 -9999 -9999
1955 03 03 12   -11   -22  9874   360   139     9 -9999 -9999
1955 03 03 18   -22   -28  9961   330    87     8 -9999 -9999
1955 03 04 00   -28   -39 10023   330   103     8 -9999 -9999
1955 03 04 06   -39   -50 10101   340    98     8 -9999 -9999
1955 03 04 12   -50   -72 10170   350   113     8 -9999 -9999
1955 03 04 18   -50   -78 10224   350    67     0 -9999 -9999
1955 03 05 00   -50   -89 10241   350    31     0 -9999 -9999
1955 03 05 06   -28   -72 10217   120    36     1 -9999 -9999
1955 03 05 12     0   -22 10154   140    93     9 -9999 -9999
1955 03 05 18   -11   -22 10141   330    57     8 -9999 -9999
1955 03 06 00   -22   -39 10166   300    51     1 -9999 -9999
1955 03 06 06   -28   -72 10192   340    77     1 -9999 -9999
1955 03 06 12   -39   -72 10241   360    10     0 -9999 -9999
1955 03 06 18   -22   -78 10255   120    57     0 -9999 -9999
1955 03 07 00   -39   -61 10247   180    51     4 -9999 -9999
1955 03 07 06     0   -11 10229     0     0     8 -9999 -9999
1955 03 07 12    22   -11 10205   220    36     6 -9999 -9999
1955 03 07 18    22   -22 10184   170    36     1 -9999 -9999
1955 03 08 00   -11   -50 10170   160    41     2 -9999 -9999
1955 03 08 06   -22   -72 10165   260    57     0 -9999 -9999
1955 03 08 12   -22   -72 10153   250   103     7 -9999 -9999
1955 03 09 06  -111  -172 10173   350    62     4 -9999 -9999
1955 03 09 12  -111  -200 10188    10    31     2 -9999 -9999
1955 03 09 18   -72  -122 10145   160    87     7 -9999 -9999
1955 03 10 00   -28   -50 10041   120   144     9 -9999 -9999
1955 03 10 06   -11   -89  9998   180    98     2 -9999 -9999
1955 03 10 12     0   -28  9986   180   123     5 -9999 -9999
1955 03 10 18     0   -39  9943   160    57     6 -9999 -9999
1955 03 11 00   -22   -50  9896     0     0     8 -9999 -9999
1955 03 11 06   -61   -72  9919   360    77     8 -9999 -9999
1955 03 11 12  -100  -128 -9999   160    77     8 -9999 -9999
1955 03 11 18  -100  -128 10058    10    41     3 -9999 -9999
1955 03 12 00   -61   -72 10073   180    57     6 -9999 -9999
1955 03 12 06   -28   -78 10045   260    77     7 -9999 -9999
1955 03 12 12   -50  -100 10045   270    57     5 -9999 -9999
1955 03 12 18   -72  -128 10022   220    57     3 -9999 -9999
1955 03 13 00   -61  -161 10025   330    67     0 -9999 -9999
1955 03 13 06   -61  -161 10054   270    62     3 -9999 -9999
1955 03 13 12   -78  -128 10074   350    57     0 -9999 -9999
1955 03 13 18   -89  -150 10103   360   113     2 -9999 -9999
1955 03 14 00  -100  -150 10117   360    51     0 -9999 -9999
1955 03 14 06   -89  -161 10060   170    46     8 -9999 -9999
1955 03 14 12   -50   -89  9933    90   149     9 -9999 -9999
1955 03 14 18   -61  -100  9921   350    21     8 -9999 -9999
1955 03 15 00   -89  -100  9914   360   134     9 -9999 -9999
1955 03 15 06  -122  -139 10007    10   103     8 -9999 -9999
1955 03 15 12  -100  -122 10042   360   123     9 -9999 -9999
1955 03 15 18   -89  -111 10067   360   123     8 -9999 -9999
1955 03 16 00   -89  -100 10096   350   118     9 -9999 -9999
1955 03 16 06   -72   -78 10139   340    77     8 -9999 -9999
1955 03 16 12   -50   -61 10182    10   103     9 -9999 -9999
1955 03 16 18   -61   -61 10230   360   103     8 -9999 -9999
1955 03 17 00   -50   -50 10240   350    62     8 -9999 -9999
1955 03 17 06   -72   -78 10228   350    57     8 -9999 -9999
1955 03 17 12   -72   -78 10219   350    57     8 -9999 -9999
1955 03 17 18   -72   -78 10209   350    31     8 -9999 -9999
1955 03 18 00   -61   -72 10229   360    36     8 -9999 -9999
1955 03 18 06   -50   -61 10244   270    26     8 -9999 -9999
1955 03 18 12   -50   -78 10270   350    31     7 -9999 -9999
1955 03 18 18 -9999 -9999 10268    90    31     4 -9999 -9999
1955 03 19 00   -72  -100 10257   100    21     4 -9999 -9999
1955 03 19 06   -78  -122 10229   100    26     4 -9999 -9999
1955 03 19 12   -78  -100 10214   360    77     7 -9999 -9999
1955 03 19 18  -100  -111 10209    10   103     9 -9999 -9999
1955 03 20 00  -100  -111 10212   100   123     9 -9999 -9999
1955 03 20 06  -111  -128 10210    10   103     9 -9999 -9999
1955 03 20 12   -50   -89 10179     0     0     6 -9999 -9999
1955 03 20 18   -78  -100 10207    10   149     7 -9999 -9999
1955 03 21 00   -89  -111 10244    20   118     6 -9999 -9999
1955 03 21 06  -111  -150 10241   360   103     8 -9999 -9999
1955 03 21 12  -100  -122 10234   360   123     9 -9999 -9999
1955 03 21 18   -89  -100 10190   360   129     9 -9999 -9999
1955 03 22 06   -61   -72 10167   360   123     9 -9999 -9999
1955 03 22 12   -78   -89 10199   360   123     9 -9999 -9999
1955 03 22 18   -78   -89 10193   350   123     9 -9999 -9999
1955 03 23 00   -78   -89 10183   350    82     8 -9999 -9999
1955 03 23 06   -78   -89 10173   350    82     8 -9999 -9999
1955 03 23 12   -89  -100 10180   340    72     8 -9999 -9999
1955 03 24 00   -89  -100 10164   330    72     8 -9999 -9999
1955 03 24 06   -89  -100 10168   350    57     8 -9999 -9999
1955 03 24 12   -61   -72 10182     0     0     8 -9999 -9999
1955 03 24 18   -50   -61 10197   340    57     7 -9999 -9999
1955 03 25 00   -39   -50 10222   200     5     1 -9999 -9999
1955 03 25 06   -50   -61 10235     0     0     0 -9999 -9999
1955 03 25 12   -39   -72 10267   360    57     2 -9999 -9999
1955 03 26 00   -78  -100 10273   350    72     1 -9999 -9999
1955 03 26 06   -72   -89 10250   360    57     3 -9999 -9999
1955 03 26 12   -78  -100 10242   340    57     8 -9999 -9999
1955 03 26 18   -89  -111 10226   360    10     6 -9999 -9999
1955 03 27 00  -122  -139 10219    10    21     7 -9999 -9999
1955 03 27 06  -122  -139 10212    20     5     7 -9999 -9999
1955 03 27 12  -111  -128 10217   360    31     5 -9999 -9999
1955 03 28 00  -111  -122 10234   320    41     8 -9999 -9999
1955 03 28 06  -139  -150 10223     0     0     9 -9999 -9999
1955 03 28 12  -128  -161 10186   180    62     2 -9999 -9999
1955 03 28 18   -50   -72 10133   270    41     4 -9999 -9999
1955 03 29 00  -100  -122 10131   360    15     8 -9999 -9999
1955 03 29 06  -111  -150 10145   360    77     1 -9999 -9999
1955 03 29 12  -139  -189 10183   360   103     0 -9999 -9999
1955 03 29 18  -139  -178 10201   360   103     8 -9999 -9999
1955 03 30 00  -139  -178 10209   350    93     4 -9999 -9999
1955 03 30 06  -139  -178 10213   340    62     1 -9999 -9999
1955 03 30 12  -128  -161 10211   350    77     7 -9999 -9999
1955 03 30 18  -122  -150 10209   350    57     6 -9999 -9999
1955 03 31 00  -122  -161 10212   350    62     7 -9999 -9999
1955 03 31 06  -122  -150 10201   350    41     7 -9999 -9999
1955 03 31 12  -128  -161 10196    10    26     0 -9999 -9999
1955 03 31 18  -111  -139 10186     0     0     0 -9999 -9999
1955 04 01 00  -161  -200 10178    20    21     0 -9999 -9999
1955 04 01 06  -139  -172 10166     0     0     5 -9999 -9999
1955 04 01 12  -100  -128 10160   340    57     7 -9999 -9999
1955 04 01 18  -100  -139 10155    20    57     7 -9999 -9999
1955 04 02 00  -128  -172 10159    60     5     1 -9999 -9999
1955 04 02 06  -128  -150 10130     0     0     7 -9999 -9999
1955 04 02 12  -100  -128 10128     0     0     7 -9999 -9999
1955 04 02 18   -78  -122 10103   180    57     7 -9999 -9999
1955 04 03 00   -50   -78 10089   120    98     8 -9999 -9999
1955 04 03 06   -39   -78 10080   110    98     7 -9999 -9999
1955 04 03 12   -28   -78 10081   100    77     6 -9999 -9999
1955 04 03 18   -11   -39 10070   100   123     8 -9999 -9999
1955 04 04 00    11     0 10083   110    82     8 -9999 -9999
1955 04 04 06    22     0 10097   100    93     6 -9999 -9999
1955 04 04 12    22   -22 10119   100   123     4 -9999 -9999
1955 04 04 18    11   -39 10129   100    98     1 -9999 -9999
1955 04 05 00    11   -39 10130   100    98     5 -9999 -9999
1955 04 05 06    22   -28 10125   100   103     4 -9999 -9999
1955 04 05 12    22   -39 10127   110   139     3 -9999 -9999
1955 04 05 18    22   -28 10111   110   134     5 -9999 -9999
1955 04 06 00    22    11 10093   100   175     7 -9999 -9999
1955 04 06 06    28    22 10078   100   149     8 -9999 -9999
1955 04 06 12    28    11 10071   100   170     8 -9999 -9999
1955 04 06 18    22    11 10061   100   170     8 -9999 -9999
1955 04 07 06    22    11 10087   100   149     8 -9999 -9999
1955 04 07 12    11     0 10100    90   123     8 -9999 -9999
1955 04 07 18    11     0 10106    90   113     8 -9999 -9999
1955 04 08 00    11     0 10125   100    87     8 -9999 -9999
1955 04 08 12    22   -11 10153   100    62     8 -9999 -9999
1955 04 08 18    22   -22 10149   100    57     8 -9999 -9999
1955 04 09 06    11   -39 10088   100   118     2 -9999 -9999
1955 04 09 12    28   -22 10020    90   180     5 -9999 -9999
1955 04 09 18    28    11  9999    90   123     8 -9999 -9999
1955 04 10 06    22    11  9983   100    87     8 -9999 -9999
1955 04 10 12    28    22  9965   100   103     8 -9999 -9999
1955 04 10 18    28    22  9948    90    77     8 -9999 -9999
1955 04 11 00    39     0  9921    90   103     8 -9999 -9999
1955 04 11 06    11     0  9937    40    21     7 -9999 -9999
1955 04 11 12    22    11  9962     0     0     8 -9999 -9999
1955 04 11 18   -11   -22  9983     0     0     9 -9999 -9999
1955 04 12 06   -22   -28  9938     0     0     9 -9999 -9999
1955 04 12 12   -11   -22  9975     0     0     9 -9999 -9999
1955 04 12 18   -11   -22  9896    20   123     6 -9999 -9999
1955 04 13 00   -28   -39  9974   360    98     8 -9999 -9999
1955 04 13 06   -50   -61 10054    20    93     8 -9999 -9999
1955 04 13 12   -61   -89 10118    20   103     8 -9999 -9999
1955 04 13 18   -72  -111 10181   360    98     8 -9999 -9999
1955 04 14 00   -72  -100 10214   340    41     8 -9999 -9999
1955 04 14 06   -61  -100 10186   100    72     8 -9999 -9999
1955 04 14 12   -22   -39 10093   100   154     9 -9999 -9999
1955 04 14 18    22    11 10051   170    72     8 -9999 -9999
1955 04 15 00     0   -11 10011   180    41     8 -9999 -9999
1955 04 15 06   -61   -72 10049   350   149     9 -9999 -9999
1955 04 15 12  -100  -139 10193   350   149     8 -9999 -9999
1955 04 15 18  -111  -150 10282   350   134     7 -9999 -9999
1955 04 16 00  -111  -150 10348   340   103     7 -9999 -9999
1955 04 16 06  -122  -161 10391   340    67     5 -9999 -9999
1955 04 16 12  -100  -150 10418   350    31     4 -9999 -9999
1955 04 16 18   -78  -122 10389   130    57     7 -9999 -9999
1955 04 17 06    11     0 10246   140    93     8 -9999 -9999
1955 04 17 12    22    11 10195   160    82     7 -9999 -9999
1955 04 17 18    28    11 10165   190    72     6 -9999 -9999
1955 04 18 00    22    11 10136   190    51     8 -9999 -9999
1955 04 18 06    22   -28 10134   200    51     6 -9999 -9999
1955 04 18 12    28   -39 10087   200   154     5 -9999 -9999
1955 04 18 18     0   -28 10058   240   118     8 -9999 -9999
1955 04 19 00   -22   -28 10069   340    46     8 -9999 -9999
1955 04 19 06   -28   -39 10065    20    51     8 -9999 -9999
1955 04 19 12   -61   -72 10096    40   134     8 -9999 -9999
1955 04 19 18   -61   -78 10153   360   129     7 -9999 -9999
1955 04 20 00   -72  -122 10213   350   113     7 -9999 -9999
1955 04 20 06   -89  -139 10227   350    57     1 -9999 -9999
1955 04 20 12   -61  -111 10206   350    98     3 -9999 -9999
1955 04 20 18   -61  -139 10199   350   113     5 -9999 -9999
1955 04 21 00   -78  -128 10202   340    87     8 -9999 -9999
1955 04 21 06   -61  -139 10184   350    93     2 -9999 -9999
1955 04 21 12   -61  -128 10176   350    57     2 -9999 -9999
1955 04 21 18   -50  -122 10167   360    57     4 -9999 -9999
1955 04 22 06   -78  -128 10171    40    57     1 -9999 -9999
1955 04 22 12   -50  -100 10200   360    62     6 -9999 -9999
1955 04 22 18   -50  -100 10230    40   134     6 -9999 -9999
1955 04 23 00   -78   -89 10271    30   129     6 -9999 -9999
1955 04 23 06   -89  -128 10294    10   118     6 -9999 -9999
1955 04 23 12  -100  -139 10304   350   123     8 -9999 -9999
1955 04 23 18   -89  -139 10291   350    57     7 -9999 -9999
1955 04 24 00   -89  -139 10284   350   103     8 -9999 -9999
1955 04 24 06   -78  -122 10283   340    93     8 -9999 -9999
1955 04 24 12   -72  -100 10283   340    82     7 -9999 -9999
1955 04 24 18   -72  -111 10282    20    77     7 -9999 -9999
1955 04 25 12   -72  -111 10265    10    51     7 -9999 -9999
1955 04 25 18   -61  -111 10254    10    46     5 -9999 -9999
1955 04 26 00   -72  -128 10247   250    26     7 -9999 -9999
1955 04 26 06   -72  -111 10232    90    41     7 -9999 -9999
1955 04 26 12   -50  -100 10231    90    72     5 -9999 -9999
1955 04 26 18   -28   -78 10216    90    57     1 -9999 -9999
1955 04 27 00   -28   -78 10224   100    57     4 -9999 -9999
1955 04 27 06   -28   -78 10220    90    57     7 -9999 -9999
1955 04 27 12     0   -61 10229    90    72     5 -9999 -9999
1955 04 27 18     0   -61 10225   100    57     3 -9999 -9999
1955 04 28 00   -22   -72 10228   100    57     3 -9999 -9999
1955 04 28 06   -22   -61 10210   150     5     3 -9999 -9999
1955 04 28 12   -11   -50 10193   350    72     5 -9999 -9999
1955 04 28 18   -11   -50 10181   110    57     1 -9999 -9999
1955 04 29 00   -22 -9999 10175   170    41     2 -9999 -9999
1955 04 29 12    11   -11 10167   210    31     7 -9999 -9999
1955 04 29 18     0   -22 10177   250    36     1 -9999 -9999
1955 04 30 00   -11   -28 10192   350    31     7 -9999 -9999
1955 04 30 06   -11   -22 10190   340    26     7 -9999 -9999
1955 04 30 12    28     0 10195   100    62     7 -9999 -9999
1955 04 30 18    28     0 10194   100    77     7 -9999 -9999
1955 05 01 00    28     0 10193    90    77     8 -9999 -9999
1955 05 01 06    28   -22 10191    80    57     8 -9999 -9999
1955 05 01 12    28   -22 10194    80    77     8 -9999 -9999
1955 05 01 18    22   -11 10192   100    77     7 -9999 -9999
1955 05 02 00    22   -28 10195   140    46     7 -9999 -9999
1955 05 02 06     0   -61 10181    20    77     1 -9999 -9999
1955 05 02 12   -11   -39 10186   270    41     7 -9999 -9999
1955 05 02 18   -11   -39 10173   360    41     7 -9999 -9999
1955 05 03 00   -11   -39 10167   360    21     7 -9999 -9999
1955 05 03 06   -11   -39 10151   190    21     7 -9999 -9999
1955 05 03 12    11   -28 10142   190    36     7 -9999 -9999
1955 05 03 18     0   -39 10125   270    21     6 -9999 -9999
1955 05 04 00   -11   -39 10115   300    10     6 -9999 -9999
1955 05 04 18   -22   -61 10081   100    26     8 -9999 -9999
1955 05 05 00   -39   -72 10079   250    26     8 -9999 -9999
1955 05 05 06   -39   -72 10078    20    67     7 -9999 -9999
1955 05 05 12   -39   -78 10091    10    67     7 -9999 -9999
1955 05 05 18   -39   -78 10102    10    51     7 -9999 -9999
1955 05 06 00   -50   -89 10114   190    41     8 -9999 -9999
1955 05 06 06   -50   -89 10125   280    21     8 -9999 -9999
1955 05 06 12   -39   -78 10136   140    26     8 -9999 -9999
1955 05 06 18   -28   -72 10140   100    36     6 -9999 -9999
1955 05 07 00   -22   -61 10129   120    77     8 -9999 -9999
1955 05 07 06   -22   -28 10115   240    46     8 -9999 -9999
1955 05 07 12   -22   -39 10122   240    51     6 -9999 -9999
1955 05 07 18   -22   -39 10116   320    67     8 -9999 -9999
1955 05 08 00   -39   -72 10119    10   118     8 -9999 -9999
1955 05 08 06   -78  -122 10134   350   113     7 -9999 -9999
1955 05 08 12  -100  -150 10144   350   123     6 -9999 -9999
1955 05 08 18  -111  -150 10125   350   103     8 -9999 -9999
1955 05 09 00  -111  -139 10084   340   118     8 -9999 -9999
1955 05 09 06  -111  -139 10014    20    41     7 -9999 -9999
1955 05 09 12   -78  -128 10025   360    57     7 -9999 -9999
1955 05 09 18   -28   -39  9976   360   149     8 -9999 -9999
1955 05 10 00   -11   -22 10007    20    93     8 -9999 -9999
1955 05 10 06   -11   -22 10034    10    98     8 -9999 -9999
1955 05 10 12   -22   -28 10037   360   108     8 -9999 -9999
1955 05 10 18   -11   -22 10017   360   149     8 -9999 -9999
1955 05 11 00   -11   -22 10015   360   149     8 -9999 -9999
1955 05 11 06   -22   -28 10007   360   154     8 -9999 -9999
1955 05 11 12   -22   -28  9966   350   175     9 -9999 -9999
1955 05 11 18   -11   -22  9980    10    51     6 -9999 -9999
1955 05 12 00   -11   -22 10007    10   123     8 -9999 -9999
1955 05 12 06   -11   -22 10054    40   195     8 -9999 -9999
1955 05 12 18   -22   -50 10143    40   139     7 -9999 -9999
1955 05 13 00   -28   -78 10175   120    41     7 -9999 -9999
1955 05 13 06   -22   -78 10194   340    41     5 -9999 -9999
1955 05 13 12   -22   -61 10211   360    72     7 -9999 -9999
1955 05 13 18   -28   -61 10209    20    77     7 -9999 -9999
1955 05 14 00   -28   -61 10199    10    62     8 -9999 -9999
1955 05 14 06   -28   -61 10190    10    82     6 -9999 -9999
1955 05 14 12   -28   -61 10199    10    82     7 -9999 -9999
1955 05 14 18   -22   -72 10204    60   103     5 -9999 -9999
1955 05 15 00 -9999 -9999 10220    20   103     5 -9999 -9999
1955 05 15 06   -39   -61 10201    10   103     5 -9999 -9999
1955 05 15 12   -22   -39 10192   360   144     5 -9999 -9999
1955 05 15 18   -22   -61 10193   360   108     5 -9999 -9999
1955 05 16 00   -28   -78 10194    20    77     7 -9999 -9999
1955 05 16 06   -28   -72 10184   360    87     7 -9999 -9999
1955 05 16 12   -22   -61 10191   350    72     7 -9999 -9999
1955 05 16 18   -28   -61 10195   350    77     8 -9999 -9999
1955 05 17 00   -39   -78 10200    10    36     7 -9999 -9999
1955 05 17 06   -50   -89 10195    60    41     7 -9999 -9999
1955 05 17 18   -28   -78 10216   350    41     1 -9999 -9999
1955 05 18 00   -28   -72 10222   360    36     3 -9999 -9999
1955 05 18 06   -28   -72 10225    10    57     7 -9999 -9999
1955 05 18 12   -39   -72 10240   350    82     8 -9999 -9999
1955 05 18 18   -39   -78 10245 -9999 -9999     8 -9999 -9999
1955 05 19 00   -39   -78 10251   350    77     8 -9999 -9999
1955 05 19 06   -39   -78 10244   360    98     8 -9999 -9999
1955 05 19 18   -39   -50 10227   350    93     8 -9999 -9999
1955 05 20 00   -39   -61 10216    20    87     6 -9999 -9999
1955 05 20 06   -61   -89 10224    20   123     6 -9999 -9999
1955 05 20 12   -72  -111 10219   350   103     8 -9999 -9999
1955 05 20 18   -78  -122 10210   360   123     8 -9999 -9999
1955 05 21 00   -72  -111 10206   340   113     8 -9999 -9999
1955 05 21 06   -72  -111 10184   350   123     8 -9999 -9999
1955 05 21 12   -50   -78 10168   350    72     8 -9999 -9999
1955 05 21 18   -50   -78 10162   350    77     6 -9999 -9999
1955 05 22 00   -61   -89 10157   360    82     8 -9999 -9999
1955 05 22 06   -72  -100 10158   350    82     8 -9999 -9999
1955 05 22 12   -50   -89 10171   340    77     7 -9999 -9999
1955 05 22 18   -50  -100 10183   330    51     5 -9999 -9999
1955 05 23 00   -61  -111 10180    40    26     7 -9999 -9999
1955 05 23 06   -50   -89 10149   110    67     8 -9999 -9999
1955 05 23 12   -11   -39 10111   100   118     8 -9999 -9999
1955 05 23 18    11   -28 10097    40    31     7 -9999 -9999
1955 05 24 00     0   -22 10122   350    26     6 -9999 -9999
1955 05 24 06   -11   -22 10157    10    62     8 -9999 -9999
1955 05 24 12     0   -11 10184    20    21     7 -9999 -9999
1955 05 24 18    11   -11 10186   160    57     6 -9999 -9999
1955 05 25 00     0   -11 10170   160    77     8 -9999 -9999
1955 05 25 06     0   -11 10153   160    77     9 -9999 -9999
1955 05 25 12    11     0 10147   200    72     9 -9999 -9999
1955 05 25 18    11     0 10139   180    62     2 -9999 -9999
1955 05 26 00    39    28 10140   180    21     0 -9999 -9999
1955 05 26 06    50    11 10136   120    21     0 -9999 -9999
1955 05 26 12    78    39 10152   280    26     1 -9999 -9999
1955 05 26 18    72    28 10159   280    26     0 -9999 -9999
1955 05 27 00    22     0 10181   270    21     0 -9999 -9999
1955 05 27 06   -11   -22 10177   270    26     9 -9999 -9999
1955 05 27 12   -11   -22 10207   300    26     9 -9999 -9999
1955 05 27 18     0   -11 10222   200    26     9 -9999 -9999
1955 05 28 00   -22   -28 10215   170    57     0 -9999 -9999
1955 05 28 06     0   -22 10203   160    51     0 -9999 -9999
1955 05 28 12     0   -11 10198   180    98     9 -9999 -9999
1955 05 28 18    28    22 10187   160   108     0 -9999 -9999
1955 05 29 00    11     0 10172   170    77     0 -9999 -9999
1955 05 29 06     0   -11 10156   170    82     0 -9999 -9999
1955 05 29 12    22    11 10173   180    31     0 -9999 -9999
1955 05 29 18    22    11 10173   180    57     1 -9999 -9999
1955 05 30 00    28    22 10175   160    93     7 -9999 -9999
1955 05 30 06    22    11 10153   160    77     6 -9999 -9999
1955 05 30 12    22    11 10147   180    77     5 -9999 -9999
1955 05 30 18    28    22 10144   200    57     0 -9999 -9999
1955 05 31 00    39    11 10125   140   123     9 -9999 -9999
1955 05 31 06    28    22 10111   160   129     9 -9999 -9999
1955 05 31 12    28    22 10130   170    57     8 -9999 -9999
1955 05 31 18    50    39 10160   330     5     8 -9999 -9999
1955 06 01 00    39    22 10199   350    26     2 -9999 -9999
1955 06 01 06     0   -11 10233   340    10     7 -9999 -9999
1955 06 01 12    28    22 10242   160    41     8 -9999 -9999
1955 06 01 18    22    11 10245    20    36     8 -9999 -9999
1955 06 02 00    22    11 10257     0     0     8 -9999 -9999
1955 06 02 06    11     0 10266     0     0     8 -9999 -9999
1955 06 02 12    11     0 10283   300    21     8 -9999 -9999
1955 06 02 18    22    11 10290   220    41     8 -9999 -9999
1955 06 03 12    11     0 10292   240    26     9 -9999 -9999
1955 06 03 18    11    11 10283   220    26     9 -9999 -9999
1955 06 04 00     0   -11 10271   300     5     9 -9999 -9999
1955 06 04 06     0   -11 10251     0     0     9 -9999 -9999
1955 06 04 12    28    22 10241   270    26     1 -9999 -9999
1955 06 04 18    11   -11 10228   340    41     9 -9999 -9999
1955 06 05 00     0   -11 10233   340    62     3 -9999 -9999
1955 06 05 06     0   -11 10260   190    51     2 -9999 -9999
1955 06 05 12    11   -11 10278   260    46     4 -9999 -9999
1955 06 05 18    11   -22 10270   280    31     1 -9999 -9999
1955 06 06 00     0   -11 10259   340    51     7 -9999 -9999
1955 06 06 06   -11   -22 10270    70    41     7 -9999 -9999
1955 06 06 12    11   -28 10305   320    31     7 -9999 -9999
1955 06 06 18    11   -28 10320   340    31     7 -9999 -9999
1955 06 07 00     0   -50 10328   170    36     7 -9999 -9999
1955 06 07 06   -11   -61 10324   160    36     7 -9999 -9999
1955 06 07 18     0   -50 10311   160    36     7 -9999 -9999
1955 06 08 00   -11   -61 10301   180    10     8 -9999 -9999
1955 06 08 06   -11   -61 10284   360    10     8 -9999 -9999
1955 06 08 12     0   -39 10279    20    41     8 -9999 -9999
1955 06 08 18     0   -50 10273   340    31     8 -9999 -9999
1955 06 09 00 -9999 -9999 -9999   250    31     8 -9999 -9999
1955 06 09 06   -11   -61 10248    20    51     8 -9999 -9999
1955 06 09 12   -11   -61 10239    20    57     8 -9999 -9999
1955 06 09 18   -11   -61 10226   360    62     8 -9999 -9999
1955 06 10 00   -11   -39 10206   360    77     7 -9999 -9999
1955 06 10 06   -22   -28 10191    10    77     8 -9999 -9999
1955 06 10 12   -11   -39 10186   360    57     7 -9999 -9999
1955 06 11 00   -11   -39 10144    20    62     8 -9999 -9999
1955 06 11 06   -22   -50 10131    10    57     8 -9999 -9999
1955 06 11 12     0   -11 10122   360    87     6 -9999 -9999
1955 06 11 18    22     0 10119   360    57     4 -9999 -9999
1955 06 12 00    11   -11 10123   340    21     3 -9999 -9999
1955 06 12 06   -11   -11 10123   360    62     9 -9999 -9999
1955 06 12 12    11     0 10125   330    41     8 -9999 -9999
1955 06 12 18    28    22 10127   230    41     5 -9999 -9999
1955 06 13 00    22   -11 10128   360    10     5 -9999 -9999
1955 06 13 06    11   -11 10131    10    82     7 -9999 -9999
1955 06 13 12    11   -28 10141    10    82     8 -9999 -9999
1955 06 13 18     0   -22 10138    10    72     6 -9999 -9999
1955 06 14 00   -11   -28 10142    10    77     6 -9999 -9999
1955 06 14 06   -11   -39 10143    20    67     8 -9999 -9999
1955 06 14 12     0   -50 10146    20    67     8 -9999 -9999
1955 06 14 18     0   -28 10151    10    77     8 -9999 -9999
1955 06 15 00     0   -50 10161    20    67     8 -9999 -9999
1955 06 15 06     0   -50 10164   360    67     8 -9999 -9999
1955 06 15 12     0   -61 10181   360    77     8 -9999 -9999
1955 06 15 18    11   -50 10192   340    36     8 -9999 -9999
1955 06 16 00    11   -28 10193   250    41     6 -9999 -9999
1955 06 16 06    22   -11 10185   260    31     8 -9999 -9999
1955 06 16 12    28     0 10179   140    21     8 -9999 -9999
1955 06 16 18    22     0 10174   280    31     8 -9999 -9999
1955 06 17 00    11     0 10169   320    21     8 -9999 -9999
1955 06 17 06    11     0 10164   320    21     8 -9999 -9999
1955 06 17 12    11   -11 10173   340    41     8 -9999 -9999
1955 06 17 18   -11   -22 10187   320    36     8 -9999 -9999
1955 06 18 00   -11   -22 10192   340    36     7 -9999 -9999
1955 06 18 06   -28   -39 10191   320    36     8 -9999 -9999
1955 06 18 12   -11   -22 10195   320    31     5 -9999 -9999
1955 06 18 18   -11   -22 10192   320    26     5 -9999 -9999
1955 06 19 00   -22   -28 10196   330    21     9 -9999 -9999
1955 06 19 06   -11   -11 10193   330    26     8 -9999 -9999
1955 06 19 12    11     0 10204   300    31     8 -9999 -9999
1955 06 19 18    11     0 10214   300    31     8 -9999 -9999
1955 06 20 00     0   -11 10223   280    26     8 -9999 -9999
1955 06 20 06     0   -11 10223   260    26     8 -9999 -9999
1955 06 20 12    28     0 10222     0     0     7 -9999 -9999
1955 06 20 18    28   -11 10217   300    26     7 -9999 -9999
1955 06 21 00    22   -11 10202   350    31     7 -9999 -9999
1955 06 21 06    22   -11 10179    40    26     7 -9999 -9999
1955 06 21 12    50    22 10151   120    57     7 -9999 -9999
1955 06 21 18    50    11 10119   360    26     6 -9999 -9999
1955 06 22 00    61    22 10085   360     5     6 -9999 -9999
1955 06 22 06    39    22 10049     0     0     6 -9999 -9999
1955 06 22 12    50    28 10017   320    26     8 -9999 -9999
1955 06 22 18    72    39  9958   300     5     7 -9999 -9999
1955 06 27 06    50    50 10160   120    77     8 -9999 -9999
1955 06 27 18    72    50 10173   100    77     6 -9999 -9999
1955 07 02 06    39    11 10191    80    31     7 -9999 -9999
1955 07 02 12    39    11 10185   350    41     6 -9999 -9999
1955 07 05 12    61    39 10108   190    77     7 -9999 -9999
1955 07 06 06    61    50  9983   110    93     9 -9999 -9999
1955 07 06 12    50    50  9945   230    51     9 -9999 -9999
1955 07 07 12    22    22 10043   260    77     8 -9999 -9999
1955 07 09 00    61    61 10100   190    62     8 -9999 -9999
1955 07 09 18    89    50 10162   180    41     4 -9999 -9999
1955 07 14 06   111    89  9958   100   108     8 -9999 -9999
1955 07 14 12    61    50  9941   140    72     7 -9999 -9999
1955 07 15 12    39    39  9901   360    57     9 -9999 -9999
1955 07 15 18    22    22  9935   350    77     9 -9999 -9999
1955 07 16 12    11    11 10018   350    57     8 -9999 -9999
1955 07 16 18    28    22 10010   320    21     8 -9999 -9999
1955 07 17 06    22    11 10001   360    41     8 -9999 -9999
1955 07 22 06    72    72 10040   140    57     8 -9999 -9999
1955 07 23 12    72    28 10076   200   103     6 -9999 -9999
1955 07 24 06    61    28 10120   240    72     5 -9999 -9999
1955 07 25 12   128   100 10188   180   134     7 -9999 -9999
1955 07 26 12    72    50 10132   190    82     6 -9999 -9999
1955 07 27 00    72    50 10118   180    26     5 -9999 -9999
1955 07 27 18    61    50 10032     0     0     8 -9999 -9999
1955 07 29 12    50    50  9972   250    87     8 -9999 -9999
1955 07 30 12    61    50  9988   160    82     9 -9999 -9999
1955 07 31 12    28    28  9978   340    36     8 -9999 -9999
1955 08 01 06    28    22 10064   360    36     8 -9999 -9999
1955 08 01 12    28    22 10092   210    57     8 -9999 -9999
1955 08 02 00    22     0 10076   160    87     8 -9999 -9999
1955 08 02 12    61    39 10052   220    46     8 -9999 -9999
1955 08 03 12 -9999 -9999 10100   350    57     8 -9999 -9999
1955 08 03 18    28    22 10113   310    26     8 -9999 -9999
1955 08 04 12    22    22 10128   340    31     8 -9999 -9999
1955 08 05 18    22    11 10129    10    62     8 -9999 -9999
1955 08 06 00    22    11 10149   360    51     8 -9999 -9999
1955 08 06 06    22    11 10157   350    67     8 -9999 -9999
1955 08 06 12    28    22 10172   340    36     6 -9999 -9999
1955 08 06 18    61    28 10173   190    46     0 -9999 -9999
1955 08 07 00    28    28 10170   160   103     9 -9999 -9999
1955 08 09 12    89    78 10069   260    67     8 -9999 -9999
1955 08 10 12    78    72 10027   180    41     6 -9999 -9999
1955 08 12 00    89    50 10019   110    57     7 -9999 -9999
1955 08 12 12    50    50 10159   290    21     9 -9999 -9999
1955 08 13 12    61    61 10133 -9999 -9999     9 -9999 -9999
1955 08 14 06    61    50 10079   160    57     8 -9999 -9999
1955 08 14 12    72    61 10067   140    36     8 -9999 -9999
1955 08 16 00    61    61 10026     0     0     8 -9999 -9999
1955 08 17 06    39    39 10049   120    21     8 -9999 -9999
1955 08 19 06    22    22 10025   160    51     8 -9999 -9999
1955 08 19 12    89    72  9973   120   139     9 -9999 -9999
1955 08 19 18    78    72  9976   120   118     9 -9999 -9999
1955 08 21 06    72    61 10007   150   123     8 -9999 -9999
1955 08 27 12    72    61 10012   310   108     8 -9999 -9999
1955 08 28 00    22    11 10118   320    93     8 -9999 -9999
1955 08 28 06    11     0 10142   340    72     8 -9999 -9999
1955 08 28 12    22    11 10159     0     0     8 -9999 -9999
1955 08 29 00    50    22 10111   120    82     8 -9999 -9999
1955 08 29 12    89    39 10052   120   139     7 -9999 -9999
1955 08 29 18    78    61 10037   120   113     8 -9999 -9999
1955 08 30 00    78    61 10009   120   108     8 -9999 -9999
1955 08 30 06    78    72  9980   120   113     8 -9999 -9999
1955 08 31 00    78    72  9963   120    46     8 -9999 -9999
1955 08 31 06    78    61  9926    80    62     8 -9999 -9999
1955 08 31 12    72    50  9925   150    98     7 -9999 -9999
1955 08 31 18    78    50  9915   120    41     7 -9999 -9999
