1991 01 01 06   -75  -105 10115    50    87     7 -9999     0
1991 01 01 09   -78   -96 10106    60    93     7 -9999 -9999
1991 01 01 12   -92  -112 10100    20   103     7 -9999     0
1991 01 01 18  -110  -123 10062    50    72     8 -9999 -9999
1991 01 02 06  -143  -160 10043    60    57     7 -9999 -9999
1991 01 02 09  -145  -174 10036    60    62     3 -9999 -9999
1991 01 02 12  -148  -165 10035    80    72     5 -9999     0
1991 01 02 18  -140  -156 10025    80    36     1 -9999     0
1991 01 03 06  -108  -131 10012    60   129     0 -9999     0
1991 01 03 09  -107  -130 10013    70   123     0 -9999 -9999
1991 01 03 12  -112  -130 10018    50   123     0 -9999     0
1991 01 03 18  -124  -149 10015    60   113     0 -9999     0
1991 01 04 06   -88  -121  9987    40   144     0 -9999     0
1991 01 04 09   -87  -125  9989    40   103     0 -9999 -9999
1991 01 04 12   -82  -124  9991    80    87     1 -9999     0
1991 01 04 18   -86  -124  9992    80    93     0 -9999     0
1991 01 05 06  -132  -153 10012    50    41     0 -9999     0
1991 01 05 09   -97  -123 10021    80    82     1 -9999 -9999
1991 01 05 18   -81   -95 10026    70   103     8 -9999 -9999
1991 01 06 06   -43   -55 10040    60   103     9 -9999 -9999
1991 01 06 09   -36   -50 10045    70   113     8 -9999 -9999
1991 01 06 12   -44   -50 10047    70   139     9 -9999     3
1991 01 07 06   -45   -51 10016    70   154     9 -9999 -9999
1991 01 07 09   -42   -51 10008    70   154     9 -9999 -9999
1991 01 07 12   -38   -47  9996    70   164     9 -9999     1
1991 01 07 18   -38   -56  9983    80   170     8 -9999 -9999
1991 01 08 06   -32   -53  9980    70   144     8 -9999 -9999
1991 01 08 09   -31   -51  9985    80   139     8 -9999 -9999
1991 01 08 12   -38   -61 -9999    70   139     8 -9999    -1
1991 01 09 06   -62   -81 10031    70   108     8 -9999 -9999
1991 01 09 09   -67   -87 10037    70   103     8 -9999 -9999
1991 01 09 12   -80  -107 10040    40   118     8 -9999    -1
1991 01 09 18   -89  -100 10040    80   103     8 -9999 -9999
1991 01 10 06  -124  -155 10052    70    77     0 -9999 -9999
1991 01 10 09  -126  -152 10053    70    82     0 -9999 -9999
1991 01 10 12  -135  -163 10050    80    82     0 -9999     0
1991 01 10 18  -147  -170 10049    80    87     0 -9999     0
1991 01 11 06  -162  -187 10018    60    51     7 -9999     0
1991 01 11 09  -150  -167 10016    80    93     8 -9999 -9999
1991 01 11 12  -156  -174 10016    80    82     5 -9999    -1
1991 01 11 18  -165  -206 10124    50    51     0 -9999     0
1991 01 12 06  -195  -216 10059    70    31     0 -9999     0
1991 01 12 09  -191  -204 10077    70    10     1 -9999 -9999
1991 01 12 12  -190  -203 10092    70    21     1 -9999     0
1991 01 12 18  -192  -213 10125    70    41     0 -9999     0
1991 01 13 06  -196  -209 10183    70    41     0 -9999     0
1991 01 13 09  -194  -215 -9999    40    41     1 -9999 -9999
1991 01 13 12  -190  -220 10194    80    41     2 -9999     0
1991 01 13 18  -142  -191 10188    80    72     8 -9999     0
1991 01 14 06  -132  -136 10191    70    87     8 -9999 -9999
1991 01 14 09  -108  -126 10182    80    51     8 -9999 -9999
1991 01 14 12   -90  -114 10146    80    62     7 -9999    -1
1991 01 14 18   -57   -64 10002    80    51     8 -9999 -9999
1991 01 15 06     7     2  9786   230    31     8 -9999 -9999
1991 01 15 09     6     3  9780   240    46     8 -9999 -9999
1991 01 15 12    13     2  9807   280    51     8 -9999   110
1991 01 15 18   -13   -27  9886   270   103     8 -9999 -9999
1991 01 16 06    47   -75  9947   270    67     8 -9999 -9999
1991 01 16 09    49   -77  9955   280    51     8 -9999 -9999
1991 01 16 12   -54   -83  9959   280    10     8 -9999    -1
1991 01 16 18   -70   -95  9939    70    57     7 -9999 -9999
1991 01 17 06    -3   -24  9837   240   123     8 -9999 -9999
1991 01 17 09   -28   -35  9816   240   159     8 -9999 -9999
1991 01 17 12   -35   -39  9808   250   175     9 -9999     3
1991 01 17 18   -57   -68  9916   270   134     9 -9999     5
1991 01 18 06   -99  -120  9910   270    15     2 -9999 -9999
1991 01 18 09  -101  -112  9916   110    10     7 -9999 -9999
1991 01 18 12   -81  -104  9924   100    41     7 -9999     0
1991 01 18 18   -87  -111  9942    80    72     2 -9999     0
1991 01 19 06   -98  -119  9991    80   103     8 -9999 -9999
1991 01 19 09  -102  -129  9982    80   134     8 -9999 -9999
1991 01 19 12  -101  -127  9953    70   144     8 -9999     1
1991 01 19 18   -84   -94  9808    70   144     9 -9999 -9999
1991 01 20 06   -49   -62  9665    90   103     8 -9999 -9999
1991 01 20 09   -47   -56  9655   100    77     7 -9999 -9999
1991 01 20 12   -44   -53  9654    90    51     7 -9999     0
1991 01 20 18   -96  -121  9733   290    82     7 -9999 -9999
1991 01 21 06  -139  -155  9901   290    82     9 -9999 -9999
1991 01 21 09  -134  -155  9925   280    93     8 -9999 -9999
1991 01 21 12  -130  -151  9953   300    62     8 -9999     5
1991 01 21 18  -130  -182  9988    90    51     2 -9999 -9999
1991 01 22 06  -150  -173  9936    80    62     5 -9999     0
1991 01 22 12  -139  -173  9943    70    72     4 -9999     0
1991 01 22 18  -151  -182  9955    70    87     8 -9999     0
1991 01 23 06  -177  -222 10005    40    41     0 -9999     0
1991 01 23 09  -193  -232 10039    50    31     2 -9999 -9999
1991 01 23 12  -187 -9999 10060    80    21     5 -9999     0
1991 01 23 18  -139  -195 10074   280    31     0 -9999     0
1991 01 24 06  -154  -178 10047    80    82     5 -9999     0
1991 01 24 09  -171  -198 10026    90   103     7 -9999 -9999
1991 01 24 12  -176  -211  9998    70   113     8 -9999     0
1991 01 25 06  -184  -221 10064    20   103     0 -9999     0
1991 01 25 09  -176  -211 10119    80    93     1 -9999 -9999
1991 01 25 12  -154  -208 10154    50    82     1 -9999     0
1991 01 25 18  -140  -168 10215    80    82     8 -9999     0
1991 01 26 06  -138  -154 10191    80    21     8 -9999     0
1991 01 26 09  -114  -128 10172    90    72     8 -9999 -9999
1991 01 26 12   -78   -92 10128    80    62     8 -9999     0
1991 01 26 18   -74   -91 10073    60    62     8 -9999     0
1991 01 27 09    -6   -10  9942   200    41     8 -9999 -9999
1991 01 27 12   -16   -24  9954   240    31     9 -9999    10
1991 01 27 18   -20   -32  9976   280    51     8 -9999 -9999
1991 01 28 06   -69  -102 10110   310    10     5 -9999 -9999
1991 01 28 09   -74  -100 10115     0     0     7 -9999 -9999
1991 01 28 12   -65   -89 10131   360    10     7 -9999    -1
1991 01 28 18   -11   -27 10101   160    51     7 -9999 -9999
1991 01 29 06     4   -12 10038   250    21     9 -9999 -9999
1991 01 29 09    16    -6 10052   260    82     8 -9999 -9999
1991 01 29 12    14   -27 10067   270    62     7 -9999     1
1991 01 29 18    -9   -28 10078    40    10     7 -9999     0
1991 01 30 06    -6   -12  9985   270    21     8 -9999 -9999
1991 01 30 09    -9   -19  9934     0     0     8 -9999 -9999
1991 01 30 12   -11   -22  9926   260    21     8 -9999    50
1991 01 30 18   -65   -81 10074   290   113     9 -9999 -9999
1991 01 31 06   -48   -54 10055    60    21     9 -9999 -9999
1991 01 31 09   -13   -43 10053   270    82     6 -9999 -9999
1991 01 31 12   -14   -34 10071   300   103     7 -9999     3
1991 01 31 18   -50   -82 10150   280   123     3 -9999     0
1991 02 01 06   -30   -47 10191   270    10     7 -9999 -9999
1991 02 01 12    14     9 10129   260    41     8 -9999    40
1991 02 02 06   -18   -33 10037   240   103     7 -9999 -9999
1991 02 02 12   -40   -52 10099   270   154     8 -9999    10
1991 02 02 18   -36   -65 10177   270    41     8 -9999 -9999
1991 02 03 06    13    -4 10133   250    93     8 -9999 -9999
1991 02 03 09    16     5 10177   230    67     8 -9999 -9999
1991 02 03 12    10    -1 10126   240    51     8 -9999    10
1991 02 03 18    17   -14 10153   270   123     3 -9999 -9999
1991 02 04 06    13     5 10172   240    62     8 -9999 -9999
1991 02 04 09    11     6 10151   240    51     8 -9999 -9999
1991 02 04 12    12     7 10130   250    72     8 -9999    10
1991 02 04 18    16   -12 10145   260    93     7 -9999 -9999
1991 02 05 06    13   -13 10122   230    67     8 -9999     0
1991 02 05 09    13    -2 10091   230   149     8 -9999 -9999
1991 02 05 12    15     4 10067   240   144     8 -9999    10
1991 02 05 18    10     2 10085   250   113     8 -9999 -9999
1991 02 06 06   -11   -15 10127   330    10     8 -9999 -9999
1991 02 06 09    10     5 10122   240    62     8 -9999 -9999
1991 02 06 12    11     3 10106   240    51     8 -9999    10
1991 02 06 18     4    -2 10032   260   175     8 -9999 -9999
1991 02 07 06   -64   -91 10202   200    31     8 -9999 -9999
1991 02 07 09   -58   -97 10218   270    51     7 -9999 -9999
1991 02 07 18   -46   -62 10145    70    21     8 -9999 -9999
1991 02 08 06   -82  -105 10183   310   103     4 -9999 -9999
1991 02 08 12   -70  -112 10258   280    31     4 -9999     1
1991 02 08 18   -68   -84 10244   360    10     8 -9999 -9999
1991 02 09 06   -39   -76 10190   360    41     8 -9999 -9999
1991 02 09 09   -68   -84 10200    90    31     7 -9999 -9999
1991 02 09 12 -9999 -9999 10206    80    51     8 -9999     1
1991 02 09 18   -87  -106 10205    80    82     8 -9999 -9999
1991 02 10 06  -112  -141 10229    50    72     2 -9999 -9999
1991 02 10 09  -112  -141 10240    60    72     5 -9999 -9999
1991 02 10 12  -104  -136 10240    70    62     7 -9999     0
1991 02 10 18   -88  -116 10205    90    62     8 -9999 -9999
1991 02 11 06   -74   -91 10172    90    93     8 -9999 -9999
1991 02 11 09   -76  -106 10175    80    82     8 -9999 -9999
1991 02 11 12   -70   -95 10175    90    51     7 -9999     1
1991 02 11 18   -74   -95 10177    80    62     8 -9999 -9999
1991 02 12 06   -71   -74 10194    90    41     8 -9999 -9999
1991 02 12 09   -73   -86 10185    90    31     8 -9999 -9999
1991 02 12 12   -69   -74 10173    80    31     8 -9999     5
1991 02 12 18   -61   -69 10161     0     0     8 -9999 -9999
1991 02 13 06   -22   -58 10128   290    77     8 -9999 -9999
1991 02 13 09   -38   -66 10128   280    72     8 -9999 -9999
1991 02 13 12   -42   -80 10126   310    72     8 -9999     0
1991 02 13 18   -36   -68 10104   330    31     8 -9999 -9999
1991 02 14 06   -38   -53 10006    80    93     9 -9999 -9999
1991 02 14 09   -49   -73  9991    60    72     8 -9999 -9999
1991 02 14 12   -59   -78  9975    80   103     7 -9999     1
1991 02 14 18   -84  -103  9959    90    72     8 -9999 -9999
1991 02 15 06  -114  -161  9965    50    21     8 -9999 -9999
1991 02 15 09  -115  -162  9969    50    51     8 -9999 -9999
1991 02 15 12  -119  -161  9952    50    31     7 -9999     0
1991 02 15 18  -150  -180  9970    60    10     3 -9999     0
1991 02 16 06  -178  -223  9971   360    41     2 -9999     0
1991 02 16 09  -170  -204  9976    40    51     7 -9999 -9999
1991 02 16 12  -170  -204  9981 -9999 -9999     1 -9999     0
1991 02 16 18  -155  -193 10003    80    77     0 -9999     0
1991 02 17 06  -117  -152 10033    30    21     8 -9999 -9999
1991 02 17 09   -99  -125 10036    20    51     8 -9999 -9999
1991 02 17 12   -89  -104 10044    50   118     8 -9999     3
1991 02 17 18  -108  -116 10060    70    87     9 -9999 -9999
1991 02 18 06  -107  -120 10117    60   113     7 -9999 -9999
1991 02 18 09  -104  -116 10119    80   123     3 -9999 -9999
1991 02 18 12  -104  -121 10118    80   113     3 -9999    -1
1991 02 18 18   -80   -94 10108    20   113     7 -9999 -9999
1991 02 19 06   -34   -48 10113    60    93     8 -9999 -9999
1991 02 19 09   -49   -55 10117    70    98     8 -9999 -9999
1991 02 19 12   -64   -87 10119    50    57     7 -9999    -1
1991 02 19 18   -88  -112 10118    40   103     8 -9999 -9999
1991 02 20 06  -102  -119 10070    50   134     8 -9999 -9999
1991 02 20 09   -96  -117 10064    60   144     8 -9999 -9999
1991 02 20 12   -98  -114 10062    50   113     7 -9999    -1
1991 02 20 18  -106  -123 10053    60   123     8 -9999 -9999
1991 02 21 06   -90  -119 10001    50    72     2 -9999 -9999
1991 02 21 09  -104  -131  9984    40    82     3 -9999 -9999
1991 02 21 12  -103  -135  9971    70    93     6 -9999     0
1991 02 21 18  -121  -130  9939    90    93     8 -9999     0
1991 02 22 06  -100  -112  9906    80   103     8 -9999     0
1991 02 22 09   -94  -114  9906    80    82     8 -9999 -9999
1991 02 22 12   -95  -111  9913    80    82     4 -9999     0
1991 02 22 18  -114  -138  9933    60    31     1 -9999     0
1991 02 23 06   -89  -100  9965    60    10     7 -9999 -9999
1991 02 23 09  -131  -146  9967     0     0     5 -9999 -9999
1991 02 23 18  -131  -146  9961    70    21     1 -9999 -9999
1991 02 24 06  -123  -166  9982   250    21     1 -9999     0
1991 02 24 09  -142  -171 10001    50    41     1 -9999 -9999
1991 02 24 12  -144  -167 10025    60    41     1 -9999     0
1991 02 25 06  -120  -129 10065    80    21     9 -9999 -9999
1991 02 25 09   -94  -101 10067     0     0     8 -9999 -9999
1991 02 25 12   -41   -67 10072   270    77     7 -9999    10
1991 02 25 18   -36   -50 10079   260    93     8 -9999 -9999
1991 02 26 06   -48   -68 10149   280   103     8 -9999 -9999
1991 02 26 09   -48   -72 10173   280   103     8 -9999 -9999
1991 02 26 12   -46   -70 10199   270    93     7 -9999    -1
1991 02 26 18   -24   -46 10220   250    51     8 -9999 -9999
1991 02 27 06     2    -9 10195   250    41     7 -9999 -9999
1991 02 27 09     8    -3 10181   250    51     8 -9999 -9999
1991 02 27 12     9   -12 10175   250    51     8 -9999     5
1991 02 27 18     9     1 10166   210    31     8 -9999 -9999
1991 02 28 06    10     5 10100   250    51     8 -9999 -9999
1991 02 28 09    17     4 10151   270    62     8 -9999 -9999
1991 02 28 12     6    -5 10217   250    72     8 -9999     3
1991 02 28 18    -6   -12 10247   230    41     8 -9999 -9999
1991 03 01 06    10   -16 10250   260    36     8 -9999 -9999
1991 03 01 09     3   -27 10252   230    31     8 -9999 -9999
1991 03 01 12     1   -20 10254     0     0     8 -9999    -1
1991 03 01 18    -3   -24 10245   250    21     8 -9999 -9999
1991 03 02 06   -11   -15 10247   250    21     7 -9999 -9999
1991 03 02 18   -18   -33 10264     0     0     8 -9999 -9999
1991 03 03 06    -4   -13 10268   270    21     8 -9999 -9999
1991 03 03 09     7   -10 10272   270    10     7 -9999 -9999
1991 03 03 12    11     0 10275   330    10     7 -9999     5
1991 03 03 18   -35   -49 10251    80    10     7 -9999 -9999
1991 03 04 06   -27   -34 10242    80    21     9 -9999 -9999
1991 03 04 18   -21   -30 10238    60    21     7 -9999 -9999
1991 03 05 06   -62   -73 10251     0     0     5 -9999 -9999
1991 03 05 09   -51   -61 10258    40    10     6 -9999 -9999
1991 03 05 12   -45   -54 10260    80    10     7 -9999     3
1991 03 05 18   -43   -52 10262   150    10     7 -9999 -9999
1991 03 06 06   -51   -61 10257    80    26     7 -9999 -9999
1991 03 06 09   -42   -54 10257    50    26     7 -9999 -9999
1991 03 06 12   -31   -41 10253    60    31     8 -9999     3
1991 03 06 18   -40   -52 10253    70    62     9 -9999 -9999
1991 03 07 06   -68  -101 10261    70    93     6 -9999 -9999
1991 03 07 09   -78  -104 10268    80    93     6 -9999 -9999
1991 03 07 12   -86  -119 10277    70    72     6 -9999     0
1991 03 07 18  -104  -142 10279    40    62     1 -9999     0
1991 03 08 06  -134  -155 10327    80    62     1 -9999     0
1991 03 08 09  -132  -153 10332    60    21     0 -9999 -9999
1991 03 08 12  -115  -134 10342    80    10     1 -9999     0
1991 03 08 18  -111  -115 10335    80    10     6 -9999     0
1991 03 09 06   -86  -110 10313    70    51     6 -9999     0
1991 03 09 09   -81   -93 10310    80    51     7 -9999 -9999
1991 03 09 12   -86  -110 10306    80    62     7 -9999     0
1991 03 09 18   -82  -114 10302    70    62     7 -9999     0
1991 03 10 06  -114  -138 10320    60   123     5 -9999     0
1991 03 10 09  -123  -154 10337    60   123     3 -9999 -9999
1991 03 10 12  -121  -157 10345    60   113     1 -9999     0
1991 03 10 18  -133  -166 10345    50   144     1 -9999     0
1991 03 11 06 -9999 -9999 10332    60    36     2 -9999     0
1991 03 11 09  -157  -189 10325    70   154     2 -9999 -9999
1991 03 11 12  -153  -191 10328    70   103     1 -9999     0
1991 03 11 18  -152  -190 10310    60    72     1 -9999     0
1991 03 12 06  -174  -201 10262    50    21     1 -9999     0
1991 03 12 09  -148  -171 10242    50    21     6 -9999 -9999
1991 03 12 12  -119  -144 10214     0     0     7 -9999     0
1991 03 12 18   -65   -77 10127   300    41     8 -9999 -9999
1991 03 13 06  -200  -231 10093    80    93     3 -9999 -9999
1991 03 13 09  -210  -254 10108    50    31     3 -9999 -9999
1991 03 13 12  -191  -275 10106   140    26     2 -9999     0
1991 03 13 18  -175  -228 10060   260    36     8 -9999     0
1991 03 14 06  -148  -200 10050    30    62     7 -9999 -9999
1991 03 14 09  -188  -217 10082    40   103     4 -9999 -9999
1991 03 14 12  -144  -194 10074    30    72     8 -9999 -9999
1991 03 14 18  -104  -142 10010    10   134     8 -9999 -9999
1991 03 15 06  -108  -158 10007    20   103     7 -9999 -9999
1991 03 15 09  -118  -172 10015    60    93     7 -9999 -9999
1991 03 15 12  -108  -158 10020    10    51     6 -9999     0
1991 03 15 18   -95  -191 10035   350    51     7 -9999     0
1991 03 16 06   -79  -135 10089    30    62     4 -9999 -9999
1991 03 16 12   -92  -142 10115    40   123     5 -9999     0
1991 03 16 18  -102  -145 10138    80    93     7 -9999     0
1991 03 17 06  -132  -159 10162    80    72     3 -9999     0
1991 03 17 09  -133  -154 10173    90    93     5 -9999 -9999
1991 03 17 12  -129  -161 10182    80    82     2 -9999     0
1991 03 17 18  -139  -155 10187    80    62     1 -9999     0
1991 03 18 06  -155  -173 10224    80    41     1 -9999     0
1991 03 18 09  -124  -144 10222    80    62     5 -9999 -9999
1991 03 18 12  -108  -126 10220    90    82     8 -9999    -1
1991 03 19 06  -111  -145 10208    70    67     1 -9999 -9999
1991 03 19 09   -87  -130 10204    80    72     7 -9999 -9999
1991 03 19 12   -78  -139 10197    60    72     8 -9999     0
1991 03 19 18   -69   -93 10168    70    98     8 -9999 -9999
1991 03 20 09   -50   -56 10129    70   113     6 -9999 -9999
1991 03 20 12   -49   -52 10121    80   113     6 -9999    -1
1991 03 20 18   -36   -41 10101    70   103     8 -9999 -9999
1991 03 21 06   -17   -31 10048    70   113     8 -9999 -9999
1991 03 21 09   -11   -21 10051    70   103     8 -9999 -9999
1991 03 21 12    -9   -19 10044    70    82     8 -9999     3
1991 03 21 18     1   -13 10035    80    31     8 -9999 -9999
1991 03 22 06    -8   -12 10004    90    51     8 -9999 -9999
1991 03 22 09    -8   -12 10001    70    31     8 -9999 -9999
1991 03 22 12    -2    -4 10002    80    10     8 -9999    20
1991 03 22 18    -4    -7 10002   220    26     9 -9999 -9999
1991 03 23 06   -11   -21  9996   240    31     8 -9999 -9999
1991 03 23 09   -10   -23  9994   240    21     8 -9999 -9999
1991 03 23 12    -3   -12  9981   240    31     8 -9999    10
1991 03 23 18     5    -3  9937   220    26     8 -9999 -9999
1991 03 24 06     0    -1  9972   200    51     8 -9999 -9999
1991 03 24 09     6    -3  9983   250    41     8 -9999 -9999
1991 03 24 12    10     5  9984   260    31     8 -9999    20
1991 03 24 18    24    21  9951   190    82     8 -9999 -9999
1991 03 25 06   -10   -20  9973   230    41     8 -9999 -9999
1991 03 25 09   -19   -37 10000   270    82     8 -9999 -9999
1991 03 25 12   -35   -67 10029   260   103     7 -9999     3
1991 03 26 06   -75  -110 10131    40    31     7 -9999 -9999
1991 03 26 09   -52   -81 10085    40    51     8 -9999 -9999
1991 03 26 12     3    -5 10018   160   103     8 -9999     3
1991 03 26 18     6    -2 10005   250    41     7 -9999 -9999
1991 03 27 06     2   -18 10053   260    72     8 -9999     0
1991 03 27 09     8   -12 10042   190    72     7 -9999 -9999
1991 03 27 12     8    -9 10007   200    36     7 -9999    40
1991 03 27 18     0   -17  9947   250    62     7 -9999 -9999
1991 03 28 06   -62   -93  9945   300    67     8 -9999 -9999
1991 03 28 09   -77  -112  9959   290    72     6 -9999 -9999
1991 03 28 12   -71  -124  9982   360    41     3 -9999     5
1991 03 28 18  -130  -190 10062   300    41     2 -9999     0
1991 03 29 06  -174  -227 10132    90    21     1 -9999     0
1991 03 29 09 -9999 -9999 10142    70    41     1 -9999 -9999
1991 03 29 12  -164  -242 10142   360    62     1 -9999     0
1991 03 29 18  -164  -242 10142   360    62     1 -9999     0
1991 03 30 06  -186  -267 10114    30    62     0 -9999     0
1991 03 30 09  -181  -247 10118    40    82     0 -9999 -9999
1991 03 30 12  -174  -247 10121    30    62     0 -9999     0
1991 03 30 18  -185  -265 10113    40    31     0 -9999     0
1991 03 31 06  -157  -189 10040    50    41     8 -9999 -9999
1991 03 31 09  -140  -151 10026    60    67     7 -9999 -9999
1991 03 31 12  -138  -172 10015    40    41     6 -9999    30
1991 03 31 18  -132  -209 10009   360    41     8 -9999 -9999
1991 04 01 06  -183  -220  9899   290    10     1 -9999     0
1991 04 01 09  -142  -235  9997   360    41     1 -9999 -9999
1991 04 01 12  -149  -201  9997    80    51     7 -9999     0
1991 04 01 18  -173  -208  9986   260    21     6 -9999     0
1991 04 02 06  -180  -235  9966    60    21     8 -9999     0
1991 04 02 09  -179  -234  9965    50    51     8 -9999 -9999
1991 04 02 12  -149  -209  9958    50    72     7 -9999     0
1991 04 02 18  -147  -198  9945    40    72     6 -9999     0
1991 04 03 06  -152  -176  9939    50    93     7 -9999 -9999
1991 04 03 09  -145  -168  9939    70   108     5 -9999 -9999
1991 04 03 12  -142  -171  9934    60    82     4 -9999     0
1991 04 03 18  -152  -190  9932    70    93     7 -9999     0
1991 04 04 06  -169  -195  9932    70   185     7 -9999     0
1991 04 04 09  -158  -190  9939    60   144     8 -9999 -9999
1991 04 04 12  -159  -191  9943    70   164     8 -9999     0
1991 04 04 18  -149  -160  9914    60   195     9 -9999 -9999
1991 04 05 06  -104  -112  9855    70   134     8 -9999 -9999
1991 04 05 09  -102  -119  9895    80    72     6 -9999 -9999
1991 04 05 12   -89  -113  9953    30    21     6 -9999     1
1991 04 05 18   -66   -82 10027   290   108     7 -9999 -9999
1991 04 06 06   -74  -113 10112    80    36     8 -9999 -9999
1991 04 06 09   -60  -108 10101    80    72     8 -9999 -9999
1991 04 06 12   -53   -74 10070    70   113     8 -9999     0
1991 04 06 18   -41   -71 10003    70   134     7 -9999 -9999
1991 04 07 06   -21   -39  9901    80    72     8 -9999 -9999
1991 04 07 09   -30   -37  9892    90    72     8 -9999 -9999
1991 04 07 12   -34   -38  9881    90    62     8 -9999 -9999
1991 04 07 18   -22   -31  9894     0     0     8 -9999 -9999
1991 04 08 06   -35   -49  9980   270    62     7 -9999 -9999
1991 04 08 09   -31   -51 10014   250    41     7 -9999 -9999
1991 04 08 12   -72   -89 10045    80   103     8 -9999     1
1991 04 08 18  -110  -144 10099    70   113     7 -9999 -9999
1991 04 09 06  -158  -197 10137    70   144     8 -9999     0
1991 04 09 09  -156  -187 10145    60   134     8 -9999 -9999
1991 04 09 12  -143  -186 10145    60   144     8 -9999     0
1991 04 09 18  -132  -171 10127    60   164     8 -9999     0
1991 04 10 06  -112  -125 10075    60   164     9 -9999 -9999
1991 04 10 09   -79  -115 10072    70   103     8 -9999 -9999
1991 04 11 06   -16   -27  9977    80    62     8 -9999 -9999
1991 04 11 09    -5    -8  9995   240    93     8 -9999 -9999
1991 04 11 12   -24   -30 10023   270    72     8 -9999    70
1991 04 11 18   -21   -53 10011   260    62     7 -9999 -9999
1991 04 12 06   -38   -56  9972    60    21     8 -9999 -9999
1991 04 12 09   -33   -57  9969   240    10     7 -9999 -9999
1991 04 12 12   -23   -55  9975     0     0     5 -9999     0
1991 04 12 18   -78   -96 10011    80   108     2 -9999     0
1991 04 13 06  -113  -147 10149    80   113     8 -9999     0
1991 04 13 09  -120  -156 10187    80    93     8 -9999 -9999
1991 04 13 12  -117  -158 10215    80    72     7 -9999     0
1991 04 13 18  -125  -169 10254    80    51     7 -9999     0
1991 04 14 06  -101  -113 10246    80    31     8 -9999 -9999
1991 04 14 12   -73   -90 10206    90    31     7 -9999     1
1991 04 14 18   -49   -69 10139    90    46     8 -9999 -9999
1991 04 15 06   -52   -66 10046    70   113     8 -9999 -9999
1991 04 15 09   -56   -70 10060    70   113     8 -9999 -9999
1991 04 15 12   -79   -97 10079    80   129     7 -9999    -1
1991 04 15 18  -135  -157 10135    80   123     5 -9999 -9999
1991 04 16 06  -188  -258 10223    40    51     0 -9999     0
1991 04 16 09  -187  -245 10256    60    51     1 -9999 -9999
1991 04 16 12  -167  -209 10257    90    41     2 -9999     0
1991 04 16 18  -161  -218 10253    60    31     1 -9999     0
1991 04 17 06  -183  -203 10234    60    31     1 -9999     0
1991 04 17 09  -163  -196 10232    60    46     2 -9999 -9999
1991 04 17 12  -148  -178 10234    40    31     6 -9999     0
1991 04 17 18  -139  -167 10232    90    10     0 -9999     0
1991 04 18 06  -137  -172 10229    70    31     8 -9999     0
1991 04 18 09  -124  -161 10230    70    31     3 -9999 -9999
1991 04 18 12  -105  -143 10230    90    41     3 -9999     0
1991 04 18 18  -111  -157 10231    70    36     5 -9999     0
1991 04 19 06  -144  -173 10224    70    21     2 -9999 -9999
1991 04 19 09  -108  -147 10220    60    10     1 -9999 -9999
1991 04 19 12  -107  -140 10216    50    21     2 -9999     0
1991 04 19 18  -114  -138 10208    50    31     8 -9999 -9999
1991 04 20 06  -149  -179 10195    80    31     0 -9999 -9999
1991 04 20 09  -129  -174 10191    40    21     1 -9999 -9999
1991 04 20 12   -92  -148 10181    20    10     1 -9999     0
1991 04 20 18  -105  -154 10158    20    21     1 -9999     0
1991 04 21 06  -140  -182 10120    60    10     1 -9999     0
1991 04 21 09  -117  -164 10111    60    10     1 -9999 -9999
1991 04 21 12   -98  -145 10106    40    21     4 -9999     0
1991 04 21 18  -105  -154 10153    20    21     1 -9999     0
1991 04 22 06  -177  -205 10120    80    72     1 -9999     0
1991 04 22 09  -167  -201 10126    80    72     1 -9999 -9999
1991 04 22 12  -150  -187 10129    80    21     1 -9999     0
1991 04 22 18  -130  -169 10122    30    21     1 -9999     0
1991 04 23 06   -87  -125 10099   340    51     8 -9999 -9999
1991 04 23 09   -89  -133 10110   300    51     8 -9999 -9999
1991 04 23 12   -93  -155 10127   240    31     5 -9999     0
1991 04 23 18  -102  -162 10166   320    41     1 -9999 -9999
1991 04 24 06  -122 -9999 10227   360    10     7 -9999     0
1991 04 24 09  -121  -170 10225    80    57     7 -9999 -9999
1991 04 24 12  -119  -167 10208    70    93     8 -9999    -1
1991 04 24 18  -115  -124 10115    50   185     9 -9999 -9999
1991 04 25 06  -125  -151 10174    50    51     1 -9999 -9999
1991 04 25 09  -112  -130 10206    80    62     6 -9999 -9999
1991 04 25 12  -112  -125 10230    90    51     7 -9999     1
1991 04 26 06   -96  -138 10218    60   134     8 -9999 -9999
1991 04 26 09   -80   -98 10186    60   144     8 -9999 -9999
1991 04 26 12   -69   -81 10155    60   139     9 -9999     5
1991 04 26 18   -48   -54 10120    90    57     7 -9999 -9999
1991 04 27 06   -24   -33 10089   210    62     8 -9999 -9999
1991 04 27 09   -14   -25 10090   220    21     8 -9999 -9999
1991 04 27 12    -2   -20 10099   220    31     7 -9999    10
1991 04 27 18    -3   -40 10159   290    82     5 -9999 -9999
1991 04 28 06   -55   -97 10274   300    31     4 -9999 -9999
1991 04 28 09 -9999 -9999 10294   290    51     3 -9999 -9999
1991 04 28 12   -50  -108 10307   290    41     2 -9999     0
1991 04 28 18   -50  -108 10307   290    41     7 -9999     0
1991 04 29 09     8    -6 10281   260    31     8 -9999 -9999
1991 04 29 12    -1    -7 10277   210    41     9 -9999    30
1991 04 29 18     0    -3 10289   230    41     9 -9999 -9999
1991 04 30 06     9    -2 10251   250    10     8 -9999 -9999
1991 04 30 09     7    -4 10232   230    41     7 -9999 -9999
1991 04 30 12    13     2 10208   250    21     7 -9999     3
1991 04 30 18     2    -4 10165   230    36     8 -9999 -9999
1991 05 01 06    -9   -34 10143   270    72     7 -9999 -9999
1991 05 01 09   -16   -46 10145   270    62     8 -9999 -9999
1991 05 01 12   -15   -45 10144   260    41     7 -9999    -1
1991 05 01 18   -19   -34 10135   230    41     6 -9999 -9999
1991 05 02 06   -24   -50 10153   300    31     8 -9999 -9999
1991 05 02 09   -31   -48 10164    80    31     8 -9999 -9999
1991 05 02 12   -39   -54 10178    80    51     8 -9999     1
1991 05 02 18   -50   -84 10179    80    51     7 -9999 -9999
1991 05 03 06   -61   -80 10172    30     5     8 -9999 -9999
1991 05 03 09   -37   -66 10169     0     0     8 -9999 -9999
1991 05 03 12   -35   -63 10160   260    10     8 -9999    -1
1991 05 03 18   -57  -114 10146   340    21     6 -9999 -9999
1991 05 04 06   -91  -130 10147   300    10     1 -9999     0
1991 05 04 09   -67  -113 10148   120    26     7 -9999 -9999
1991 05 04 12   -50   -99 10148   140    10     7 -9999     0
1991 05 04 18   -58   -97 10149   280    10     7 -9999     0
1991 05 05 06   -80  -111 10143    90    26     1 -9999     0
1991 05 05 09   -90  -110 10149    90    72     2 -9999 -9999
1991 05 05 12   -92  -112 10154    90    62     7 -9999    -1
1991 05 05 18  -110  -133 10159    70    41     1 -9999 -9999
1991 05 06 06  -129  -150 10135    80    51     1 -9999     0
1991 05 06 09  -130  -157 10129    90    57     1 -9999 -9999
1991 05 06 12  -109  -154 10125    90    10     8 -9999     0
1991 05 06 18   -94  -157 10102   320    31     7 -9999     0
1991 05 07 06  -122  -159 10128    50    51     8 -9999     0
1991 05 07 09  -121  -157 10136    60    51     8 -9999 -9999
1991 05 07 12  -110  -149 10138    90    46     6 -9999     0
1991 05 07 18   -80  -121 10133   360    10     7 -9999     0
1991 05 08 06   -80  -107 10123   360    15     8 -9999     0
1991 05 08 09   -49  -107 10125   280    41     8 -9999 -9999
1991 05 08 12   -37   -81 10128   350    41     8 -9999     0
1991 05 08 18   -35   -67 10132   290    62     7 -9999 -9999
1991 05 09 06   -61   -76 10135    90    72     8 -9999 -9999
1991 05 09 09   -61   -80 10155    90    51     8 -9999 -9999
1991 05 09 12   -57   -75 10152    90    31     7 -9999     1
1991 05 09 18   -54   -68 10144    80    21     7 -9999 -9999
1991 05 10 06   -49   -73 10111    80    41     7 -9999 -9999
1991 05 10 09   -45   -76 10109    90    57     7 -9999 -9999
1991 05 10 12   -47   -75 10104    80    62     7 -9999     0
1991 05 10 18   -44   -71 10092    80    41     7 -9999     0
1991 05 11 06   -57   -71 10081    90    72     5 -9999 -9999
1991 05 11 09   -58   -80 10083    80    72     6 -9999 -9999
1991 05 11 12   -64   -87 10088    80    82     6 -9999     0
1991 05 11 18   -65   -93 10086    90    72     7 -9999     0
1991 05 12 06   -72   -89 10104    90    51     8 -9999 -9999
1991 05 12 09   -68   -88 10112    80    62     7 -9999 -9999
1991 05 12 12   -63   -86 10122    90    72     8 -9999    -1
1991 05 12 18   -55   -77 10136    80    62     8 -9999 -9999
1991 05 13 06   -43   -70 10153    70    21     7 -9999 -9999
1991 05 13 09   -42   -61 10162    90    41     7 -9999 -9999
1991 05 13 12   -36   -61 10169    80    31     7 -9999    -1
1991 05 14 06   -67   -87 10204    80    51     3 -9999 -9999
1991 05 14 09   -70   -99 10213    80    72     2 -9999 -9999
1991 05 14 12   -65   -89 10217    80    62     2 -9999     0
1991 05 14 18   -61   -88 10225    70    21     1 -9999     0
1991 05 15 06   -62   -73 10231    90    41     6 -9999     0
1991 05 15 09   -55   -81 10236    90    51     2 -9999 -9999
1991 05 15 12   -55   -85 10245    80    51     1 -9999     0
1991 05 16 06   -40   -70 10248     0     0     7 -9999     0
1991 05 16 09   -15   -56 10257     0     0     5 -9999 -9999
1991 05 16 12    -6   -40 10259    80    10     6 -9999     0
1991 05 16 18   -13   -46 10259   210    10     7 -9999 -9999
1991 05 17 06     0   -29 10226   180    82     7 -9999 -9999
1991 05 17 09     0   -29 10226   160    51     7 -9999 -9999
1991 05 17 12     9    -8 10205   160    77     7 -9999     0
1991 05 17 18    17     6 10173   170    62     8 -9999 -9999
1991 05 18 06     9    -2 10105   160    72     8 -9999 -9999
1991 05 18 09    14     0 10076   150   103     8 -9999 -9999
1991 05 18 12    16     2 10045   150    87     8 -9999    30
1991 05 18 18    21     1 10030   250    62     8 -9999 -9999
1991 05 19 06     2   -12 10050   260    46     8 -9999 -9999
1991 05 19 09     8    -9 10054   200    21     8 -9999 -9999
1991 05 19 12     9   -14 10056   240    31     7 -9999     0
1991 05 19 18    16   -22 10023    80    21     8 -9999 -9999
1991 05 20 06     8   -13  9995   250    21     7 -9999 -9999
1991 05 20 09    10    -7  9998   270    10     8 -9999 -9999
1991 05 20 12    17    -5 10002   250    21     7 -9999    -1
1991 05 20 18    16    -6 10014     0     0     7 -9999 -9999
1991 05 21 06    11    -6 10036    70    41     8 -9999 -9999
1991 05 21 09     2    -6 10040    80    51     8 -9999 -9999
1991 05 21 12 -9999 -9999 10047    80    51     8 -9999     3
1991 05 21 18    17    -2 10050    20    31     8 -9999 -9999
1991 05 22 06    13   -16 10053    80    51     7 -9999 -9999
1991 05 22 09    15   -13 10077    30    51     8 -9999 -9999
1991 05 22 12    10   -13 10088    80    51     8 -9999     0
1991 05 22 18    -2   -20 10091    80    93     8 -9999     0
1991 05 23 06   -14   -28 10084    90    51     8 -9999 -9999
1991 05 23 09     0   -20 10078    80    10     8 -9999 -9999
1991 05 23 12    17    -8 10079   240    10     7 -9999     0
1991 05 23 18     5    -6 10070   260    31     8 -9999 -9999
1991 05 24 06    -1    -7 10071   240    31     8 -9999 -9999
1991 05 24 09    12   -14 10074   240    10     7 -9999 -9999
1991 05 24 12    13   -16 10083   280    21     6 -9999     3
1991 05 24 18    -1   -38 10114   290    31     7 -9999 -9999
1991 05 25 06   -22   -45 10149   270    41     7 -9999 -9999
1991 05 25 09   -19   -27 10161   220    46     7 -9999 -9999
1991 05 25 12    -4   -41 10166   240    41     7 -9999     1
1991 05 25 18   -12   -28 10172   210    26     7 -9999 -9999
1991 05 26 06   -16   -40 10211   260    26     8 -9999 -9999
1991 05 26 09    -1   -27 10219   280    10     8 -9999 -9999
1991 05 26 12    -1   -27 10229   290    21     8 -9999     1
1991 05 26 18     6   -11 10229   180    36     8 -9999 -9999
1991 05 27 06    16    -6 10194    80    62     7 -9999     0
1991 05 27 09    25    -5 10177    80    62     7 -9999 -9999
1991 05 27 12    28   -20 10157    80    93     6 -9999     0
1991 05 27 18    25     6 10115    70    82     7 -9999     0
1991 05 28 06    17    -2 10082    60   108     6 -9999 -9999
1991 05 28 09    28    -2 10087    70    82     6 -9999 -9999
1991 05 28 12    28    -5 10088    50    57     7 -9999    -1
1991 05 28 18    39   -39 10117    60    93     7 -9999 -9999
1991 05 29 09    15    -4 10128    60   113     7 -9999 -9999
1991 05 29 12    15    -4 10126    80    93     7 -9999    -1
1991 05 29 18    18    -1 10091    80    77     8 -9999 -9999
1991 05 30 06    22    -9 10082    60    93     8 -9999 -9999
1991 05 30 09    23    -4 10108    50    62     7 -9999 -9999
1991 05 30 12    21    -7 10131    90    72     7 -9999    -1
1991 05 30 18     7   -10 10160   100    82     8 -9999 -9999
1991 05 31 06     2   -24 10183   100    62     8 -9999     0
1991 05 31 09     6   -22 10190   100    62     7 -9999 -9999
1991 05 31 12     5   -20 10203   100    57     7 -9999     0
1991 05 31 18     4   -24 10215    90    51     7 -9999     0
1991 06 01 06   -15   -45 10246    90    77     3 -9999     0
1991 06 01 09   -20   -48 10249    90    93     7 -9999 -9999
1991 06 01 12   -19   -47 10254    90    72     8 -9999     0
1991 06 01 18    -6   -46 10257    70    51     6 -9999     0
1991 06 02 06   -12   -37 10250    90    10     7 -9999     0
1991 06 02 09     9   -27 10251   100    10     5 -9999 -9999
1991 06 02 12    10   -33 10254    90    31     5 -9999     0
1991 06 03 06   -15   -42 10222    90    62     7 -9999     0
1991 06 03 12    -9   -34 10211    90    51     7 -9999     0
1991 06 03 18     0   -36 10200    80    21     7 -9999     0
1991 06 04 06   -18   -49 10200    90    51     7 -9999     0
1991 06 04 09   -14   -58 10205    80    26     6 -9999 -9999
1991 06 04 12   -18   -60 10212    80    72     3 -9999     0
1991 06 04 18   -31   -58 10208    90   103     8 -9999     0
1991 06 05 06   -31   -69 10188    80    77     7 -9999     0
1991 06 05 09   -26   -59 10176    80    93     8 -9999 -9999
1991 06 05 12   -23   -52 10170   100    82     8 -9999     0
1991 06 05 18   -18   -49 10148    50    82     8 -9999 -9999
1991 06 06 06    -1   -27 10144    60    62     7 -9999 -9999
1991 06 06 09     7   -21 10152    80    72     6 -9999 -9999
1991 06 06 12     7   -15 10157    80    72     5 -9999     0
1991 06 06 18     5   -17 10166    70    41     7 -9999     0
1991 06 07 06    15   -17 10178     0     0     8 -9999 -9999
1991 06 07 09     3   -14 10190   100    41     8 -9999 -9999
1991 06 07 12    13   -22 10196    90    31     7 -9999     0
1991 06 07 18    13   -32 10207    80    51     7 -9999     0
1991 06 08 06     8   -15 10221    80    10     6 -9999     0
1991 06 08 09    29   -10 10223   190    10     6 -9999 -9999
1991 06 08 12    16    -3 10229   250    21     6 -9999     0
1991 06 08 18    29   -10 10231   270    10     1 -9999     0
1991 06 09 06    35   -25 10231    50    41     7 -9999     0
1991 06 09 09    37   -16 10232    40    31     4 -9999 -9999
1991 06 09 12    37   -16 10235    60    72     1 -9999     0
1991 06 09 18    25   -27 10234    70    98     3 -9999     0
1991 06 10 06    -1   -27 10242    70   123     3 -9999     0
1991 06 10 09     0   -29 10250    80   108     7 -9999 -9999
1991 06 10 12    -2   -39 10258    80   118     7 -9999     0
1991 06 10 18    -6   -37 10263    90   103     3 -9999     0
1991 06 11 06   -11   -43 10276    90    93     4 -9999     0
1991 06 11 09    -8   -36 10277    90    93     2 -9999 -9999
1991 06 11 12    -7   -29 10280    90    93     5 -9999     0
1991 06 11 18     1   -37 10280   100    82     5 -9999     0
1991 06 12 06   -25   -38 10282    80    21     6 -9999     0
1991 06 12 09   -19   -31 10286    90    15     7 -9999 -9999
1991 06 12 18    17   -11 10278    50    10     0 -9999     0
1991 06 13 06    35   -46 10254    90    21     1 -9999     0
1991 06 13 09    25   -34 10239    90    51     1 -9999 -9999
1991 06 13 12    39   -30 10249    80    51     1 -9999     0
1991 06 13 18    25   -21 10242    90    31     1 -9999     0
1991 06 14 06    14   -21 10235    90    10     0 -9999     0
1991 06 14 09    19   -18 10241   110    31     1 -9999 -9999
1991 06 14 12    24   -15 10243    80    21     5 -9999     0
1991 06 14 18    28    -5 10239   110    10     1 -9999     0
1991 06 15 06    17   -17 10236    90    10     1 -9999     0
1991 06 15 09    26    -7 10239   120    10     1 -9999 -9999
1991 06 15 12    29    -7 10243   130    10     1 -9999     0
1991 06 15 18    35   -12 10245    90    10     1 -9999     0
1991 06 16 06    16    13 10238    90    10     8 -9999     0
1991 06 16 09 -9999 -9999 10242    90    10     8 -9999 -9999
1991 06 16 12    14     3 10247   110    10     7 -9999     0
1991 06 17 06    -1   -10 10231   100    21     8 -9999 -9999
1991 06 17 09     1    -8 10226    90    21     8 -9999 -9999
1991 06 17 12     9    -2 10224   190    10     8 -9999    -1
1991 06 18 06    15    10 10188    90    21     8 -9999     0
1991 06 18 09    20     4 10188   160    21     8 -9999 -9999
1991 06 18 12    21    10 10187   190    51     8 -9999    10
1991 06 18 18    20    -5 10171     0     0     7 -9999 -9999
1991 06 19 06    16   -12 10129    80    31     7 -9999     0
1991 06 19 09    22   -18 10120   100    51     8 -9999 -9999
1991 06 19 12    15   -17 10108    90    62     8 -9999     0
1991 06 19 18    13   -13 10076   100    82     8 -9999     0
1991 06 20 06    23    -1  9987    80    62     7 -9999     0
1991 06 20 09    28     1  9964    80    62     7 -9999 -9999
1991 06 20 12    30     9 -9999    80    62     7 -9999     0
1991 06 20 18    31    23  9925    70    10     8 -9999 -9999
1991 06 21 06    35     0  9955   300    72     7 -9999 -9999
1991 06 21 09    30    20  9972   260    62     8 -9999 -9999
1991 06 21 12    41    18  9987   280    72     7 -9999     3
1991 06 22 06    35   -39 10043   320    31     6 -9999     0
1991 06 22 12    42   -26 10061   290    31     7 -9999     0
1991 06 22 18    37   -19 10071   290    51     3 -9999     0
1991 06 23 06    32    14 10085   110    10     7 -9999     0
1991 06 23 09    29     8 10088   240    31     7 -9999 -9999
1991 06 23 12    33    12 10086   230    41     7 -9999 -9999
1991 06 23 18    28    15 10082   230    36     7 -9999 -9999
1991 06 24 09    32    27 10078   240    41     7 -9999 -9999
1991 06 24 12    41    18 10083   240    26     7 -9999     1
1991 06 24 18    29    26 10091   250    31     7 -9999 -9999
1991 06 25 06    32    22 10091   250    41     7 -9999 -9999
1991 06 25 12    37    24 10099   220    31     7 -9999     1
1991 06 25 18    38    28 10094   240    21     8 -9999 -9999
1991 06 26 06    30    25 10075   230    21     8 -9999 -9999
1991 06 26 09    35    28 10074   220    21     7 -9999 -9999
1991 06 26 12    39    32 10073   220    31     7 -9999    -1
1991 06 26 18    35    20 10073   230    21     8 -9999 -9999
1991 06 27 06    13     5 10040    80    21     8 -9999     0
1991 06 27 12    19     6 10039   110    31     7 -9999     0
1991 06 27 18    15     7 10019    80    21     8 -9999     0
1991 06 28 06    14    -2 10007    90    21     8 -9999 -9999
1991 06 28 09    21    -4 10024    70    31     8 -9999 -9999
1991 06 28 12    25     6 10041   230     5     8 -9999     0
1991 06 28 18    24    19 10075   220    21     8 -9999 -9999
1991 06 29 06    33    26 10130   250    10     7 -9999 -9999
1991 06 29 09    33    26 10143   190    41     8 -9999 -9999
1991 06 29 12    38    31 10150   210    21     8 -9999 -9999
1991 06 29 18    43    36 10148   210    31     7 -9999 -9999
1991 06 30 06    47    43 10071   180    62     8 -9999 -9999
1991 06 30 09    44    29 10047   100    51     8 -9999 -9999
1991 06 30 12    42    27 10026    80    62     8 -9999     5
1991 06 30 18    32    30 10006   100    21     8 -9999 -9999
1991 07 01 06    35    14  9989   220    41     7 -9999 -9999
1991 07 01 09    45    17  9984    70    10     7 -9999 -9999
1991 07 01 12    53    15  9964    60    31     7 -9999     0
1991 07 01 18    51     4  9942    90    31     7 -9999     0
1991 07 02 06    41    33 10009   280    51     8 -9999 -9999
1991 07 02 09    40    12 10022   290    62     7 -9999 -9999
1991 07 02 12    38    26 10030   260    93     7 -9999     3
1991 07 02 18    34    13 10039   200    26     7 -9999 -9999
1991 07 03 06    42    14 10038   220    10     7 -9999     0
1991 07 03 09    39    13 10050   240    51     7 -9999 -9999
1991 07 03 12    49    22 10040   240    31     8 -9999     0
1991 07 03 18    43    28  9862   240    72     8 -9999     0
1991 07 04 06    43    -5 10022   360    26     1 -9999 -9999
1991 07 04 09    61     8 10055   110    10     1 -9999 -9999
1991 07 04 12    57    23 10080   280    51     6 -9999     0
1991 07 04 18    48     1 10096   280    51     3 -9999     0
1991 07 05 06    34    -1 10078    70    31     7 -9999     0
1991 07 05 09    47    11 10071   120    10     8 -9999 -9999
1991 07 05 12    45     6 10067   110    21     8 -9999     0
1991 07 05 18    37    14 10064   250    62     7 -9999 -9999
1991 07 06 06    40     6 10071   270    51     7 -9999 -9999
1991 07 06 09    48     7 10075   280    31     7 -9999 -9999
1991 07 06 12    51   -11 10076   260    77     7 -9999    -1
1991 07 06 18    52    11 10082   280    51     6 -9999 -9999
1991 07 07 06    40    14 10072   330    51     8 -9999 -9999
1991 07 07 09    40    30 10071   330    51     6 -9999 -9999
1991 07 07 12    60    12 10075   330    41     6 -9999    20
1991 07 07 18    48    23 10088   330    62     7 -9999 -9999
1991 07 08 06    39   -13 10099   350    41     6 -9999 -9999
1991 07 08 09    45     0 10097   290    57     7 -9999 -9999
1991 07 08 12    46    -5 10093   300    51     5 -9999    -1
1991 07 08 18    45    -9 10092   300    41     6 -9999 -9999
1991 07 09 06    30    -8 10104    90    15     6 -9999     0
1991 07 09 09    34     5 10105    80    15     7 -9999 -9999
1991 07 09 12    43    -2 10106   330    21     5 -9999     0
1991 07 09 18    45    -2 10104   280    31     6 -9999 -9999
1991 07 10 06    30    15 10089   200    46     7 -9999 -9999
1991 07 10 09    31    18 10085   180    51     8 -9999 -9999
1991 07 10 12    41    34 10079   200    62     8 -9999    20
1991 07 10 18    38    18 10068   210    46     8 -9999 -9999
1991 07 11 06    31    -1 10070   270    21     6 -9999 -9999
1991 07 11 09    33    -8 10072   290    41     6 -9999 -9999
1991 07 11 12    41   -11 10075   290    62     5 -9999     0
1991 07 11 18    39    -7 10081   290    51     7 -9999 -9999
1991 07 12 06    30     9 10053   250    51     8 -9999 -9999
1991 07 12 09    34    16 10037   270    62     7 -9999 -9999
1991 07 12 12    33   -14 10028   300    72     7 -9999    -1
1991 07 12 18    28    -5 10027   290    77     7 -9999 -9999
1991 07 13 12    36    13 10052   220    51     6 -9999    -1
1991 07 13 18    36    10 10045   180    31     8 -9999 -9999
1991 07 14 06    43    38 10033   150    21     8 -9999 -9999
1991 07 14 09    47    42 10037   170    36     8 -9999 -9999
1991 07 14 18    44    39 10048     0     0     8 -9999 -9999
1991 07 15 06    37    35 10079   190    21     7 -9999 -9999
1991 07 15 09    54    45 10094   250    62     7 -9999 -9999
1991 07 15 12    47    11 10107   250    57     8 -9999     0
1991 07 15 18    46    10 10125   250    51     5 -9999     0
1991 07 16 06    42    11 10140   100    10     1 -9999     0
1991 07 16 09    54    25 10141   210    21     1 -9999 -9999
1991 07 16 12    68    25 10140    70    15     7 -9999     0
1991 07 16 18    56    37 10141    70    10     7 -9999     0
1991 07 17 06    50    25 10139   110    31     7 -9999     0
1991 07 17 09    56    24 10144    80    21     8 -9999 -9999
1991 07 17 12 -9999 -9999 10153   100    26     7 -9999     0
1991 07 17 18    51    37 10167    90    21     7 -9999     0
1991 07 18 06    34    29 10187   200    31     8 -9999     0
1991 07 18 09    25    22 10197   200    41     8 -9999 -9999
1991 07 18 12    28    23 10198   200    21     8 -9999     0
1991 07 18 18    37    22 10200    90    21     8 -9999     0
1991 07 19 06    40    17 10208    80    41     8 -9999     0
1991 07 19 12    40    17 10221    80    62     7 -9999     0
1991 07 19 18    45    12 10220    70    62     8 -9999     0
1991 07 20 06    35    12 10219    80    82     7 -9999     0
1991 07 20 09    34    13 10234    80    93     7 -9999     0
1991 07 20 12    38    12 10237    90    93     7 -9999     0
1991 07 20 18    41    10 10238    90    82     3 -9999     0
1991 07 21 06    46    10 10244    60    67     3 -9999     0
1991 07 21 09    52    17 10244    80    51     7 -9999 -9999
1991 07 21 12    58    24 10248    80    62     7 -9999     0
1991 07 21 18    64    23 10245    70    57     1 -9999     0
1991 07 22 06    68    13 10239    80    41     0 -9999     0
1991 07 22 09    81    15 10237    80    51     1 -9999     0
1991 07 22 12    86    24 10235    70    51     1 -9999 -9999
1991 07 22 18    72    27 10236    50    41     1 -9999     0
1991 07 23 06    50    28 10234   250    21     7 -9999     0
1991 07 23 09    70    27 10236     0     0     7 -9999 -9999
1991 07 23 12    82    11 10237    70    41     7 -9999     0
1991 07 23 18    74    26 10241 -9999    10     6 -9999     0
1991 07 24 06    39    27 10249   130    10     1 -9999     0
1991 07 24 09    58    34 10251   200    21     1 -9999     0
1991 07 24 12    68    40 10255   190    21     1 -9999     0
1991 07 24 18    57    45 10247   150    21     2 -9999     0
1991 07 25 06    35    25 10237   110    10     1 -9999     0
1991 07 25 09    52    33 10232   200    10     1 -9999 -9999
1991 07 25 12    65    44 10228 -9999 -9999     1 -9999     0
1991 07 25 18    65    44 10217   110     5     1 -9999     0
1991 07 26 06    56    16 10187    90    21     2 -9999     0
1991 07 26 09    59    33 10185    80    21     4 -9999     0
1991 07 26 12    54    30 10184    90    31     7 -9999     0
1991 07 26 18    54    35 10180    90    10     7 -9999     0
1991 07 27 06    50    20 10155    90    31     6 -9999     0
1991 07 27 09    56    32 10154    90    26     7 -9999 -9999
1991 07 27 12    58    32 10154   260    10     7 -9999     0
1991 07 27 18    56    35 10134   180    10     7 -9999     0
1991 07 28 06    36 -9999 10103    80    21     8 -9999     0
1991 07 28 12    49    27 10096   210    21     7 -9999     0
1991 07 28 18    42    30 10079   130    21     7 -9999     0
1991 07 29 06    55    23 10008    70    77     8 -9999 -9999
1991 07 29 09    73    28  9997    70    51     8 -9999 -9999
1991 07 29 12    56    24  9992    30    82     8 -9999    -1
1991 07 29 18    50    31  9995    90    21     8 -9999 -9999
1991 07 30 06    52    38 10037    90    21     7 -9999     0
1991 07 30 09    74    37 10053   250    41     6 -9999 -9999
1991 07 30 12    64    41 10071   240    72     5 -9999    -1
1991 07 30 18    70    32 10103   270    51     4 -9999     0
1991 07 31 06    47    45 10103   240    51     7 -9999 -9999
1991 07 31 12    47    45 10102   240    41     8 -9999 -9999
1991 07 31 18    47    40 10085   240    36     7 -9999 -9999
1991 08 01 06    54    14 10099   300    51     3 -9999     0
1991 08 01 09    58    16 10129 -9999 -9999     1 -9999 -9999
1991 08 01 12    70    16 10148 -9999 -9999     1 -9999     0
1991 08 01 18    74    12 10174    90    31     0 -9999     0
1991 08 02 06    44    32 10187   240    10     7 -9999     0
1991 08 02 09    49    37 10176   230    21     7 -9999 -9999
1991 08 02 12    54    52 10159   190    41     8 -9999    -1
1991 08 02 18    52    50 10144   250    51     7 -9999 -9999
1991 08 03 06    44    24 10125   280    41     7 -9999 -9999
1991 08 03 09    48    26 10131    80    21     4 -9999 -9999
1991 08 03 12    66    17 10139   260    51     2 -9999     0
1991 08 03 18    58    34 10152    60    41     1 -9999     0
1991 08 04 06    48    36 10154   220    21     8 -9999 -9999
1991 08 04 09    50    48 10149   220    46     8 -9999 -9999
1991 08 04 12    60    46 10148   240    62     7 -9999    -1
1991 08 04 18    55    28 10153   240    51     5 -9999 -9999
1991 08 05 06    37    14 10158   100    21     3 -9999     0
1991 08 05 18    51    24 10162    80    51     5 -9999     0
1991 08 06 06    53    10 10149    50    41     3 -9999     0
1991 08 06 09    58    21 10149    80    62     7 -9999 -9999
1991 08 06 12    64    20 -9999    70    41     7 -9999     0
1991 08 06 18    51    19 10140    80    51     7 -9999     0
1991 08 07 06    35    17 10137    90    72     6 -9999     0
1991 08 07 09    46    16 10144    60    31     7 -9999 -9999
1991 08 07 18    48    18 10135    90    31     6 -9999     0
1991 08 08 06    40    10 10095    30    51     7 -9999     0
1991 08 08 09    60    15 10083    50    41     8 -9999 -9999
1991 08 08 12    61    19 10075    60    41     8 -9999     0
1991 08 08 18    45    38 10062    60    41     8 -9999 -9999
1991 08 09 06    36    34 10061    90    31     8 -9999 -9999
1991 08 09 09    50    50 10069   160    10     8 -9999 -9999
1991 08 09 12    54    45 10073   100    31     7 -9999     1
1991 08 09 18    55    53 10072    60    10     8 -9999 -9999
1991 08 10 06    43    41 10057    70    26     8 -9999 -9999
1991 08 10 09    58    46 10050    80    41     7 -9999 -9999
1991 08 10 12    58    49 10044    90    51     7 -9999     0
1991 08 10 18    54    45 10032    90    72     7 -9999     0
1991 08 11 06    72    37  9995    70    51     6 -9999     0
1991 08 11 09    74    37  9988    50   103     5 -9999 -9999
1991 08 11 12    76    39  9986    60    82     5 -9999     0
1991 08 12 06    72    47  9942    60    93     8 -9999 -9999
1991 08 12 09    74    47  9947    80    93     7 -9999 -9999
1991 08 12 12    65    44  9943    60   103     8 -9999    -1
1991 08 12 18    77    45  9948    60   103     7 -9999 -9999
1991 08 13 06    54    37  9975    60    62     8 -9999 -9999
1991 08 13 09    57    35  9986    80    62     7 -9999 -9999
1991 08 13 12    53    36  9998    80    51     7 -9999     1
1991 08 13 18    54    49 10024    70    31     7 -9999 -9999
1991 08 14 06    44    39 10071    60    10     8 -9999 -9999
1991 08 14 09    56    49 10081     0     0     8 -9999 -9999
1991 08 14 12    60    53 10093 -9999    10     8 -9999     1
1991 08 14 18    46    34 10095    90    10     7 -9999 -9999
1991 08 15 06 -9999 -9999 10092    80    93     6 -9999 -9999
1991 08 15 09    62    39 10092    80    72     7 -9999 -9999
1991 08 15 12    68    35 10097    80    51     6 -9999    -1
1991 08 15 18    61    35 10083    80   103     6 -9999 -9999
1991 08 16 06    67    44 10068    70    62     7 -9999     0
1991 08 16 09    66    30 10064    70   134     6 -9999 -9999
1991 08 16 12    68    35 10056    70   134     7 -9999     0
1991 08 16 18    67    39 10028    70   164     8 -9999 -9999
1991 08 17 06    58    39 10026    90    51     8 -9999 -9999
1991 08 17 09    52    43 10034    60    21     8 -9999 -9999
1991 08 17 12    50    45 10038   250    41     6 -9999    -1
1991 08 17 18    50    17 10034   210    21     7 -9999 -9999
1991 08 18 09    50    48 10021   250    62     8 -9999 -9999
1991 08 18 12    65    47 10037   240    62     7 -9999     5
1991 08 18 18    46    39 10080   270    82     8 -9999 -9999
1991 08 19 06    47    45 10098   230    41     8 -9999 -9999
1991 08 19 09    50    48 10112   220    62     8 -9999 -9999
1991 08 19 12    54    52 10124 -9999    10     7 -9999    -1
1991 08 19 18    53    48 10136 -9999    10     7 -9999 -9999
1991 08 20 06    39    27 10133    90    21     7 -9999     0
1991 08 20 09    41    29 10131    80    21     8 -9999 -9999
1991 08 20 12    52    35 10135    80    21     8 -9999     0
1991 08 20 18    42    25 10125    90    31     7 -9999     0
1991 08 21 06    36    26 10107    90    31     3 -9999     0
1991 08 21 09    36    31 10099   120    31     2 -9999 -9999
1991 08 21 12    51    34 10097    80    51     5 -9999     0
1991 08 21 18    47    25 10078    80   103     4 -9999     0
1991 08 22 06    69    46  9969    70   103     8 -9999 -9999
1991 08 22 09    76    58  9950    60    77     8 -9999 -9999
1991 08 22 12    83    61  9946    90    31     8 -9999    50
1991 08 22 18    70    61  9916   160    93     7 -9999 -9999
1991 08 23 06    48    46  9956   240    62     8 -9999 -9999
1991 08 23 09    53    48  9973   240    72     8 -9999 -9999
1991 08 23 12    56    51  9992   240    93     8 -9999    30
1991 08 23 18    48    46 10003   260    62     8 -9999 -9999
1991 08 24 06    68    38  9899    50    93     8 -9999 -9999
1991 08 24 09    69    39  9851    40    93     8 -9999 -9999
1991 08 24 12    66    43  9846   110    31     8 -9999    30
1991 08 24 18    48 -9999  9867   290   103     8 -9999 -9999
1991 08 25 06    34    24  9976   270   134     8 -9999 -9999
1991 08 26 06    39    11 10087   270    62     6 -9999 -9999
1991 08 26 09    56    51 10119   240    41     8 -9999 -9999
1991 08 26 12    61    59 10117   260    21     8 -9999    10
1991 08 26 18    62    55 10096   190    62     7 -9999 -9999
1991 08 27 06    64    64 10026   200    62     8 -9999 -9999
1991 08 27 09    67    65 10018   200    21     8 -9999 -9999
1991 08 27 12    59    57 10009   240    31     8 -9999     3
1991 08 27 18    64    62  9989   180    93     8 -9999 -9999
1991 08 28 06    44    19 10001   270    41     7 -9999 -9999
1991 08 28 09    52    22 10027   250    62     7 -9999 -9999
1991 08 28 12    46    31 10040   240    31     7 -9999    -1
1991 08 28 18    57    50 10013   180    72     8 -9999 -9999
1991 08 29 06    45    43  9938   210    31     8 -9999 -9999
1991 08 29 09    48    41  9933   240    41     7 -9999 -9999
1991 08 29 12    54    40  9934   220    31     5 -9999    10
1991 08 29 18    62     9  9879    60    62     6 -9999     0
1991 08 30 06    24   -15  9841   350    62     8 -9999 -9999
1991 08 30 09    16    -6  9875   220    26     8 -9999 -9999
1991 08 30 12    38   -24  9912   300    62     3 -9999     5
1991 08 30 18    24   -15  9965   290    62     6 -9999 -9999
1991 08 31 06    19    -9 10009   290    51     6 -9999 -9999
1991 08 31 09    25   -17 10025   290    62     5 -9999 -9999
1991 08 31 12    38   -11 10048   290    62     4 -9999     3
1991 09 01 06    24     5 10089   270    51     7 -9999 -9999
1991 09 01 09    37     6 10082   250    51     7 -9999 -9999
1991 09 01 12    45    12 10070   230    31     5 -9999    -1
1991 09 01 18    41    27 10013    60    31     7 -9999 -9999
1991 09 02 06    24    13  9849    90    51     8 -9999 -9999
1991 09 02 09    31    23  9847     0     0     8 -9999 -9999
1991 09 02 12    38     1  9876   290    77     7 -9999    50
1991 09 02 18    26   -19  9936   280    62     6 -9999 -9999
1991 09 03 06     9   -37  9932   280    31     5 -9999 -9999
1991 09 03 09    13   -10  9916    50    10     7 -9999 -9999
1991 09 03 12    14   -15  9910 -9999    10     8 -9999     1
1991 09 03 18     6    -2  9903    50    10     7 -9999 -9999
1991 09 04 06    -4   -49  9939   290    31     5 -9999     0
1991 09 04 09     8   -45  9947   290    31     1 -9999 -9999
1991 09 04 12    18   -11  9957   300    31     3 -9999     0
1991 09 04 18     0 -9999  9967    60    10     7 -9999 -9999
1991 09 05 06   -20   -26  9997    80    51     2 -9999 -9999
1991 09 05 12    17   -34 10038    50    51     4 -9999     0
1991 09 05 18    19   -31 10077 -9999    21     6 -9999     0
1991 09 06 06   -11   -36 10137     0     0     1 -9999     0
1991 09 06 09    11   -28 10141     0     0     6 -9999 -9999
1991 09 06 12    24   -12 10152   120    10     7 -9999     0
1991 09 06 18    26     5 10152     0     0     7 -9999     0
1991 09 07 06    19    11 10149    80    10     7 -9999 -9999
1991 09 07 09    20    15 10151     0     0     8 -9999 -9999
1991 09 07 12    30    25 10153   110    10     8 -9999    -1
1991 09 07 18    19    16 10141    70    21     8 -9999 -9999
1991 09 08 06    21    -1 10122    50    31     8 -9999 -9999
1991 09 08 09    18    -1 10123    80    62     7 -9999 -9999
1991 09 08 12    18     2 10127    70    62     8 -9999     0
1991 09 08 18    10     2 10124    90    31     8 -9999 -9999
1991 09 09 06     6     0 10094     0     0     6 -9999 -9999
1991 09 09 09    17     4 10092 -9999    10     6 -9999 -9999
1991 09 09 12    25     6 10083 -9999    10     5 -9999     0
1991 09 09 18    12    -2 10069 -9999    10     5 -9999     0
1991 09 10 09    11     3 10068   110    21     7 -9999 -9999
1991 09 10 12    12     7 10076   130    10     7 -9999     0
1991 09 10 18    17   -34 10087   320    31     7 -9999     0
1991 09 11 06     7   -26 10098     0     0     7 -9999     0
1991 09 11 09    17   -17 10098     0     0     7 -9999 -9999
1991 09 11 12    30   -28 10099 -9999    21     7 -9999     0
1991 09 11 18    15    -7 10100 -9999    10     6 -9999     0
1991 09 12 06   -15   -31 10065     0     0     1 -9999     0
1991 09 12 09    10   -32 10051   130    10     1 -9999 -9999
1991 09 12 12     8   -35 10044    90    31     4 -9999     0
1991 09 12 18    -4   -35 10030    80    21     3 -9999     0
1991 09 13 06   -35   -45 10026    60    10     2 -9999     0
1991 09 13 09   -15   -44 10028    80    21     1 -9999 -9999
1991 09 13 12    -7   -42 10031    80    21     2 -9999     0
1991 09 13 18     4   -39 10042 -9999    10     6 -9999     0
1991 09 14 06     6   -24 10044   260    21     7 -9999     0
1991 09 14 09    19   -25 10049   310    41     7 -9999 -9999
1991 09 14 12    29   -19 10054   320    51     7 -9999    -1
1991 09 15 06   -20   -29 10037     0     0     2 -9999 -9999
1991 09 15 09    -4   -35 10032    90    21     2 -9999     0
1991 09 15 12    -4   -42 10024    90    31     2 -9999     0
1991 09 15 18    12   -44 10002    30    62     6 -9999     0
1991 09 16 06    12   -51  9991    20    51     7 -9999     0
1991 09 16 09    18   -55 10000    30    51     7 -9999 -9999
1991 09 16 12    20   -56 10015   360    21     7 -9999     0
1991 09 16 18     1   -17 10029    60    10     7 -9999 -9999
1991 09 17 06    -4   -45 10055   290    51     6 -9999     0
1991 09 17 09    -1   -34 10073   290    41     4 -9999 -9999
1991 09 17 12     7   -46 10094    70    21     2 -9999     0
1991 09 17 18    12   -47 10106   280    10     7 -9999     0
1991 09 18 06     0   -41 10149   330    10     7 -9999     0
1991 09 18 09     2   -28 10155 -9999    10     7 -9999 -9999
1991 09 18 12     7   -39 10159     0     0     8 -9999    -1
1991 09 18 18 -9999 -9999 10146    70    21     8 -9999 -9999
1991 09 19 06    18   -16 10124    70    62     8 -9999     0
1991 09 19 09    19   -35 10123    80   103     7 -9999 -9999
1991 09 19 12    24   -25 10115    70   123     6 -9999     0
1991 09 19 18    16    -6 10090    70   144     6 -9999 -9999
1991 09 20 06    42    17 10087    70   113     8 -9999 -9999
1991 09 20 09    39    19 10100    90    93     8 -9999 -9999
1991 09 20 12    41     7 10105   100    82     7 -9999     0
1991 09 20 18    34     2 10109    80   103     7 -9999 -9999
1991 09 21 06    47    25 10156     0     0     8 -9999 -9999
1991 09 21 09    48    23 10173    50    31     7 -9999 -9999
1991 09 21 12    41    21 10185    80    62     8 -9999    -1
1991 09 21 18    40    -3 10200    80    72     7 -9999 -9999
1991 09 22 06    16   -12 10224    80    82     1 -9999     0
1991 09 22 09    28   -17 10223    60    72     1 -9999 -9999
1991 09 22 12    28   -17 10222    80   103     1 -9999     0
1991 09 22 18    36    -7 10219    80    93     1 -9999     0
1991 09 23 06    16 -9999 10196    90   103     6 -9999     0
1991 09 23 09    16    -9 10187   110    93     6 -9999 -9999
1991 09 23 12    16 -9999 10178   100    93     7 -9999     0
1991 09 23 18    19    -3 10161    90    51     7 -9999 -9999
1991 09 24 06    17    -2 10102    90    72     7 -9999 -9999
1991 09 24 09    18     2 10086    80    93     8 -9999 -9999
1991 09 25 06    32   -12 10037    50   113     7 -9999 -9999
1991 09 25 09    28   -11 10036    40    82     7 -9999 -9999
1991 09 25 12    33   -21 10035    50    82     7 -9999    -1
1991 09 25 18    37   -36 10026    50    82     7 -9999 -9999
1991 09 26 06    21   -45 10020    70    62     7 -9999     0
1991 09 26 09    21   -43 10024    40    67     7 -9999 -9999
1991 09 26 12    22   -42 10026    20    51     7 -9999    -1
1991 09 26 18    14   -45 10026    30    72     5 -9999 -9999
1991 09 27 06    14   -27 10034    50    31     7 -9999     0
1991 09 27 09    15   -23 10041    60    41     7 -9999 -9999
1991 09 27 12     8     5 10049    90    62     8 -9999    -1
1991 09 27 18     0   -26 10053     0     0     5 -9999 -9999
1991 09 28 06     2   -15 10054    90    31     6 -9999     0
1991 09 28 09     8   -53 10056    30    41     2 -9999 -9999
1991 09 28 12    16   -58 10054    20    31     1 -9999     0
1991 09 28 18     4   -62 10038   300    21     7 -9999     0
1991 09 29 06    -2   -11 10027   360    41     8 -9999 -9999
1991 09 29 09   -10   -46 10033   360    21     8 -9999 -9999
1991 09 29 12   -14   -54 10045    60    41     8 -9999    -1
1991 09 29 18   -19   -73 10056    50    51     7 -9999 -9999
1991 09 30 06   -29   -59 10080    60    62     7 -9999 -9999
1991 09 30 09   -26 -9999 10086    60    67     7 -9999 -9999
1991 09 30 12   -24   -50 10095    70    62     7 -9999     0
1991 09 30 18   -33   -65 10092    80    72     7 -9999     0
1991 10 01 06   -26   -52 10064    60    72     8 -9999     0
1991 10 01 09   -20   -62 10063    60    72     8 -9999 -9999
1991 10 01 12   -26  -105 10059    40    62     2 -9999     0
1991 10 01 18   -24   -64 10042    50    51     4 -9999     0
1991 10 02 06     6   -22 10027    40    72     8 -9999 -9999
1991 10 02 09    12   -17 10039    60    72     7 -9999 -9999
1991 10 02 12    15   -26 10054    70    72     8 -9999    -1
1991 10 02 18     7   -32 10085    30    51     6 -9999 -9999
1991 10 03 06    -4   -42 10145    60    51     6 -9999 -9999
1991 10 03 09    -7   -23 10155    60    72     6 -9999 -9999
1991 10 03 12    -6   -24 10162    60    51     6 -9999    -1
1991 10 03 18   -22   -34 10171    50    31     8 -9999 -9999
1991 10 04 06   -20   -32 10177    60    51     8 -9999 -9999
1991 10 04 09   -20   -23 10185    60    31     8 -9999 -9999
1991 10 04 12     1   -13 10183   180    36     8 -9999    50
1991 10 04 18     2    -1 10179   260    57     8 -9999 -9999
1991 10 05 06    10    -1 10181   240    41     7 -9999 -9999
1991 10 05 09    15    -7 10187   280    62     7 -9999 -9999
1991 10 05 12    19    -6 10188   270    51     6 -9999     3
1991 10 05 18    12   -40 10193   300    21     3 -9999     0
1991 10 06 06     6   -33 10157    50    31     7 -9999     0
1991 10 06 09    19   -15 10150   120    51     7 -9999 -9999
1991 10 06 12    22   -12 10141    80    41     8 -9999     0
1991 10 06 18    20   -27 10124    90    41     7 -9999     0
1991 10 07 06     0   -18 10111    80    21     4 -9999     0
1991 10 07 09     8   -15 10121    90    31     4 -9999 -9999
1991 10 07 12    13   -22 10127   360    31     2 -9999     0
1991 10 07 18    -8   -27 10112    80    51     2 -9999     0
1991 10 08 06    -7   -45 10123    50   123     8 -9999     0
1991 10 08 09   -17   -31 10109    40   123     8 -9999 -9999
1991 10 09 06   -38   -63 10021    50   144     8 -9999 -9999
1991 10 09 09   -46   -52 10000    40   144     8 -9999 -9999
1991 10 09 12   -37   -59  9995    40   134     7 -9999    -1
1991 10 09 18   -33   -68 10039    40    62     8 -9999 -9999
1991 10 10 06   -32   -49 10097    50    31     8 -9999 -9999
1991 10 10 09   -21   -33 10093    60    31     8 -9999 -9999
1991 10 10 12    -9   -22 10078    70    26     8 -9999     5
1991 10 10 18    17     6 10001   150    82     8 -9999 -9999
1991 10 11 06    17     4  9883    80    31     8 -9999 -9999
1991 10 11 09    13     8  9900    60    41     8 -9999 -9999
1991 10 11 12     5     2  9917    60    21     8 -9999    30
1991 10 11 18     9     4  9934    60    51     8 -9999 -9999
1991 10 12 06     2   -15  9988    70    82     8 -9999 -9999
1991 10 12 09    -1   -15 10000    70    82     8 -9999 -9999
1991 10 12 12    -2   -14 10003    60    77     8 -9999    10
1991 10 12 18     7   -15 10025    50    51     8 -9999 -9999
1991 10 13 06    -5   -33 10015    60    82     7 -9999 -9999
1991 10 13 09    -9   -38 10015    30    62     7 -9999 -9999
1991 10 13 12   -20   -41 10025    30    41     5 -9999    -1
1991 10 13 18   -36   -76 10054    10    21     3 -9999     0
1991 10 14 06   -26   -52 10108    50    41     8 -9999 -9999
1991 10 14 09   -27   -50 10116    70    41     8 -9999 -9999
1991 10 14 12   -21   -53 10125    80    31     7 -9999    -1
1991 10 15 06   -40   -77 10117    10    21     8 -9999 -9999
1991 10 15 09   -46   -81 10120    30    41     8 -9999 -9999
1991 10 15 12   -52  -107 10129    20    62     6 -9999 -9999
1991 10 15 18   -93  -133 10131 -9999    10     0 -9999 -9999
1991 10 16 06   -86  -134 10115 -9999    21     0 -9999     0
1991 10 16 09   -68 -9999 10117     0     0     1 -9999 -9999
1991 10 16 12   -13   -64 10114   330     5     1 -9999     0
1991 10 16 18   -58  -106 10090   340    31     7 -9999 -9999
1991 10 17 06   -67  -104 10090   360    21     7 -9999     0
1991 10 17 09   -71  -119 10092   360    31     7 -9999 -9999
1991 10 17 12   -72  -125 10091   360    62     6 -9999     0
1991 10 17 18   -87  -130 10101    10    62     6 -9999 -9999
1991 10 18 06  -144  -210 10151    30    62     1 -9999     0
1991 10 18 09  -138  -201 10161   360    41     1 -9999 -9999
1991 10 18 12  -118  -186 10164   320    31     1 -9999     0
1991 10 18 18  -128  -180 10159 -9999    10     0 -9999     0
1991 10 19 06  -122  -178 10156   360    51     0 -9999     0
1991 10 19 09  -136  -158 10161    50    31     0 -9999 -9999
1991 10 19 12  -121  -139 10155    60    31     3 -9999     0
1991 10 19 18  -128  -160 10127    60    31     3 -9999     0
1991 10 20 06   -42   -68 10064    60    51     7 -9999 -9999
1991 10 20 09   -26 -9999  9956    80    51     7 -9999 -9999
1991 10 20 12   -18   -39  9959    40    41     8 -9999    -1
1991 10 20 18    -7   -32 10042   110    41     8 -9999 -9999
1991 10 21 06   -12   -59 10033    80    82     6 -9999 -9999
1991 10 21 09   -16   -57 10048    60    82     6 -9999 -9999
1991 10 21 12   -12   -48 10050    60    72     7 -9999    -1
1991 10 21 18 -9999 -9999 10064    50    62     5 -9999 -9999
1991 10 22 06   -26   -63 10097    30    41     1 -9999 -9999
1991 10 22 09   -29   -79 10107   360    57     1 -9999 -9999
1991 10 22 12   -34   -78 10114   360    51     1 -9999     0
1991 10 22 18   -65   -93 10119    50    21     1 -9999     0
1991 10 23 06   -54   -96 10133 -9999    10     7 -9999     0
1991 10 23 09   -52   -85 10139    10    41     7 -9999 -9999
1991 10 23 12   -59   -86 10143    70    41     5 -9999     0
1991 10 23 18   -48   -84 10147 -9999    31     6 -9999     0
1991 10 24 09   -22   -44 10022    70   144     8 -9999 -9999
1991 10 24 12   -10   -29  9991    50    62     8 -9999     0
1991 10 24 18    15   -17  9929    70   103     8 -9999     0
1991 10 25 06   -16   -36  9888   250   103     8 -9999 -9999
1991 10 25 09   -17   -22  9861   250   103     8 -9999 -9999
1991 10 25 12     2    -1  9880   280   113     8 -9999     3
1991 10 25 18   -34   -59  9966   330   103     7 -9999 -9999
1991 10 26 06   -68  -105 10084   300    31     3 -9999 -9999
1991 10 26 09   -71  -109 10101   320    21     6 -9999 -9999
1991 10 26 12   -72  -120 10116   360    10     4 -9999     0
1991 10 26 18   -81  -127 10120    20    41     6 -9999     0
1991 10 27 09   -66   -94 10189     0     0     5 -9999 -9999
1991 10 27 12   -48  -101 10217   360    21     5 -9999     5
1991 10 27 18   -97  -138 10269    50    72     3 -9999 -9999
1991 10 28 06   -66   -82 10307   110    31     8 -9999 -9999
1991 10 28 09   -52   -66 10308   100    21     8 -9999 -9999
1991 10 28 12   -48   -51 10315   110    51     8 -9999     3
1991 10 28 18   -50  -371 10332   110    93     8 -9999 -9999
1991 10 29 06   -60   -91 10371    90    82     8 -9999 -9999
1991 10 29 09   -62   -93 10375   100    93     8 -9999 -9999
1991 10 29 12   -63   -90 10373    90   103     8 -9999    -1
1991 10 29 18   -44   -63 10342    90    82     8 -9999 -9999
1991 10 30 06    -1   -24 10184   100    72     8 -9999 -9999
1991 10 30 09     5   -14 10140   100    62     8 -9999 -9999
1991 10 30 12    12    -5 10095   100    67     8 -9999    10
1991 10 30 18    11     8 10048   290    82     8 -9999 -9999
1991 10 31 06   -34   -45 10006   300    82     8 -9999 -9999
1991 10 31 09   -54   -75 10003   300   113     8 -9999 -9999
1991 10 31 12   -66  -117  9999   300   103     8 -9999     3
1991 10 31 18   -67   -95  9981   320    21     8 -9999 -9999
1991 11 01 06   -40   -70 10057   330    31     7 -9999 -9999
1991 11 01 09   -56   -94 10082    50    10     4 -9999 -9999
1991 11 01 12   -68  -101 10098    20    41     1 -9999     0
1991 11 01 18   -49   -77 10129    90    51     4 -9999     0
1991 11 02 06   -65   -93 10247    90    93     4 -9999 -9999
1991 11 02 09   -86  -134 10157    80    93     3 -9999 -9999
1991 11 02 12   -96  -101 10158    70    93     3 -9999    -1
1991 11 02 18   -98  -124 10155    60   144     3 -9999 -9999
1991 11 03 06   -71  -105 10140    40    62     2 -9999     0
1991 11 03 09   -70  -108 10142    40    93     4 -9999 -9999
1991 11 03 12   -86  -134 10133    60   103     2 -9999     0
1991 11 03 18   -78  -134 10104    30    51     6 -9999 -9999
1991 11 04 06   -67  -100  9987   300    41     5 -9999 -9999
1991 11 04 09   -68  -101  9954   340    51     6 -9999 -9999
1991 11 04 12   -78  -145  9929   360    31     5 -9999     1
1991 11 05 06  -109  -142  9906   340    21     8 -9999 -9999
1991 11 05 09  -117  -136  9907   360    31     8 -9999 -9999
1991 11 05 12  -108  -141  9910   310    41     7 -9999     3
1991 11 05 18  -105  -132  9911   310    82     8 -9999 -9999
1991 11 06 06  -122  -165  9922   330    10     6 -9999 -9999
1991 11 06 09   -95  -135  9932   330    41     7 -9999 -9999
1991 11 06 12  -119  -155  9936    20    10     6 -9999    -1
1991 11 07 09  -135  -163 10059    70    10     1 -9999 -9999
1991 11 07 12  -130  -163 10064   120    21     1 -9999     0
1991 11 07 18  -128  -160 10070   350    10     0 -9999     0
1991 11 08 06  -121  -157 10071    90    10     0 -9999 -9999
1991 11 08 09  -105  -167 10069 -9999    21     2 -9999 -9999
1991 11 08 12   -93  -155 10069    60    51     3 -9999     0
1991 11 08 18  -117  -158 10065    80    51     2 -9999     0
1991 11 09 06  -114  -138 10045    80    82     8 -9999     0
1991 11 09 09  -117  -131 10029    50   113     8 -9999 -9999
1991 11 09 12  -111  -119 10000    60   134     8 -9999    -1
1991 11 09 18   -95  -107  9959    70    93     8 -9999 -9999
1991 11 10 06   -29   -63  9909    60   103     8 -9999 -9999
1991 11 10 09   -39   -54  9906    80   113     7 -9999 -9999
1991 11 10 12   -36   -54  9902    80   113     8 -9999    -1
1991 11 10 18   -27   -37  9896   110    82     7 -9999 -9999
1991 11 11 06   -18   -42  9906    60    51     8 -9999 -9999
1991 11 11 09   -15   -39  9911    70    72     8 -9999 -9999
1991 11 11 12   -18   -39  9912    70    98     8 -9999    -1
1991 11 11 18   -22   -44  9912    90   113     8 -9999 -9999
1991 11 12 06   -41   -75  9931    90    82     7 -9999 -9999
1991 11 12 09   -44   -83  9939   100    93     7 -9999 -9999
1991 11 12 12   -50   -86  9940   100    72     7 -9999    -1
1991 11 12 18   -63   -99  9962    90    51     7 -9999 -9999
1991 11 13 06   -84  -121  9994    90    82     3 -9999 -9999
1991 11 13 09   -84  -126 10002   100   123     3 -9999 -9999
1991 11 13 12   -90  -129 10014   100    82     6 -9999    -1
1991 11 14 06  -124  -167 10019    80    93     0 -9999     0
1991 11 14 09  -129  -188 10025    90   103     3 -9999 -9999
1991 11 14 12  -129  -174 10034    90   123     6 -9999     0
1991 11 14 18  -131  -170 10061    90   113     4 -9999     0
1991 11 15 06  -152  -197 10136    80   134     0 -9999     0
1991 11 15 09  -142  -191 10156   100   103     1 -9999 -9999
1991 11 15 12   -93  -138 10169   100   103     1 -9999     0
1991 11 15 18  -140  -189 10194    90   103     1 -9999     0
1991 11 16 06  -157  -204 10221    60    62     1 -9999     0
1991 11 16 09  -158  -197 10225    70    51     2 -9999 -9999
1991 11 16 12  -164  -213 10228    80    41     2 -9999     0
1991 11 16 18  -176  -220 10232    60    31     0 -9999     0
1991 11 17 06  -126  -141 10220    60    10     8 -9999 -9999
1991 11 17 09  -104  -116 10215     0     0     8 -9999 -9999
1991 11 17 12   -76   -98 10213   260    31     8 -9999     1
1991 11 17 18   -46   -77 10193   240    57     8 -9999 -9999
1991 11 18 06   -27   -40 10142   290    41     7 -9999 -9999
1991 11 18 09   -23   -35 10133   270    21     7 -9999 -9999
1991 11 18 12   -32   -71 10126   320    21     7 -9999    -1
1991 11 18 18   -38   -53 10114 -9999    10     7 -9999 -9999
1991 11 19 06   -52   -89 10089   320    31     8 -9999 -9999
1991 11 19 09   -63   -82 10086   360    31     8 -9999 -9999
1991 11 19 12   -61  -101 10084   320    21     7 -9999    -1
1991 11 19 18   -67   -95 10091   120    51     7 -9999 -9999
1991 11 20 06  -139  -161 10176   110   103     8 -9999 -9999
1991 11 20 09  -144  -173 10181    70    62     6 -9999 -9999
1991 11 20 12  -150  -187 10183    80    62     6 -9999    -1
1991 11 20 18  -128  -160 10174    80    51     4 -9999 -9999
1991 11 21 06  -108  -136 10146    80    51     6 -9999 -9999
1991 11 21 09   -99  -130 10136    90    41     7 -9999 -9999
1991 11 21 12  -102  -119 10121    80    62     7 -9999     0
1991 11 21 18   -86  -124 10083   100    82     1 -9999     0
1991 11 22 06   -62  -111 10028   100    51     7 -9999     0
1991 11 22 09   -57   -91 10015    90    62     8 -9999 -9999
1991 11 22 12   -51   -68  9980   100    72     8 -9999    -1
1991 11 22 18   -53   -56  9942   110    41     8 -9999 -9999
1991 11 23 06  -112  -141  9921   110    41     4 -9999 -9999
1991 11 23 09  -140  -156  9940    90    67     2 -9999 -9999
1991 11 23 12  -161  -186  9957   100    31     1 -9999     0
1991 11 23 18  -182  -210  9994   330    10     7 -9999 -9999
1991 11 24 06  -176  -203 10028   310    21     3 -9999 -9999
1991 11 24 09  -163  -212 10027 -9999    21     3 -9999 -9999
1991 11 24 12  -159  -224 10031   360    21     3 -9999    -1
1991 11 24 18  -157  -231 10038   300    41     1 -9999 -9999
1991 11 25 06  -132  -178 10065   320    41     1 -9999     0
1991 11 25 09  -161  -201 10082   290    21     1 -9999 -9999
1991 11 25 12  -163  -212 10105   360    10     1 -9999     0
1991 11 25 18  -179  -215 10158    80    51     1 -9999     0
1991 11 26 06  -158  -183 10208    80    51     1 -9999     0
1991 11 26 09  -152  -183 10205    80    72     1 -9999 -9999
1991 11 26 12  -144  -167 10189    80   103     3 -9999     0
1991 11 26 18  -157  -182 10162    80   164     3 -9999     0
1991 11 27 06  -114  -123 10102    70   154     8 -9999     0
1991 11 27 09  -104  -121 10096    80   164     8 -9999 -9999
1991 11 27 12  -102  -110 10089    90   164     7 -9999    40
1991 11 28 06   -49   -55 10047    80   144     8 -9999 -9999
1991 11 28 09   -37   -52 10027    80   144     8 -9999 -9999
1991 11 28 12   -25   -54  9997    80   164     6 -9999     3
1991 11 28 18     8    -9  9940    90   134     8 -9999 -9999
1991 11 29 06    -2    -5  9897    80   144     8 -9999 -9999
1991 11 29 09    -2    -5  9901    70   154     9 -9999 -9999
1991 11 29 12   -10   -11  9919   110   175     9 -9999    10
1991 11 29 18   -26   -42 -9999    90   164     9 -9999 -9999
1991 11 30 06   -46   -59 10083    50   123     6 -9999 -9999
1991 11 30 09   -42   -54 10099    50   144     5 -9999 -9999
1991 11 30 12   -36   -50 10105    50   144     6 -9999    -1
1991 12 01 06   -33   -47 10009    40   195     9 -9999 -9999
1991 12 01 09   -43   -59 10015   360   185     9 -9999 -9999
1991 12 01 12   -56   -63 10025   360   175     6 -9999    -1
1991 12 02 06  -121  -152 10198    60    82     0 -9999     0
1991 12 02 09  -114  -149 10204    50    82     2 -9999 -9999
1991 12 02 12  -123  -166 10191    40    72     2 -9999     0
1991 12 02 18  -137  -165 10181    30   103     0 -9999     0
1991 12 03 06  -108  -158 10116    30    72     0 -9999     0
1991 12 03 09   -98  -170 10116   330    72     0 -9999 -9999
1991 12 03 12   -94  -163 10116   190    10     0 -9999     0
1991 12 04 09  -102  -169 10152   350    10     0 -9999 -9999
1991 12 04 12  -110  -138 10170    10    21     1 -9999     0
1991 12 04 18  -102  -139 10188    20    21     0 -9999     0
1991 12 05 06   -78  -104 10207    60    51     1 -9999     0
1991 12 05 09   -66   -90 10207    50    31     7 -9999 -9999
1991 12 05 12   -55   -69 10200    50    41     8 -9999    -1
1991 12 05 18   -44   -60 10172    50    26     7 -9999 -9999
1991 12 06 06   -20   -38 10083   230    21     8 -9999 -9999
1991 12 06 09   -15   -31 10061   210    21     8 -9999 -9999
1991 12 06 12    -5    -8 10025   180    21     8 -9999 -9999
1991 12 06 18   -10   -11  9993   210    31     8 -9999 -9999
1991 12 07 06     2    -1  9971   130    41     8 -9999 -9999
1991 12 07 09     2     2  9975   130    31     8 -9999 -9999
1991 12 07 18    19     8  9954   120    51     8 -9999 -9999
1991 12 08 09     3   -14  9856    90   103     7 -9999 -9999
1991 12 08 12     6   -25  9847   240   134     6 -9999     3
1991 12 09 06   -87  -130  9991   220    41     6 -9999 -9999
1991 12 09 09  -108  -165 10035   270    31     7 -9999 -9999
1991 12 09 18  -122  -153 10141     0     0     0 -9999 -9999
1991 12 10 06   -76  -102 10179     0     0     8 -9999 -9999
1991 12 10 12   -45   -80 10109    80    51     8 -9999    -1
1991 12 12 06   -59  -102  9897   310    51     7 -9999 -9999
1991 12 12 09   -72  -106  9905   350    31     8 -9999 -9999
1991 12 12 12   -85  -138  9903   350    31     6 -9999     0
1991 12 12 18   -89  -128  9889    30    62     5 -9999 -9999
1991 12 13 06  -122  -152  9915    60    93     7 -9999 -9999
1991 12 13 09  -140  -168  9929    40    93     1 -9999 -9999
1991 12 13 12  -146  -182  9948    40    57     1 -9999     0
1991 12 14 06  -150  -173 10027    60    31     0 -9999     0
1991 12 14 09  -135  -163 10036     0     0     4 -9999 -9999
1991 12 14 12  -123  -148 10038   260    21     7 -9999     0
1991 12 14 18  -103  -120 10023    60    31     5 -9999 -9999
1991 12 15 06   -59   -70  9900    70    31     3 -9999 -9999
1991 12 15 09   -33   -65  9849    70    62     2 -9999 -9999
1991 12 15 12   -27   -40  9806    50    31     7 -9999     3
1991 12 15 18   -24   -64  9773    70    31     6 -9999 -9999
1991 12 16 06   -26   -49  9750   360    21     7 -9999 -9999
1991 12 16 09   -28   -73  9779    30    21     7 -9999 -9999
1991 12 16 12   -60   -67  9813   300   134     8 -9999     1
1991 12 16 18   -97  -133  9891   290    72     7 -9999 -9999
1991 12 17 06   -98  -134  9865    60    72     7 -9999 -9999
1991 12 17 09  -100  -112  9803    40   154     9 -9999 -9999
1991 12 17 12   -94  -110  9737    50   175     9 -9999     0
1991 12 17 18   -94  -114  9798    70   144     7 -9999 -9999
1991 12 18 06  -114  -155  9693    60   185     8 -9999 -9999
1991 12 18 09  -114  -180  9686    60   206     8 -9999 -9999
1991 12 18 12  -107  -125  9678    40   195     8 -9999     5
1991 12 18 18  -105  -127  9624    40   154     9 -9999 -9999
1991 12 19 06   -96  -126  9603    50   103     8 -9999 -9999
1991 12 19 09   -81  -104  9595    50   123     7 -9999 -9999
1991 12 19 12   -84  -103  9591    50   123     7 -9999    -1
1991 12 19 18   -84  -107  9598    50    93     7 -9999 -9999
1991 12 20 06  -119  -138  9655    40   123     8 -9999 -9999
1991 12 20 09  -118  -142  9667    80   103     8 -9999 -9999
1991 12 20 12  -119  -138  9676    70    93     7 -9999    -1
1991 12 20 18  -122  -147  9700    70    72     7 -9999 -9999
1991 12 21 06  -140  -168  9749    60    41     8 -9999 -9999
1991 12 21 09  -138  -154  9767    60    21     8 -9999 -9999
1991 12 21 12  -140  -189  9785   320    41     6 -9999    -1
1991 12 21 18  -172  -215  9818   350    21     1 -9999 -9999
1991 12 22 06  -177  -241  9886   360    10     1 -9999     0
1991 12 22 09  -182  -228  9899 -9999    10     0 -9999 -9999
1991 12 22 12  -158  -250  9904   360    31     2 -9999     0
1991 12 22 18  -157  -204  9919 -9999    10     8 -9999 -9999
1991 12 23 06  -153  -184  9904   300    21     8 -9999 -9999
1991 12 23 09  -145  -188  9894   310    51     8 -9999 -9999
1991 12 23 12  -148  -159  9879   310    93     8 -9999     3
1991 12 23 18  -154  -160  9849   330    93     9 -9999 -9999
1991 12 24 06  -186  -215 -9999   330    10     0 -9999 -9999
1991 12 24 09  -192  -222  9890 -9999    21     0 -9999 -9999
1991 12 24 12  -186  -215  9929 -9999 -9999     1 -9999     0
1991 12 24 18  -178  -223  9973 -9999    10     0 -9999     0
1991 12 25 06  -181  -227 10036     0     0     6 -9999     0
1991 12 25 09  -176  -250 10048    30    21     1 -9999 -9999
1991 12 25 12  -188  -236 10058    90    10     1 -9999     0
1991 12 25 18  -217  -267 10068    80    41     0 -9999     0
1991 12 26 06  -217  -251 10031    80    62     0 -9999     0
1991 12 26 09  -176  -211 10005   110   123     7 -9999 -9999
1991 12 27 06  -188  -226 10071   110    62     0 -9999 -9999
1991 12 27 09  -180  -208 10088    80    62     0 -9999 -9999
1991 12 27 12  -195  -216 10089    70    41     0 -9999 -9999
1991 12 27 18  -184  -221 10058    80    51     3 -9999     0
1991 12 28 06  -135  -163  9868    80   144     8 -9999 -9999
1991 12 28 09  -109  -122  9821    80   195     9 -9999 -9999
1991 12 28 12   -82   -92  9772    80   175     9 -9999     3
1991 12 28 18   -40   -45  9685    80   190     9 -9999 -9999
1991 12 29 06  -108  -116  9681    50   247     9 -9999 -9999
1991 12 29 09  -116  -130  9751    40   154     9 -9999 -9999
1991 12 29 12  -121  -135  9811    30   113     9 -9999     3
1991 12 29 18  -132  -153  9917   360   113     0 -9999 -9999
1991 12 30 06  -149  -193 10118    60    72     0 -9999     0
1991 12 30 09  -180  -208 10155    40    62     0 -9999 -9999
1991 12 30 12  -176  -203 10182    80    51     0 -9999     0
1991 12 30 18  -176  -189 10197    70    41     0 -9999     0
1991 12 31 06  -129  -150  9980    20   144     8 -9999     0
1991 12 31 09   -93  -104  9871    20   154     9 -9999 -9999
1991 12 31 12   -71   -76  9773    70   175     9 -9999 -9999
1991 12 31 18   -33   -54  9747   240    72     8 -9999 -9999
