1995 01 01 09  -178  -214 10024    90    51     6 -9999     0
1995 01 01 18  -223  -247 10083    90    31     2 -9999     0
1995 01 02 06  -210  -254 10141    80    82     1 -9999     0
1995 01 02 09  -219  -278 10159    70    51     1 -9999 -9999
1995 01 02 12  -248  -288 10174    60    51     1 -9999     0
1995 01 02 18  -240  -293 10193    60    31     0 -9999     0
1995 01 03 06  -247  -273 10202    70    10     1 -9999     0
1995 01 03 09  -237  -275 10202    50    10     1 -9999     0
1995 01 03 12  -237  -275 10202    40    10     0 -9999     0
1995 01 03 18  -231  -269 10194     0     0     0 -9999     0
1995 01 04 06  -229  -265 10190   160 -9999     0 -9999     0
1995 01 04 09  -214  -259 10190    70    51     5 -9999 -9999
1995 01 04 12  -188  -246 10162    70   123     8 -9999     0
1995 01 04 18  -186  -224 10126    70   129     8 -9999     0
1995 01 05 06  -152  -169 10005    70   175     9 -9999     0
1995 01 05 09  -144  -167  9994    70   195     9 -9999     0
1995 01 05 12  -128  -143  9990    80   175     9 -9999    -1
1995 01 05 18  -124  -399  9989    80   175     9 -9999 -9999
1995 01 06 06  -108  -121 10025    80   170     9 -9999 -9999
1995 01 06 09  -104  -116 10015    70   175     9 -9999 -9999
1995 01 06 12  -104  -116  9998    80   185     9 -9999    -1
1995 01 06 18   -84   -94  9955    80   206     9 -9999 -9999
1995 01 07 09   -46   -60  9908    40   139     8 -9999 -9999
1995 01 07 12   -60   -75  9911    80   123     8 -9999     1
1995 01 07 18   -48   -72  9888    80   134     8 -9999     0
1995 01 08 06   -50   -56  9775    90   154     9 -9999 -9999
1995 01 08 09   -48   -54  9767    90   134     9 -9999 -9999
1995 01 08 12   -40   -45  9763    90   123     8 -9999    20
1995 01 08 18   -30   -34  9765    80    93     7 -9999 -9999
1995 01 09 06   -75   -96  9823   110   113     9 -9999 -9999
1995 01 09 09   -52   -66  9824    70   206     9 -9999 -9999
1995 01 09 12   -76   -93  9832    60   247     9 -9999    10
1995 01 09 18   -96  -117  9913    70   154     9 -9999 -9999
1995 01 10 06  -130  -169 10023    30   164     1 -9999    -1
1995 01 10 09  -119  -144 10048    70   108     1 -9999 -9999
1995 01 10 12  -124  -167 10066    80   103     1 -9999     0
1995 01 10 18  -116  -163 10087    90    77     2 -9999     0
1995 01 11 06  -150  -187 10106    90    41     0 -9999     0
1995 01 11 09  -156 -9999 10118    60    10     3 -9999     0
1995 01 11 12  -152  -183 10117    30    15     8 -9999    -1
1995 01 11 18  -170  -189 10131    70    10     4 -9999 -9999
1995 01 12 06  -138  -154 10147    90    62     8 -9999     0
1995 01 12 09  -127  -147 10147    70    51     8 -9999 -9999
1995 01 12 12  -112  -417 10146    90    31     7 -9999    -1
1995 01 13 06  -104  -121 10057    90   139     8 -9999 -9999
1995 01 13 09  -106  -119 10016    60   206     9 -9999 -9999
1995 01 13 12  -105  -122  9978    60   185     9 -9999     3
1995 01 13 18   -66   -82  9805    60   185     9 -9999 -9999
1995 01 14 06   -22   -31  9684   260    41     8 -9999 -9999
1995 01 14 09   -36   -37  9679   300    62     2 -9999 -9999
1995 01 14 12   -45   -54  9683   300    41     6 -9999     0
1995 01 14 18   -48   -54  9681   260    87     8 -9999 -9999
1995 01 15 06  -100  -112  9695    90   103     8 -9999 -9999
1995 01 15 09  -122  -142  9720    80   113     8 -9999 -9999
1995 01 15 12  -125  -151  9746    80    93     8 -9999     0
1995 01 15 18  -156  -160  9899    50    31     7 -9999     0
1995 01 16 06  -107  -120  9871   330    72     8 -9999 -9999
1995 01 16 09  -111  -151  9903 -9999 -9999     2 -9999 -9999
1995 01 16 12  -118  -154  9916   320    67     6 -9999    -1
1995 01 16 18  -150  -180  9908    30    10     1 -9999 -9999
1995 01 17 06  -154  -200  9916    60    51     8 -9999     0
1995 01 17 09  -148  -200  9938    60    41     1 -9999     0
1995 01 17 12  -140  -189  9961    80    41     2 -9999     0
1995 01 17 18  -118  -154  9989    80    82     8 -9999     0
1995 01 18 06  -136  -183 10077    60    51     0 -9999 -9999
1995 01 18 09  -148  -192 10120    90    51     1 -9999 -9999
1995 01 18 12  -140  -182 10154    90    62     2 -9999     0
1995 01 18 18  -138  -179 10192    80   108     4 -9999     0
1995 01 19 06  -134  -161 10203    80   180     8 -9999     0
1995 01 19 09  -102  -129 10164    80   164     8 -9999     0
1995 01 19 12   -95  -120 10139    80   175     9 -9999     0
1995 01 19 18   -56   -78 10142    90   123     8 -9999 -9999
1995 01 20 09   -46   -59 10099   110    41     8 -9999 -9999
1995 01 20 12   -43   -52 10090    70    21     8 -9999     5
1995 01 20 18   -36   -41 10081   280    10     8 -9999 -9999
1995 01 21 06   -55   -77 10106    50    21     6 -9999 -9999
1995 01 21 09   -59   -86 10117    60    51     2 -9999     0
1995 01 21 12   -50   -78 10135    90    72     6 -9999     0
1995 01 21 18   -68   -84 10148    80   134     8 -9999     0
1995 01 22 06   -92  -112 10175    70   154     8 -9999 -9999
1995 01 22 09   -99  -111 10179    40   159     8 -9999 -9999
1995 01 22 12   -94  -114 10178    70   154     7 -9999     1
1995 01 22 18  -108  -131 10169    50   118     0 -9999 -9999
1995 01 23 06  -102  -129 10128    90   108     0 -9999     0
1995 01 23 09  -117  -147 10107    90   123     1 -9999     0
1995 01 23 18  -105  -143 10058   110   103     0 -9999     0
1995 01 24 06   -88  -116  9999    40   134     8 -9999 -9999
1995 01 24 09   -94  -105 10006    40   144     8 -9999 -9999
1995 01 24 12   -94  -105 10003    60   154     8 -9999     1
1995 01 24 18  -111  -124 10008    40   154     8 -9999 -9999
1995 01 25 06  -155  -209 10025    40   185     3 -9999     0
1995 01 25 18  -182  -238 10040    30   123     2 -9999     0
1995 01 26 06  -202  -267 10073    80   123     0 -9999     0
1995 01 26 09  -212  -268 10089    60   134     5 -9999 -9999
1995 01 26 12  -226  -274 10102    40   123     4 -9999     0
1995 01 26 18  -243  -296 10122    80   144     0 -9999     0
1995 01 27 06  -250  -290 10152    70    82     0 -9999     0
1995 01 27 09  -253  -294 10157    60    72     1 -9999     0
1995 01 27 12  -254  -311 10160    40    41     1 -9999     0
1995 01 27 18  -261  -323 10140    80    51     0 -9999     0
1995 01 28 06  -285  -333 10136    80    82     0 -9999     0
1995 01 28 09  -291  -341 10136    80    82     0 -9999 -9999
1995 01 28 12  -289  -363 10138    90    72     1 -9999     0
1995 01 28 18  -284  -355 10127    40    93     0 -9999     0
1995 01 29 06  -275  -321 10081    30    15     0 -9999     0
1995 01 29 09  -246  -318 10072   360    36     0 -9999     0
1995 01 29 12  -256  -314 10055     0     0     0 -9999     0
1995 01 29 18  -259  -339 10028    60    21     0 -9999     0
1995 01 30 06  -239  -348  9995   360    10     0 -9999     0
1995 01 30 09  -252  -328 10019     0     0     1 -9999 -9999
1995 01 30 12  -239  -307 10024   320    21     2 -9999     0
1995 01 30 18  -250  -324 10031    50    10     0 -9999     0
1995 01 31 06  -152  -169  9739    70   231     9 -9999 -9999
1995 01 31 09  -116  -151  9721    50    72     3 -9999 -9999
1995 01 31 12  -114  -138  9688    90    72     8 -9999     1
1995 01 31 18  -124  -149  9665    90    82     8 -9999 -9999
1995 02 01 06  -152  -163  9700    90   103     8 -9999 -9999
1995 02 01 09  -160  -172  9712    80   103     8 -9999 -9999
1995 02 01 12  -156  -168  9711    70   108     8 -9999     1
1995 02 01 18 -9999  -179  9717   100    57     8 -9999 -9999
1995 02 02 09  -158  -176  9753    90    41     4 -9999 -9999
1995 02 02 12  -182  -202  9770    70    31     8 -9999    -1
1995 02 02 18  -172  -207  9798   360    51     3 -9999 -9999
1995 02 03 06  -168  -202  9854   300    72     8 -9999     0
1995 02 03 09  -160  -172  9852   310    82     8 -9999 -9999
1995 02 03 12  -150  -161  9848   300    87     8 -9999     1
1995 02 03 18  -156  -174  9823   320    93     8 -9999 -9999
1995 02 04 06  -216  -239  9822   100    82     1 -9999     0
1995 02 04 09  -237  -275  9837    60    36     8 -9999     0
1995 02 04 12  -232  -257  9850    80    41     7 -9999     0
1995 02 04 18  -299 -9999  9872    30    10     3 -9999 -9999
1995 02 05 06  -197  -228  9918    70    21     1 -9999     0
1995 02 05 09  -192  -213  9927    50    10     2 -9999 -9999
1995 02 05 18  -216  -230  9917    60    31     0 -9999     0
1995 02 06 06  -212  -226  9876    90    62     0 -9999     0
1995 02 06 09  -225  -239  9872    50    21     0 -9999     0
1995 02 06 12  -218  -232 -9999     0     0     0 -9999     0
1995 02 06 18  -209  -232  9848     0     0     0 -9999     0
1995 02 07 06  -139  -203  9813    30    51     4 -9999     0
1995 02 07 09  -120  -175  9810    30    51     4 -9999 -9999
1995 02 07 12  -114  -180  9812    30    57     6 -9999     0
1995 02 07 18  -124  -181  9807    30    93     1 -9999     0
1995 02 08 06   -60  -112  9791    20    87     6 -9999     0
1995 02 08 09   -65  -101  9801    30    62     8 -9999 -9999
1995 02 08 12   -63   -90  9812    40    93     8 -9999    -1
1995 02 08 18   -56   -86  9834   360    41     6 -9999 -9999
1995 02 09 06   -91  -111  9893    30   154     8 -9999     3
1995 02 09 09   -81  -156  9900    30    51     7 -9999 -9999
1995 02 09 12   -86  -151  9943    30    72     7 -9999     0
1995 02 10 06  -128  -180  9913   340    41     8 -9999     0
1995 02 10 09  -124  -167  9904    30    51     8 -9999     0
1995 02 10 12  -124  -274  9905    20    41     8 -9999     0
1995 02 10 18  -121  -177  9913   360    21     3 -9999     0
1995 02 11 06  -135  -169  9950    90    72     6 -9999     0
1995 02 11 09  -137  -185  9946    90    36     7 -9999 -9999
1995 02 11 12  -155  -201  9946    20    10     7 -9999     0
1995 02 11 18  -128  -160  9925   350    62     6 -9999 -9999
1995 02 12 06  -195  -225  9949     0     0     0 -9999     0
1995 02 12 12  -175  -219  9955 -9999    21     2 -9999     0
1995 02 12 18  -154  -185  9955 -9999    10     5 -9999     0
1995 02 13 06  -178  -214  9953    90    51     3 -9999     0
1995 02 13 09  -170  -204  9969    70    31     3 -9999 -9999
1995 02 13 12  -170  -204  9972    90    36     7 -9999     0
1995 02 14 06  -120  -134  9948    80   144     8 -9999 -9999
1995 02 14 09  -117  -131  9959    70    31     8 -9999 -9999
1995 02 14 12  -108  -131  9979    90    62     7 -9999     5
1995 02 14 18  -107  -123 10013    90    31     7 -9999     0
1995 02 15 06  -170  -189 10066    80    31     0 -9999     0
1995 02 15 09  -165  -191 10073    90    51     2 -9999 -9999
1995 02 15 18  -136  -152 10071    90    57     1 -9999     0
1995 02 16 09  -115  -156 10072    50    93     1 -9999     0
1995 02 16 12   -91  -125 10057    70   103     2 -9999     0
1995 02 16 18   -74  -100 10041    80   118     6 -9999     0
1995 02 17 06   -52   -66 10020 -9999 -9999     8 -9999 -9999
1995 02 17 09   -54   -68 10019    70   103     8 -9999 -9999
1995 02 17 12   -54   -64 10012    50   108     7 -9999     1
1995 02 17 18   -56   -67  9999    60   103     8 -9999 -9999
1995 02 18 06   -58   -73  9956    40   144     7 -9999 -9999
1995 02 18 09   -44   -63  9948    30   123     8 -9999 -9999
1995 02 18 12   -53   -74  9952    90   103     8 -9999     0
1995 02 18 18   -25   -54  9953    60   103     8 -9999     0
1995 02 19 06   -28   -44  9943    50   113     8 -9999 -9999
1995 02 19 09   -34   -52  9940    40   118     7 -9999 -9999
1995 02 19 12   -39   -54  9934    40   134     4 -9999    -1
1995 02 19 18   -35   -43  9925    40   154     7 -9999 -9999
1995 02 20 06   -30   -57  9960    70   129     7 -9999     0
1995 02 20 09   -36   -56  9973    50    51     6 -9999     0
1995 02 20 12   -34   -62  9979    90   144     7 -9999     0
1995 02 20 18   -38   -71  9995    70   103     6 -9999     0
1995 02 21 06   -55   -89 10007    90   103     8 -9999     0
1995 02 21 09   -56   -86 10015    90   103     8 -9999 -9999
1995 02 21 18   -42   -68 10021    40    87     5 -9999     0
1995 02 22 06   -42   -61 10009    40    93     5 -9999     0
1995 02 22 09   -42   -65 10014    30    93     4 -9999     0
1995 02 22 12   -40   -73 10011    40    93     3 -9999     0
1995 02 22 18   -60   -87 10019    50   123     8 -9999 -9999
1995 02 23 06   -83  -102 10041    80   103     4 -9999 -9999
1995 02 23 09   -89  -104 10042    60   103     4 -9999     0
1995 02 23 12  -104  -142 10038    80   113     4 -9999    -1
1995 02 23 18   -94  -119 10029    90   103     7 -9999 -9999
1995 02 24 09   -67   -84  9979    60   129     8 -9999 -9999
1995 02 24 12   -68   -76  9968    50   113     8 -9999     1
1995 02 24 18   -66   -98  9960    70    62     7 -9999 -9999
1995 02 25 06   -43   -52  9918    60   139     8 -9999 -9999
1995 02 25 09   -33   -42  9906    60   175     6 -9999 -9999
1995 02 25 18   -46   -52  9923    70   164     8 -9999 -9999
1995 02 26 06   -46   -62  9961    70   149     8 -9999 -9999
1995 02 26 09   -37   -52  9961    70   190     8 -9999 -9999
1995 02 26 12   -46   -77  9971    50   144     8 -9999     0
1995 02 26 18   -63   -90  9967    60   123     8 -9999 -9999
1995 02 27 09   -77   -91  9925    40   123     8 -9999 -9999
1995 02 27 12   -76   -89  9909    90   139     8 -9999    -1
1995 02 27 18   -68   -80  9886    50    82     7 -9999 -9999
1995 02 28 06   -45   -51  9827    70   154     8 -9999 -9999
1995 02 28 09   -42   -61  9833    70   139     8 -9999 -9999
1995 02 28 12   -39   -61  9841    70   123     8 -9999     5
1995 02 28 18   -72   -93  9844    90   154     8 -9999 -9999
1995 03 01 09   -37   -53  9818    70   144     8 -9999 -9999
1995 03 01 12   -17   -29  9826    80   134     8 -9999     5
1995 03 01 18   -22   -28  9822    70   175     8 -9999 -9999
1995 03 02 06   -42   -47  9993    70   175     9 -9999 -9999
1995 03 02 09   -48   -57  9913    60   195     9 -9999 -9999
1995 03 02 18   -64   -79  9972    70   139     9 -9999 -9999
1995 03 03 06   -98  -124 10025    70   216     8 -9999 -9999
1995 03 03 09  -110  -123 10066    50   170     7 -9999 -9999
1995 03 03 12  -119  -133 10101    40   257     7 -9999     0
1995 03 03 18  -136  -164 10128    50   159     6 -9999     0
1995 03 04 06  -156  -187 10172    50   154     5 -9999     0
1995 03 04 09  -157  -209 10187    70   154     5 -9999     0
1995 03 04 12  -160  -208 10193    60   144     6 -9999     0
1995 03 04 18  -170  -212 10193    60   154     7 -9999     0
1995 03 05 06  -147  -170 10151    60   195     9 -9999 -9999
1995 03 05 09  -147  -177 10154    80   185     8 -9999 -9999
1995 03 05 12  -148  -171 10159    70   185     7 -9999    -1
1995 03 05 18  -126  -158 10168    80   139     4 -9999 -9999
1995 03 06 06   -96  -137 10196    80    82     6 -9999     0
1995 03 06 09   -96  -142 10212    80    72     4 -9999     0
1995 03 06 18   -80  -111 10246    80    77     8 -9999     0
1995 03 07 06   -84  -116 10286    80    26     5 -9999     0
1995 03 07 09   -87  -120 10304    70    31     6 -9999 -9999
1995 03 07 12   -94  -124 10315    90    21     3 -9999     0
1995 03 07 18  -104  -126 10329   100    51     2 -9999     0
1995 03 08 06   -66  -103 10340    80   103     2 -9999     0
1995 03 08 09   -64  -124 10344    60    93     2 -9999     0
1995 03 08 12   -69  -121 10344    70   103     1 -9999     0
1995 03 08 18   -76  -126 10351    60    93     2 -9999     0
1995 03 09 06  -100  -142 10351    70   144     6 -9999     0
1995 03 09 09   -80  -126 10351    80   108     7 -9999 -9999
1995 03 09 12   -81  -108 10347    60   118     7 -9999    -1
1995 03 09 18   -50   -67 10325    60   103     8 -9999 -9999
1995 03 10 06   -19   -31 10260    90    93     8 -9999 -9999
1995 03 10 09   -13   -39 10241    80    77     8 -9999 -9999
1995 03 10 12   -18   -46 10228    40    77     8 -9999    -1
1995 03 10 18   -21   -43 10231    80    62     8 -9999     0
1995 03 11 06   -22   -47 10234    80    72     8 -9999 -9999
1995 03 11 09   -12   -45 10231    80    72     8 -9999 -9999
1995 03 11 12   -12   -28 10229    90    72     8 -9999    -1
1995 03 11 18    21   -29 10195   130    82     8 -9999 -9999
1995 03 12 06    14   -34 10055    90    57     8 -9999     0
1995 03 12 09    12   -23 10021   150    51     8 -9999     0
1995 03 12 12    16     0  9934   170    87     8 -9999    20
1995 03 12 18     1   -14  9957 -9999    10     4 -9999 -9999
1995 03 13 06    18    -4  9664   150   134     8 -9999 -9999
1995 03 13 09    15    10  9639    90    51     8 -9999 -9999
1995 03 13 12     1    -5  9636   230    72     8 -9999    10
1995 03 13 18   -16   -36  9665   230    82     8 -9999 -9999
1995 03 14 06   -10   -20  9644   190    21     8 -9999 -9999
1995 03 14 09   -12   -32  9634    70    87     8 -9999 -9999
1995 03 14 12    -6   -51  9673 -9999    21     7 -9999 -9999
1995 03 14 18  -101  -132  9780   280    72     6 -9999 -9999
1995 03 15 06  -136  -158  9906    30    10     3 -9999     0
1995 03 15 12   -85  -122  9969    50    21     2 -9999     0
1995 03 15 18  -168  -194 10013    70    26     2 -9999     0
1995 03 16 06  -138  -172 10046    60    51     3 -9999     0
1995 03 16 09  -138  -172 10057    90    82     3 -9999     0
1995 03 16 12  -138  -172 10060    90    82     1 -9999     0
1995 03 17 06  -129  -166 10045    70   113     4 -9999     0
1995 03 17 09  -142  -177 10045    90   113     4 -9999 -9999
1995 03 17 18  -168  -202 10029    80   134     2 -9999     0
1995 03 18 06  -190  -229 10015    90   134     1 -9999     0
1995 03 18 09  -186  -233 10019    90   118     1 -9999     0
1995 03 18 12  -183  -220 10025    90    93     1 -9999     0
1995 03 18 18 -9999 -9999 10029    90    82     1 -9999     0
1995 03 19 06  -222  -264 10044    80    31     0 -9999     0
1995 03 19 09  -204  -246 10051    70    21     1 -9999 -9999
1995 03 19 12  -193  -232 10057    80    21     1 -9999     0
1995 03 19 18  -217  -250 10072    80    10     1 -9999     0
1995 03 20 06  -233  -258 10100    30    21     0 -9999     0
1995 03 20 09  -205  -259 10118    60    26     0 -9999     0
1995 03 20 12  -190  -229 10129    30    31     0 -9999     0
1995 03 20 18  -215  -249 10145    80    21     0 -9999     0
1995 03 21 06  -236  -273 10162    70    21     0 -9999     0
1995 03 21 09  -204  -246 10159    80    41     1 -9999 -9999
1995 03 21 12  -176  -211 10159    40    62     2 -9999 -9999
1995 03 21 18  -196  -236 10161    70    46     2 -9999     0
1995 03 22 06  -192  -241 10128    90    21     3 -9999     0
1995 03 22 09  -152  -205 10101    90    36     5 -9999     0
1995 03 22 12  -106  -162 10074    60    31     7 -9999     0
1995 03 22 18   -72  -125  9974    80    41     8 -9999     0
1995 03 23 06   -54   -61  9806    70    21     8 -9999 -9999
1995 03 23 09   -98  -114  9796   270    67     8 -9999 -9999
1995 03 23 12   -92  -142  9797     0     0     4 -9999    -1
1995 03 23 18  -145  -195  9818   150    46     2 -9999 -9999
1995 03 24 06  -160  -208  9833   300    82     3 -9999     0
1995 03 24 09  -164  -213  9829   320    82     2 -9999     0
1995 03 24 12  -160  -208  9831   300    82     1 -9999     0
1995 03 24 18  -154  -192  9828   180    21     6 -9999     0
1995 03 25 06  -146  -169  9950    30    98     8 -9999     0
1995 03 25 09  -149  -179  9980    20   103     6 -9999 -9999
1995 03 25 12  -157  -231 10007    30    82     6 -9999     0
1995 03 25 18  -154  -217 10024    40    62     4 -9999     0
1995 03 26 06  -191  -240 10042    30    82     2 -9999     0
1995 03 26 09  -190  -239 10037    90    51     2 -9999     0
1995 03 26 12  -200  -252 10037    90   118     1 -9999     0
1995 03 26 18  -200  -252 10043    60   103     1 -9999     0
1995 03 27 06  -204  -246 10041    90   103     4 -9999     0
1995 03 27 09  -200  -241 10044    90    93     7 -9999 -9999
1995 03 27 12  -196  -236 10044    90    93     8 -9999     0
1995 03 27 18  -206  -238 10050    90   103     4 -9999     0
1995 03 28 06  -233  -282 10065    90   103     1 -9999     0
1995 03 28 09  -239  -291 10073    90   103     1 -9999     0
1995 03 28 12 -9999 -9999 10080    90   103     0 -9999     0
1995 03 28 18  -225  -272 -9999    90    93     0 -9999     0
1995 03 29 06  -231  -282 10087   100    67     0 -9999     0
1995 03 29 09  -215  -249 10078    90    82     0 -9999 -9999
1995 03 30 09  -121  -177  9951     0     0     5 -9999     0
1995 03 30 12  -100  -160  9953     0     0     6 -9999     0
1995 03 30 18  -104  -136  9954     0     0     2 -9999     0
1995 03 31 06   -66   -82  9910    90    62     7 -9999     0
1995 03 31 09   -54  -130  9897    70    72     6 -9999 -9999
1995 03 31 18   -75  -135  9836    50   118     6 -9999     0
1995 04 01 06   -96  -108  9818    70   113     8 -9999 -9999
1995 04 01 09   -85   -95  9822    80   108     8 -9999 -9999
1995 04 01 12   -90  -110 -9999    90   123     6 -9999     5
1995 04 01 18   -66   -95  9859    90    93     7 -9999     0
1995 04 02 06   -58   -73  9872    90   108     8 -9999     0
1995 04 02 09   -40   -52  9871   120    51     8 -9999 -9999
1995 04 02 12   -44   -56  9869    40    72     8 -9999     1
1995 04 02 18   -14   -41  9863    50    93     8 -9999 -9999
1995 04 03 06   -16   -36  9887    40    31     8 -9999 -9999
1995 04 03 09   -16   -50  9856   360    51     8 -9999 -9999
1995 04 03 12   -20   -55  9817   360    51     8 -9999    -1
1995 04 03 18     1   -33  9774    20    10     8 -9999 -9999
1995 04 04 06   -22   -40  9827    70    93     7 -9999 -9999
1995 04 04 09   -14   -41  9830    60    67     6 -9999 -9999
1995 04 04 12    -9   -44  9846    90    77     7 -9999     1
1995 04 04 18   -18   -33  9863    80    72     7 -9999 -9999
1995 04 05 06   -26   -42  9958    80    51     7 -9999 -9999
1995 04 05 09   -17   -34  9988    40    93     7 -9999 -9999
1995 04 05 12    -2    -8 10020    90    87     7 -9999     0
1995 04 05 18     8    -6 10074    50    51     5 -9999     0
1995 04 06 06   -34   -55 10108    90    93     8 -9999     0
1995 04 06 09   -35   -63 10104    90    72     8 -9999 -9999
1995 04 06 12   -45   -61 10101    90    67     8 -9999    -1
1995 04 06 18   -64   -87 10097    80    93     8 -9999 -9999
1995 04 07 06   -62   -77 10093    70   129     7 -9999     0
1995 04 07 09   -58   -84 10099    80   103     7 -9999 -9999
1995 04 07 12   -41   -60 10101    70    82     6 -9999     0
1995 04 07 18   -68   -92 10099    90    46     1 -9999     0
1995 04 08 06  -122  -153 10072   100    10     0 -9999     0
1995 04 08 09  -106  -128 10082   100    21     0 -9999 -9999
1995 04 08 12   -95  -120 10082   100    31     1 -9999     0
1995 04 08 18   -81   -99 10059     0     0     1 -9999     0
1995 04 09 06   -46   -59 10008   310    82     8 -9999 -9999
1995 04 09 09   -33   -44  9993   300    46     8 -9999 -9999
1995 04 09 12   -30   -54  9993   300    46     8 -9999    10
1995 04 09 18   -44   -56  9988   270    67     8 -9999 -9999
1995 04 10 06   -41   -60 10028   270    41     8 -9999 -9999
1995 04 10 09   -37   -48 10044   240    15     8 -9999 -9999
1995 04 10 12   -27   -40 10060   260    82     7 -9999    10
1995 04 10 18   -29   -42 10086   270    51     8 -9999 -9999
1995 04 11 06   -30   -47 10131     0     0     7 -9999 -9999
1995 04 11 09   -12   -45 10138     0     0     6 -9999 -9999
1995 04 11 18    -2   -20 10158     0     0     7 -9999     0
1995 04 12 06     3   -30 10166    40    21     6 -9999 -9999
1995 04 12 09     8   -42 10160    90    62     7 -9999 -9999
1995 04 12 12    10   -16 10142    70    77     8 -9999     0
1995 04 12 18    14     3 10100    80    77     8 -9999 -9999
1995 04 13 18    24     0 10008    90    51     8 -9999     0
1995 04 14 06    11   -15  9990    90    51     6 -9999     0
1995 04 14 09    16   -15  9986    70    62     6 -9999 -9999
1995 04 14 12    11    -9  9978    80    82     7 -9999    -1
1995 04 15 06     8    -9  9964    60    26     8 -9999 -9999
1995 04 15 09    11   -18  9972    40    51     8 -9999 -9999
1995 04 15 12    15   -26  9981    30    51     8 -9999     1
1995 04 16 09     0   -24 10073    50    93     8 -9999 -9999
1995 04 16 12     5   -42 10087    30    77     7 -9999     1
1995 04 16 18    -8   -40 10112    50    62     7 -9999 -9999
1995 04 17 06   -56   -94 10158    50   103     7 -9999     0
1995 04 17 09   -52   -80 10165    60   103     5 -9999     0
1995 04 18 09  -118  -172 10200    10    36     1 -9999 -9999
1995 04 18 12  -102  -150 10196    90    36     1 -9999     0
1995 04 18 18   -93  -128 10168     0     0     6 -9999     0
1995 04 19 06  -158  -190 10158   100   206     1 -9999     0
1995 04 19 09  -156  -203 10163   100    93     0 -9999     0
1995 04 19 12  -134  -188 10161    90    46     0 -9999     0
1995 04 19 18  -116  -140 10163     0     0     5 -9999     0
1995 04 20 12   -88 -9999 10110   110    21     3 -9999     0
1995 04 20 18  -103  -140 10088    80    21     6 -9999     0
1995 04 21 06  -114 -9999 10091   300    51     7 -9999 -9999
1995 04 21 09  -113  -159 10093   330    10     4 -9999     0
1995 04 21 12  -106  -144 10093    60    21     4 -9999     0
1995 04 21 18  -141  -183 10095    70    51     3 -9999     0
1995 04 22 06  -141  -183 10126     0     0     1 -9999     0
1995 04 22 09  -101  -174 10138     0     0     0 -9999 -9999
1995 04 22 12   -94  -145 10145    70    10     2 -9999     0
1995 04 22 18  -104  -147 10155   300    62     5 -9999     0
1995 04 23 06  -109  -160 10176   340    51     3 -9999 -9999
1995 04 23 09  -100  -128 10193   270    10     3 -9999     0
1995 04 23 12  -112  -158 10197   300    62     2 -9999     0
1995 04 24 06  -123  -160 10281    90    31     3 -9999     0
1995 04 24 09   -87  -141 10312    30    10     1 -9999 -9999
1995 04 24 18   -76  -131 10352    60    21     0 -9999     0
1995 04 25 06   -99  -152 10357     0     0     3 -9999     0
1995 04 25 09   -78  -123 -9999    90    36     5 -9999     0
1995 04 25 12   -67  -113 10362    90    41     5 -9999     0
1995 04 25 18   -80  -113 10369    90    77     5 -9999     0
1995 04 26 06  -114  -161 10389    90    82     3 -9999     0
1995 04 26 09  -107  -151 10396    90    67     5 -9999 -9999
1995 04 26 18   -80  -136 -9999     0     0     6 -9999     0
1995 04 27 06  -110  -155 10361    60    21     2 -9999     0
1995 04 27 09   -90  -134 10355    60    10     1 -9999     0
1995 04 27 18   -61   -84 10319 -9999    15     7 -9999 -9999
1995 04 28 06   -99  -115 10279    80    10     7 -9999 -9999
1995 04 28 09   -69   -93 10274     0     0     7 -9999     0
1995 04 28 12   -44   -79 10269     0     0     8 -9999     0
1995 04 28 18   -44   -87 10256     0     0     6 -9999     0
1995 04 29 06   -61   -84 10230    90    21     8 -9999     0
1995 04 29 09   -32   -56 10228    60    10     8 -9999     0
1995 04 29 12   -25   -51 10228     0     0     7 -9999     0
1995 04 29 18   -28   -38 10214    60    10     8 -9999 -9999
1995 04 30 06   -16   -24 10185   180    51     8 -9999 -9999
1995 04 30 09   -19   -33 10202   240    41     8 -9999 -9999
1995 04 30 18   -26   -49 -9999   280     5     5 -9999 -9999
1995 05 01 06   -19   -60 10218   280    31     7 -9999 -9999
1995 05 01 09    -7   -29 10216   180    10     7 -9999 -9999
1995 05 01 12   -15   -24 10216   220    31     8 -9999     1
1995 05 01 18    -6   -21 10207   250    51     8 -9999 -9999
1995 05 02 06   -10   -36 10158   220    72     8 -9999 -9999
1995 05 02 09   -14   -54 10155   310    46     7 -9999 -9999
1995 05 02 12   -18   -34 10149   260    31     8 -9999     1
1995 05 02 18   -22   -65 10139   270    51     7 -9999 -9999
1995 05 03 06   -23   -32 10110     0     0     8 -9999 -9999
1995 05 03 09   -15   -31 10098   270    10     8 -9999 -9999
1995 05 03 12    15   -13 10089   270    21     7 -9999    20
1995 05 03 18    -8   -29 10064   250    26     8 -9999 -9999
1995 05 04 06   -32   -63 10073   300    31     8 -9999 -9999
1995 05 04 09   -26   -52 10080   280    57     8 -9999 -9999
1995 05 04 12   -16   -77 10086   280    51     4 -9999     1
1995 05 04 18   -53  -103 10106   330    57     2 -9999 -9999
1995 05 05 06   -56   -94 10142    30    41     8 -9999 -9999
1995 05 05 09   -60   -91 10153    90    57     8 -9999 -9999
1995 05 05 12   -61   -96 10165    90    57     8 -9999    -1
1995 05 05 18   -72  -110 10188    60    31     2 -9999 -9999
1995 05 06 06   -80  -121 10218    90    51     1 -9999     0
1995 05 06 09   -60   -99 10225    90    41     2 -9999 -9999
1995 05 06 12   -54   -96 10234    80    41     5 -9999     0
1995 05 06 18   -57   -83 10240    90    26     7 -9999 -9999
1995 05 07 06   -61   -72 10242   100    41     8 -9999 -9999
1995 05 07 09   -58   -73 10245    90    41     8 -9999 -9999
1995 05 07 12   -52   -66 10248    90    21     8 -9999     5
1995 05 07 18   -55   -81 10248    90    36     7 -9999 -9999
1995 05 08 09   -77  -103 10252    60    41     3 -9999     0
1995 05 08 12   -59   -94 10252    80    41     5 -9999     0
1995 05 08 18   -79  -115 10249    90    46     5 -9999     0
1995 05 09 06  -110  -149 10254    90    72     2 -9999     0
1995 05 09 09  -108  -136 10259    90    82     1 -9999 -9999
1995 05 09 12  -105  -132 10260    80    87     4 -9999     0
1995 05 09 18  -110  -133 10260    90    77     7 -9999     0
1995 05 10 06  -105  -148 10277    80    72     4 -9999     0
1995 05 10 09   -99  -141 10281    30    62     6 -9999     0
1995 05 10 12   -99  -141 10286    60    62     4 -9999     0
1995 05 10 18   -99  -146 10288    80    62     3 -9999     0
1995 05 11 06  -103  -146 10282    60    31     4 -9999     0
1995 05 11 09   -85  -138 10282    70    31     3 -9999 -9999
1995 05 11 18   -88  -126 10274    60    31     2 -9999     0
1995 05 12 06  -116  -135 10276    80    51     1 -9999     0
1995 05 12 09  -100  -121 10281    90    51     1 -9999     0
1995 05 12 12   -89  -133 10285    90    41     1 -9999     0
1995 05 12 18   -96  -142 10288    50    31     1 -9999     0
1995 05 13 06   -84  -121 10298    90    10     1 -9999     0
1995 05 13 09   -38   -96 10302     0     0     1 -9999 -9999
1995 05 13 12   -48   -76 10296    30    10     5 -9999     0
1995 05 13 18   -52   -81 10284    50    26     2 -9999     0
1995 05 14 06   -44   -79 10248   100    31     7 -9999     0
1995 05 14 09   -33   -68 10242    70    31     5 -9999     0
1995 05 14 12   -28   -55 10233    90    31     8 -9999    -1
1995 05 14 18   -23   -48 10208    60    51     4 -9999 -9999
1995 05 15 06   -26   -44 10199    90    93     7 -9999 -9999
1995 05 15 09   -30   -54 -9999    80    82     8 -9999     0
1995 05 15 12   -14   -37 10205    70    62     7 -9999     0
1995 05 15 18   -18   -46 10200    80    82     7 -9999 -9999
1995 05 16 06   -10   -49 10191    80    82     8 -9999 -9999
1995 05 16 09    -9   -51 10183    60    82     8 -9999 -9999
1995 05 16 12    -5   -39 -9999    70    98     8 -9999    -1
1995 05 16 18    -9   -44 10114    60   123     8 -9999 -9999
1995 05 17 06    17   -22 10080    60   103     8 -9999 -9999
1995 05 17 09    13   -16 10015    50    77     8 -9999 -9999
1995 05 17 12     9   -14  9991    60    72     8 -9999     1
1995 05 18 06    16   -15  9976    90    82     7 -9999     0
1995 05 18 09    21   -22  9979    80    67     7 -9999     0
1995 05 18 12    28   -14  9983    70    67     7 -9999     0
1995 05 18 18    20   -14  9990    70    72     7 -9999     0
1995 05 19 06    35   -12 10019    70    51     4 -9999 -9999
1995 05 19 09    21    -4 10022    60    77     7 -9999 -9999
1995 05 19 12    29    -7 10018    50    77     5 -9999    -1
1995 05 19 18    22     0 10023     0     0     7 -9999 -9999
1995 05 20 06     3    -5 10108   270    21     7 -9999 -9999
1995 05 20 09    31     3 10119     0     0     6 -9999     0
1995 05 20 12   -25   -76 10146    40    82 -9999 -9999    -1
1995 05 20 18    21     2 10144   360    10     7 -9999     0
1995 05 21 06    27     3 10178    90    21     7 -9999 -9999
1995 05 21 09    32    21 10186    90    10     7 -9999 -9999
1995 05 21 12    29    13 10187   270    21     7 -9999     5
1995 05 21 18    11     3 10198   270    15     8 -9999 -9999
1995 05 22 06     7    -1 10174    40    21     7 -9999 -9999
1995 05 22 09    11     3 10152     0     0     9 -9999 -9999
1995 05 22 12     9     1 10154   250    31     8 -9999    80
1995 05 22 18     2   -12 10173   240    21     7 -9999 -9999
1995 05 23 06    10   -43 10183    40    21     8 -9999 -9999
1995 05 23 09     4   -26 10168    70    62     8 -9999 -9999
1995 05 23 12    -2   -17 10140    60    77     2 -9999    10
1995 05 23 18    26    21 10087    30    31     8 -9999 -9999
1995 05 24 09    35    12 10102   300    21     4 -9999     0
1995 05 24 12    27   -21 10119   280    51     2 -9999     0
1995 05 24 18    22   -12 10151     0     0     0 -9999     0
1995 05 25 06    -3   -33 -9999     0     0     6 -9999     0
1995 05 25 09    19   -57 10205    50    26     2 -9999 -9999
1995 05 25 12    44   -61 10221   270    10     3 -9999     0
1995 05 25 18     7   -19 10238   210    15     7 -9999     0
1995 05 26 06    11    -6 10258    30    10     8 -9999 -9999
1995 05 26 09     5    -9 10250   120    21     8 -9999 -9999
1995 05 26 12    11    -3 10223   160    31     8 -9999    30
1995 05 26 18    25    22 10198   210    51     8 -9999 -9999
1995 05 27 06    10     7 10175     0     0     9 -9999 -9999
1995 05 27 09    15    12 10173     0     0     8 -9999     0
1995 05 27 12    23    18 10182   210    10     8 -9999     1
1995 05 27 18    20 -9999 10183   280    46     7 -9999 -9999
1995 05 28 06     4    -4 10202    60    10     8 -9999 -9999
1995 05 28 09    -6   -24 10213    90    62     8 -9999 -9999
1995 05 28 12    20     4 10183   280    46     7 -9999 -9999
1995 05 28 18   -22   -51 10253    90    31     8 -9999     0
1995 05 29 09     8   -73 10279    30    10     1 -9999 -9999
1995 05 29 12    12   -47 10280 -9999     5     1 -9999     0
1995 05 29 18    -5   -46 10285   290    62     4 -9999 -9999
1995 05 30 06     2   -40 10279 -9999    10     1 -9999     0
1995 05 30 09    18   -43 10278    90    10     1 -9999     0
1995 05 30 12    25   -53 10279   360    21     1 -9999     0
1995 05 30 18    23   -45 10278   300    41     1 -9999     0
1995 05 31 06     6   -44 10272   300    15     7 -9999     0
1995 05 31 09    12   -37 -9999   290    51     7 -9999 -9999
1995 05 31 12    18   -33 10255   280    51     6 -9999     0
1995 05 31 18    12   -30 10238   290    51     3 -9999     0
1995 06 01 06     0   -30 10241     0     0     4 -9999     0
1995 06 01 09    28   -24 10238     0     0     4 -9999     0
1995 06 01 12    36   -17 10238     0     0     4 -9999     0
1995 06 01 18    26     2 -9999     0     0     1 -9999     0
1995 06 02 06    15   -23 10233     0     0     1 -9999     0
1995 06 02 09    16   -15 10237   260    36     6 -9999 -9999
1995 06 02 12    22    -8 10238   260    51     7 -9999     0
1995 06 02 18    16   -10 10234   300    57     8 -9999     0
1995 06 03 06    11     3 10210   250    72     7 -9999 -9999
1995 06 03 09    10    -1 10208   250    51     7 -9999     0
1995 06 03 12    20    -2 10211   260    41     8 -9999     0
1995 06 03 18    18     4 10197     0     0     8 -9999     0
1995 06 04 06     2   -28 10252    90    62     3 -9999     0
1995 06 04 09     4   -16 10263    80    72     2 -9999 -9999
1995 06 04 12    -4   -22 10270    90    98     3 -9999     0
1995 06 04 18   -13   -46 10284    90    82     5 -9999     0
1995 06 05 06     7   -19 10288    80    82     7 -9999     0
1995 06 05 09    12   -30 10286    60    82     6 -9999     0
1995 06 05 12    14   -21 10286    80    72     6 -9999     0
1995 06 05 18    16    -6 10278    70    67     6 -9999     0
1995 06 06 06    16   -12 10261    70    51     8 -9999     0
1995 06 06 09    16    -6 10261    70    62     8 -9999 -9999
1995 06 06 12    22    -6 10261    60    62     8 -9999     0
1995 06 06 18    16   -12 10254    70    77     8 -9999     0
1995 06 07 06    11   -21 10237    80    72     7 -9999     0
1995 06 07 09    12   -17 10231    80    72     5 -9999     0
1995 06 07 12    26   -66 10226    70    51     5 -9999     0
1995 06 07 18    12   -33 10206    60    51     4 -9999     0
1995 06 08 06     4   -19 10166    90    51     8 -9999     0
1995 06 08 09     2   -25 10162    90    72     8 -9999 -9999
1995 06 08 12     6   -14 10153    90    67     8 -9999    -1
1995 06 08 18     6   -11 10135    80    36     7 -9999 -9999
1995 06 09 06     4   -13 10102   110    31     3 -9999     0
1995 06 09 09     8   -15 10093   110    26     7 -9999     0
1995 06 09 12    14    -8 10081   120    10     8 -9999    -1
1995 06 09 18    12    -8 10050    90    21     7 -9999     0
1995 06 10 06    18   -13 10015   110     5     5 -9999 -9999
1995 06 10 09    20   -14 10014    80    26     4 -9999 -9999
1995 06 10 12    18   -13 10014    90    36     6 -9999     0
1995 06 10 18    16    -6 10019    90    21     8 -9999     0
1995 06 11 06     8   -15 10028    90    31     7 -9999     0
1995 06 11 09    12   -17 10039   110    21     8 -9999     0
1995 06 11 12    15   -10 10048   240    31     8 -9999    -1
1995 06 11 18    28   -11 10055   270    41     6 -9999     0
1995 06 12 06    16   -25 10082   330     5     7 -9999     0
1995 06 12 09    12   -11 10089   320    41     7 -9999 -9999
1995 06 12 12    22    -3 10097   220    41     7 -9999     0
1995 06 12 18    29    -1 10099   220    21     7 -9999     0
1995 06 13 06    29    -1 10099   220    21     7 -9999     0
1995 06 13 09    32   -12 10108    30    51     8 -9999     0
1995 06 13 12    37   -13 10120   120    21     7 -9999     0
1995 06 13 18   -52   -81 10282    50    26     2 -9999     0
1995 06 14 06    42     0 10102   300    36     5 -9999     0
1995 06 14 09    34     8 10176   240    51     5 -9999 -9999
1995 06 14 12    40    -5 10178   240    62     5 -9999     0
1995 06 14 18    38     4 10162   210    15     6 -9999     0
1995 06 15 06    26     8 10092    80    77     8 -9999 -9999
1995 06 15 09    36     7 10073    60    72     8 -9999 -9999
1995 06 15 12    40    12 10060    60    82     8 -9999     5
1995 06 15 18    29     5 10058    90    82     8 -9999 -9999
1995 06 16 06    25     6 10109   120    31     8 -9999     0
1995 06 16 09    26    10 10122   230    10     8 -9999 -9999
1995 06 16 12    28    18 10131   220    15     8 -9999     1
1995 06 16 18    30    17 10137   100    10     7 -9999 -9999
1995 06 17 06    28   -17 10154    30    21     7 -9999     0
1995 06 17 09    36   -14 10164   220    21     7 -9999 -9999
1995 06 17 12    29     5 10177    90    36     8 -9999     0
1995 06 17 18    21    10 10178    90    51     7 -9999     0
1995 06 18 06    34     8 10170   190     5     4 -9999     0
1995 06 18 09    28     1 10171    90    46     1 -9999 -9999
1995 06 18 12    28    -2 -9999    90    51     1 -9999     0
1995 06 19 09     4   -19 10176    80    41     8 -9999     0
1995 06 19 12    13   -13 10179   100    51     5 -9999     0
1995 06 19 18    15   -20 10180    90    57     4 -9999     0
1995 06 20 06    10   -19 10173    90    62     1 -9999     0
1995 06 20 09    10   -16 10173    90    72     1 -9999 -9999
1995 06 20 12    17   -30 10166    70    82     3 -9999     0
1995 06 20 18    21   -29 10139    60   113     8 -9999     0
1995 06 21 06    18     4 10091    90   103     8 -9999 -9999
1995 06 21 09    26    10 10098    80    57     8 -9999 -9999
1995 06 21 12    30    17 10097    80    51     8 -9999     3
1995 06 21 18    19    14 10102   100    41     8 -9999 -9999
1995 06 22 06    41    36 10112   270    26     8 -9999 -9999
1995 06 22 09    42    42 10121     0     0     8 -9999 -9999
1995 06 22 12    36    36 10127   250    21     8 -9999    10
1995 06 22 18    36    34 10126   210    41     8 -9999 -9999
1995 06 23 06    49    44 10025   170   185     8 -9999 -9999
1995 06 23 09    34    29 10017   250    51     8 -9999 -9999
1995 06 23 12    34    24 10022   250    62     8 -9999     5
1995 06 23 18    36    34 10126   210    15     8 -9999 -9999
1995 06 24 06    25    17  9949   260    51     8 -9999 -9999
1995 06 24 09    22    19  9959   230    51     7 -9999 -9999
1995 06 24 12    33    28  9975   250    62     7 -9999     5
1995 06 24 18    30    20 10002   260    62     7 -9999 -9999
1995 06 25 06    22     0 10080   210    62     7 -9999 -9999
1995 06 25 09    28     7 10085   220    57     5 -9999 -9999
1995 06 25 12    37    14 10089   240    67     2 -9999     0
1995 06 25 18    40    20 -9999   240    41     5 -9999     0
1995 06 26 06    32     0 10060   120    15     2 -9999     0
1995 06 26 09    39    -1 10063   220    10     7 -9999 -9999
1995 06 26 12 -9999 -9999 10061   110    26     7 -9999     0
1995 06 26 18    26    10 10048   180    26     8 -9999 -9999
1995 06 27 06    38    12 10072   270    46     7 -9999 -9999
1995 06 27 09    54    -1 10078   270    41     6 -9999 -9999
1995 06 27 12    60    -2 10084   280    62     2 -9999     0
1995 06 27 18    52    14 10085   280    57     2 -9999     0
1995 06 28 06    28     4 10059   110    26     1 -9999     0
1995 06 28 09    45     6 10057   100    15     2 -9999 -9999
1995 06 28 12    63     7 10061   220    26     2 -9999     0
1995 06 28 18    55     6 10061    90    15     1 -9999     0
1995 06 29 06    48   -18 10045   320    51     3 -9999     0
1995 06 29 09    51   -17 10044   340    57     4 -9999 -9999
1995 06 29 12    53   -15 10042   280    67     4 -9999     0
1995 06 29 18    42   -13 10033   300    57     7 -9999     0
1995 06 30 06    45    12 10007   300    26     7 -9999     0
1995 06 30 09    53     7 10000   270    62     6 -9999 -9999
1995 06 30 12    64     9 10001   270    57     7 -9999     0
1995 06 30 18    49     5 10006   300    67     7 -9999     0
1995 07 01 06    38   -18 10007   280    51     2 -9999     0
1995 07 01 09    47   -16 10007    30    21     5 -9999 -9999
1995 07 01 12    48   -15 10010   280    41     7 -9999     0
1995 07 01 18    40    -9 10004   290    62     7 -9999 -9999
1995 07 02 06    37   -13 10005   300    41     5 -9999 -9999
1995 07 02 09    42   -19 10010   280    36     5 -9999 -9999
1995 07 02 12    43   -15 10020   280    41     7 -9999     0
1995 07 02 18    40    -6 10040   100    36     7 -9999     0
1995 07 03 06    42   -16 10080    80    41     5 -9999     0
1995 07 03 09    50   -25 10092    70    51     4 -9999 -9999
1995 07 03 12    53   -36 10103    70    62     5 -9999     0
1995 07 03 18    38   -18 10112    70   108     2 -9999     0
1995 07 04 06    48    12 10123    60   134     7 -9999     0
1995 07 04 09    46     7 10131    50   123     6 -9999 -9999
1995 07 04 12    54    17 10132    60    98     7 -9999     0
1995 07 04 18    44     8 10138    80   118     8 -9999 -9999
1995 07 05 06    40 -9999 10091    70    82     8 -9999     0
1995 07 05 09    36   -17 10072   170    10     8 -9999 -9999
1995 07 05 12    48   -25 10045   360    21     8 -9999    -1
1995 07 05 18    11     6 10002    90    31     8 -9999 -9999
1995 07 06 06    12     1  9959    90    46     7 -9999 -9999
1995 07 06 09    22    -3  9951     0     0     8 -9999 -9999
1995 07 06 12    22    10  9950   200    21     8 -9999     0
1995 07 06 18    23    21  9956   120    15     7 -9999 -9999
1995 07 07 06    49    22  9998    80    67     8 -9999 -9999
1995 07 07 09    44    19 10008    80    62     8 -9999 -9999
1995 07 07 12    45    12 10018    70    67     7 -9999    10
1995 07 07 18    41     7 10015    60   118     7 -9999 -9999
1995 07 08 06    40    14 10045    90    98     7 -9999     0
1995 07 08 09    48    21 10054    70    82     7 -9999 -9999
1995 07 08 12    65    29 10061    80    87     7 -9999     0
1995 07 08 18    56    29 10066    70    72     8 -9999     0
1995 07 09 06    42    22 10072    80    72     7 -9999     0
1995 07 09 09    46    18 10079    90    82     7 -9999 -9999
1995 07 09 12    54    22 10087    80    51     7 -9999     0
1995 07 09 18    44    24 10109    70    62     7 -9999 -9999
1995 07 10 06    37    35 10139     0     0     9 -9999 -9999
1995 07 10 09    35    35 10144    90    31     9 -9999 -9999
1995 07 10 12    36    29 10149    90    31     7 -9999    -1
1995 07 10 18    30    20 10159   260    15     8 -9999 -9999
1995 07 11 06    27    27 10166   230    21     9 -9999 -9999
1995 07 11 09    36    31 10169   190     5     7 -9999 -9999
1995 07 11 12    44    32 10173   190    10     7 -9999     0
1995 07 11 18    39    29 10170    80    21     7 -9999     0
1995 07 12 06    39    13 10159    80    41     7 -9999     0
1995 07 12 09    44    16 10153    90    46     8 -9999 -9999
1995 07 12 12    42    17 10151   100    41     8 -9999     0
1995 07 12 18    46    31 10143   180     5     8 -9999 -9999
1995 07 13 06    48     7 10146    90    77     7 -9999 -9999
1995 07 13 09    63    19 10158    80    93     5 -9999 -9999
1995 07 13 18    81    15 10188    80    87     2 -9999     0
1995 07 14 06    52    11 10220   110    46     2 -9999     0
1995 07 14 09    55    18 10228    90    15     1 -9999 -9999
1995 07 14 12    68    25 10237   110    21     2 -9999     0
1995 07 14 18    56    29 10237   230     5     3 -9999     0
1995 07 15 06    42    17 10216   130    15     1 -9999     0
1995 07 15 09    56    27 10213   220    26     1 -9999 -9999
1995 07 15 12    40     0 10206   230    31     4 -9999     0
1995 07 15 18    29    24 10186   250    15     9 -9999     0
1995 07 16 06    34    19 10153   200    15     7 -9999     0
1995 07 16 09    42    17 10152   220    15     3 -9999 -9999
1995 07 16 12    42    19 10154   230    26     7 -9999     0
1995 07 16 18    43    26 10153   130    10     7 -9999     0
1995 07 17 06    31    13 10121   240    26     7 -9999     0
1995 07 17 09     4 -9999 10110   230    21     7 -9999 -9999
1995 07 17 12    36    21 10103   230    21     7 -9999     0
1995 07 17 18    36    29 10090   230    10     7 -9999     0
1995 07 18 06    31    21 -9999   130    10     8 -9999     0
1995 07 18 09    18    13 10069   240    31     8 -9999 -9999
1995 07 18 18    38    23 10039   230    46     7 -9999 -9999
1995 07 19 06    41    23 10048   110    10     6 -9999     0
1995 07 19 09    44    24 10052    70    21     6 -9999 -9999
1995 07 19 12    48    28 10060    80    10     8 -9999     0
1995 07 19 18    33    23 10070    60    10     8 -9999 -9999
1995 07 20 06    21    18 10086   100     5     8 -9999 -9999
1995 07 20 09    30    25 10087   110     5     7 -9999 -9999
1995 07 20 12    38    28 10087   130    10     7 -9999     0
1995 07 20 18    42    32 10081   240    15     8 -9999     0
1995 07 21 06    33    31 10045   240    15     9 -9999 -9999
1995 07 21 09    30    27 10037     0     0     9 -9999 -9999
1995 07 21 12    26    23 10027   220    10     9 -9999    10
1995 07 21 18    31    28  9999   190    10     9 -9999 -9999
1995 07 22 06    42    40  9967   170    15     9 -9999 -9999
1995 07 22 09    42    35  9968   170    10     7 -9999 -9999
1995 07 22 12    60    36  9971   180    21     5 -9999     3
1995 07 22 18    47     6  9966    80    67     7 -9999 -9999
1995 07 23 06    43    18  9971    80   134     8 -9999 -9999
1995 07 23 09    54    22  9974    70   123     7 -9999 -9999
1995 07 23 12    50    20  9979    50   144     7 -9999    -1
1995 07 23 18    45    15  9969    80   139     4 -9999 -9999
1995 07 24 06    41    18  9949    90    93     8 -9999 -9999
1995 07 24 09    38    23  9950 -9999    21     8 -9999 -9999
1995 07 24 12    56    40  9951   220    10     8 -9999    20
1995 07 25 06    24    21  9798   100    31     8 -9999 -9999
1995 07 25 09    30    25  9804   260    31     8 -9999 -9999
1995 07 25 12    23    21  9809   260    26     8 -9999    10
1995 07 25 18    20    15  9812   250    26     8 -9999 -9999
1995 07 26 06    50    28  9871   320    67     4 -9999 -9999
1995 07 26 09    44    24  9891    80    10     6 -9999 -9999
1995 07 26 12    59    35  9911   210    10     2 -9999     0
1995 07 26 18    17    14  9936   240    51     8 -9999 -9999
1995 07 27 06    25    25  9958   270    15     9 -9999 -9999
1995 07 27 09    30    30  9968    30    15     9 -9999 -9999
1995 07 27 12    33    33  9979   240    31     9 -9999     1
1995 07 27 18    15    15  9990   240    51     9 -9999 -9999
1995 07 28 06    21    18 10014    80     5     7 -9999 -9999
1995 07 28 09    63    32 10023   280    51     5 -9999 -9999
1995 07 28 12    65    24 10045   280    82     2 -9999     0
1995 07 28 18    61     8 10080   280    21     5 -9999     0
1995 07 29 06    22    19 10118   230    21     9 -9999     0
1995 07 29 09    40    38 10127   250    62     7 -9999 -9999
1995 07 29 12    28    25 10133   210    31     9 -9999    -1
1995 07 29 18    44    44 10132   260    77     9 -9999 -9999
1995 07 30 06    43    43 10097   250    51     9 -9999 -9999
1995 07 30 09    34    34 10092   260    15     9 -9999 -9999
1995 07 30 12    30    30 10090   240    51     9 -9999     5
1995 07 30 18    26    23 10094   240    72     7 -9999 -9999
1995 07 31 06    20    20 10127   220     5     9 -9999 -9999
1995 07 31 09    32    30 10127    60    15     9 -9999 -9999
1995 07 31 12    29    26 10129    90    15     9 -9999 -9999
1995 07 31 18    22    22 10141    80    15     9 -9999     0
1995 08 01 00   183   129 -9999   300    10     0 -9999 -9999
1995 08 01 06    30    27 10116    70    10     7 -9999     0
1995 08 01 09    44    29 10112   250    21     5 -9999 -9999
1995 08 01 12    45    38 10118   170    10     7 -9999    -1
1995 08 01 18    27    27 10131   150    10     9 -9999 -9999
1995 08 02 06    38    38 10116   230    10     9 -9999 -9999
1995 08 02 09    37    35 10117     0     0     7 -9999 -9999
1995 08 02 12    31 -9999 10120   220    10     9 -9999     0
1995 08 02 18    46    34 10123   120    10     8 -9999     0
1995 08 03 06    35    17 10116    80    51     7 -9999     0
1995 08 03 09    33    15 10111    80    31     8 -9999 -9999
1995 08 03 12    28    15 10110   250    31     8 -9999     0
1995 08 03 18    35    22 10094   140     5     7 -9999     0
1995 08 04 09    18    10 10073   120    10     7 -9999 -9999
1995 08 04 12    35    22 10073    90    15     7 -9999     0
1995 08 04 18    33    18 10071    70    26     7 -9999     0
1995 08 05 06    22    17 10069    90    21     8 -9999 -9999
1995 08 05 12    22    -6 10068    80    41     8 -9999    -1
1995 08 05 18    19    -7 10057    90    46     8 -9999 -9999
1995 08 06 06    18    13 10007   250    41     3 -9999 -9999
1995 08 06 09    45     0  9995   270    51     6 -9999 -9999
1995 08 06 12    48    10  9986   290    57     7 -9999     0
1995 08 06 18    44    20  9973   110     5     5 -9999     0
1995 08 07 06    25     4  9992    80    31     3 -9999     0
1995 08 07 09    45     6 10003   100    21     2 -9999 -9999
1995 08 07 12    69    17 10012    90    15     5 -9999     0
1995 08 07 18    64     9 10029   260    21     8 -9999     0
1995 08 08 06    27     9 10037    50    21     7 -9999     0
1995 08 08 09    37    17 10037    80    10     7 -9999 -9999
1995 08 08 12    54    27 10035   250    41     7 -9999     0
1995 08 08 18    32    17 10027   160    15     7 -9999     0
1995 08 09 06    37    11 10019    50    21     8 -9999 -9999
1995 08 09 09    41    13 10022    80    41     7 -9999 -9999
1995 08 09 12    54    17 10027    90    36     7 -9999     0
1995 08 09 18    58    24 10042    70    21     6 -9999     0
1995 08 10 06    36    18 10088   240    10     7 -9999     0
1995 08 10 09    56    27 10102   120    10     7 -9999 -9999
1995 08 10 12    54    35 10117   230    21     7 -9999     0
1995 08 10 18    62    31 10120   100     5     2 -9999     0
1995 08 11 06    37    30 10091    90    46     8 -9999 -9999
1995 08 11 09    43    33 10087    70    21     8 -9999 -9999
1995 08 11 12    45    38 10086    70    31     8 -9999    10
1995 08 11 18    53    53 10086   260    15     8 -9999 -9999
1995 08 12 06    48    48 10099   250    31     9 -9999 -9999
1995 08 12 09    46    46 10104   210    26     9 -9999 -9999
1995 08 12 12    47    45 10112   110    10     9 -9999     1
1995 08 12 18    52    47 10118   280    36     9 -9999 -9999
1995 08 13 06    54    54 10126   260    15     9 -9999     0
1995 08 13 09    41    36 10130    80    21     8 -9999 -9999
1995 08 13 12    47    37 10135   110    21     7 -9999     0
1995 08 13 18    46    36 10133   100    31     8 -9999     0
1995 08 14 06    38    28 10126   210    10     7 -9999 -9999
1995 08 14 09    51    42 10118    70    57     5 -9999 -9999
1995 08 14 12    63    42 10115    80    72     7 -9999     0
1995 08 14 18    69    36 10094    80    93     1 -9999     0
1995 08 15 06    56    32 10064    90   108     5 -9999     0
1995 08 15 12    62    39 10065    80    57     8 -9999     0
1995 08 15 18    70    42 10025    80    98     8 -9999 -9999
1995 08 16 06    62    34  9967    70    72     8 -9999 -9999
1995 08 16 09    64    41  9965    80    77     7 -9999 -9999
1995 08 16 12    58    34  9958    80    93     7 -9999     1
1995 08 16 18    52    22  9943    80    82     8 -9999 -9999
1995 08 17 06    37    17  9914    60    31     8 -9999 -9999
1995 08 17 09    39    21  9914    80    31     8 -9999 -9999
1995 08 17 12    36    21  9909    90    31     8 -9999    10
1995 08 17 18    47    14  9906    80    77     7 -9999 -9999
1995 08 18 06    36    16  9928    80    31     7 -9999     0
1995 08 18 12    30    16  9957   110    21     7 -9999     0
1995 08 18 18    40    28  9982     0     0     4 -9999     0
1995 08 19 06    20     7 10021    80     5     4 -9999     0
1995 08 19 09    57    20 10032   200    15     3 -9999 -9999
1995 08 19 12    59    14 10045   120    10     5 -9999     0
1995 08 19 18    48    15 10063    70    21     1 -9999     0
1995 08 20 06    31     7 10091    60    15     1 -9999     0
1995 08 20 09    43     4 10101   110    41     1 -9999     0
1995 08 20 12    47     8 10121   240    21     1 -9999     0
1995 08 20 18    36     7 10138   260    21     1 -9999     0
1995 08 21 09    33   -11 10156    80    36     7 -9999 -9999
1995 08 21 12    40   -18 10151    80    67     7 -9999     0
1995 08 21 18    32   -32 10120    70    51     7 -9999     0
1995 08 22 09    16   -28 10075    80    72     6 -9999 -9999
1995 08 22 12    24   -19 10077    90    77     4 -9999     0
1995 08 22 18    12   -17 10075    90    82     3 -9999     0
1995 08 23 06     8   -35 10077    90    41     8 -9999     0
1995 08 23 09     9   -20 10080   110    26     7 -9999 -9999
1995 08 23 12    13   -25 10081     0     0     7 -9999    -1
1995 08 23 18    15    -4 10078   280     5     7 -9999 -9999
1995 08 24 06    16    -3 10066    80    10     5 -9999 -9999
1995 08 24 09    35     3 10064   100    15     2 -9999 -9999
1995 08 24 12    40    -6 10062   100    21     2 -9999     0
1995 08 24 18    40    -6 10054   200     5     3 -9999     0
1995 08 25 06    -2   -26 10045   100    10     7 -9999     0
1995 08 25 09    17   -20 10051   100    10     7 -9999 -9999
1995 08 25 12    35   -15 10051   240    26     6 -9999     0
1995 08 25 18    20   -14 10057    60    10     2 -9999     0
1995 08 26 06     3   -17 10061    80    10     5 -9999     0
1995 08 26 09    22   -12 10064   140    10     7 -9999 -9999
1995 08 26 12    25    -5 10065   100    10     7 -9999     0
1995 08 26 18    20    -8 10065   120    15     7 -9999     0
1995 08 27 06    20    -2 10085    90    51     8 -9999     0
1995 08 27 12    26    -7 10101    80    36     7 -9999     0
1995 08 27 18    27    -9 10106    90    46     2 -9999     0
1995 08 28 06    35   -15 10085    60   103     7 -9999 -9999
1995 08 28 09    32   -19 10083    40   139     7 -9999 -9999
1995 08 28 12    46   -17 10064    20    62     7 -9999    -1
1995 08 28 18    55     6 10068    30    87     7 -9999 -9999
1995 08 29 06    44   -10 10086    40    82     8 -9999 -9999
1995 08 29 09    39   -10 10096    20    87     8 -9999 -9999
1995 08 29 12    47   -13 10097    40    67     7 -9999     1
1995 08 29 18    33    -8 10099    80    57     7 -9999 -9999
1995 08 30 06    23     4 10073     0     0     7 -9999     0
1995 08 30 09    26     8 10061    70    10     7 -9999 -9999
1995 08 30 12    25     6 10050   110    15     7 -9999     0
1995 08 30 18    23    15 10036     0     0     8 -9999 -9999
1995 08 31 06    49    27 10055   320    67     7 -9999 -9999
1995 08 31 09    51    19 10072   310    72     7 -9999 -9999
1995 08 31 12    58     7 10098   280    46     6 -9999    -1
1995 08 31 18    29    24 10125   240    41     7 -9999 -9999
1995 09 01 06    46    -2 10097    70    77     7 -9999 -9999
1995 09 01 09    51    -8 10078    70   108     8 -9999 -9999
1995 09 01 12    41     4 10075    50    87     8 -9999     5
1995 09 01 18    35     6 10085    50    77     8 -9999 -9999
1995 09 02 06    21    16 10158    80    31     8 -9999 -9999
1995 09 02 09    25    20 10168    90    46     8 -9999 -9999
1995 09 02 12    24    19 10176    90    26     7 -9999    10
1995 09 02 18    24    13 10176    70    31     8 -9999 -9999
1995 09 03 06    23     1 10198    80    21     1 -9999 -9999
1995 09 03 09    27     9 10214   100    31     1 -9999 -9999
1995 09 03 12    36    16 10232   220    31     6 -9999     0
1995 09 03 18    18     4 10243   240    15     7 -9999     0
1995 09 04 06    -1   -14 10240    80    36     8 -9999     0
1995 09 04 09     7   -16 10240    90    46     7 -9999 -9999
1995 09 04 12    12   -17 10236    90    51     8 -9999    -1
1995 09 04 18    13   -13 10233   190   493     6 -9999 -9999
1995 09 05 06    -7   -35 10221   280    15     3 -9999     0
1995 09 05 09    15   -26 10216   150    15     6 -9999 -9999
1995 09 05 18    21    -4 10209   340     5     6 -9999     0
1995 09 06 06     6   -27 10216   360    10     7 -9999 -9999
1995 09 06 09    14   -31 10219    50    31     7 -9999 -9999
1995 09 06 12    16   -34 10225    90    15     7 -9999    -1
1995 09 06 18     9   -17 10222   250    15     7 -9999 -9999
1995 09 07 06     9    -5 10215    70    10     7 -9999     0
1995 09 07 09    13   -10 10218   100    21     6 -9999 -9999
1995 09 07 12    23    -4 10222   120    10     7 -9999     0
1995 09 07 18    16     5 10229   230     5     4 -9999     0
1995 09 08 06   -11   -20 10254   290    10     1 -9999     0
1995 09 08 09    11    -3 10260   240    10     2 -9999 -9999
1995 09 08 12    31     7 10263   120    21     2 -9999     0
1995 09 08 18    21    13 10266   230    41     7 -9999     0
1995 09 09 06    21    16 10262   230    21     7 -9999 -9999
1995 09 09 09    21    16 10260   240    31     7 -9999 -9999
1995 09 09 12    26    21 10256   230    36     7 -9999     1
1995 09 09 18    23    18 10243   210    21     7 -9999 -9999
1995 09 10 06    12     7 10204    40     5     6 -9999 -9999
1995 09 10 09    10    -4 10200   100    21     7 -9999 -9999
1995 09 10 12    13    -4 10195    90    31     7 -9999     0
1995 09 10 18    13    -7 10191    90    31     7 -9999 -9999
1995 09 11 06     2   -38 10201    50    31     7 -9999     0
1995 09 11 09     8   -42 10206    50    36     7 -9999 -9999
1995 09 11 12    13   -42 10211    30    36     7 -9999     0
1995 09 11 18     6   -30 10219    90    36     8 -9999     0
1995 09 12 06     2   -33 10231    90    46     7 -9999     0
1995 09 12 09     2   -31 10237   100    36     7 -9999 -9999
1995 09 12 12     8   -28 10241   110    10     7 -9999     0
1995 09 12 18     8    -3 10239    10    10     7 -9999 -9999
1995 09 13 06     3    -5 10204    90    31     8 -9999 -9999
1995 09 13 09    17    -8 10198    80    46     8 -9999 -9999
1995 09 13 12    24   -12 10195    90    67     7 -9999     1
1995 09 13 18    25   -11 10199    70    67     3 -9999 -9999
1995 09 14 06    10   -19 10241    90    15     7 -9999     0
1995 09 14 09    12    -8 10245    40    26     7 -9999 -9999
1995 09 14 12    23     7 10236    40    15     8 -9999    -1
1995 09 14 18    25    22 10206   210    46     9 -9999 -9999
1995 09 15 06    18    15 10150   220    57     9 -9999 -9999
1995 09 15 09    22    19 10141   230    62     9 -9999 -9999
1995 09 15 12    24    21 10128   220    62     9 -9999     1
1995 09 15 18    29    26 10121   230    57     9 -9999 -9999
1995 09 16 06    35    33 10104   260    21     9 -9999 -9999
1995 09 16 09    33    31 10105   280    21     9 -9999 -9999
1995 09 16 12    37    35 10106   240    31     9 -9999    30
1995 09 16 18    52    50 10101   260    67     8 -9999 -9999
1995 09 17 06    38    33 10098   240    26     8 -9999 -9999
1995 09 17 09    46    34 10094   240    31     8 -9999 -9999
1995 09 17 12    42    37 10074   230    21     8 -9999    10
1995 09 17 18    46    41 10021   180    62     8 -9999 -9999
1995 09 18 06    24    11  9995   250    15     7 -9999 -9999
1995 09 18 09    45    28  9992   280    21     7 -9999 -9999
1995 09 18 12    44    34  9987   220    41     7 -9999     0
1995 09 18 18    28    15  9976   240    21     5 -9999 -9999
1995 09 19 06    21     2  9898    80    31     7 -9999 -9999
1995 09 19 09    24    13  9892   250    21     8 -9999 -9999
1995 09 19 12    27    19  9898     0     0     7 -9999    10
1995 09 19 18    23     1  9934   290    62     6 -9999 -9999
1995 09 20 06   -13   -57  9989   290    67     6 -9999 -9999
1995 09 20 09   -14   -62 10006   280    36     7 -9999 -9999
1995 09 20 12    -7   -63 10009   310    36     7 -9999    -1
1995 09 20 18    -9   -52 10012    60    15     8 -9999 -9999
1995 09 21 06    -5   -46 10003    50    77     8 -9999 -9999
1995 09 21 09     1   -38 10001    70   108     8 -9999 -9999
1995 09 21 12    13   -35  9992    80   118     7 -9999    -1
1995 09 21 18    27    -9  9950    70   108     6 -9999 -9999
1995 09 22 06    29   -10  9814    80    77     7 -9999 -9999
1995 09 22 09    33    12  9816    90    67     8 -9999 -9999
1995 09 22 12    38    23  9816   100    41     8 -9999 -9999
1995 09 22 18    34    19  9805    70    51     8 -9999 -9999
1995 09 23 06    28     1  9825   100    41     7 -9999 -9999
1995 09 23 09    26     8  9839    80    31     7 -9999 -9999
1995 09 23 12    29    10  9857   160    31     8 -9999     1
1995 09 23 18    17     4  9995   170    31     8 -9999 -9999
1995 09 24 06     9   -33  9942   150    41     5 -9999 -9999
1995 09 24 09    12   -37  9948    90    51     5 -9999 -9999
1995 09 24 12    16   -32  9955   100    31     2 -9999    -1
1995 09 24 18    13   -16  9957   150    46     6 -9999 -9999
1995 09 25 09    24   -12  9941    80    36     5 -9999 -9999
1995 09 25 12    25   -17  9937    80    57     4 -9999     0
1995 09 25 18     9   -44  9906    40    77     7 -9999     0
1995 09 26 06    -4   -22  9811   280    10     5 -9999 -9999
1995 09 26 09    12   -30  9817   260    41     5 -9999 -9999
1995 09 26 12    17   -14  9834   200    57     1 -9999     0
1995 09 26 18     5   -18  9864     0     0     6 -9999     0
1995 09 27 06    -5   -33  9904    90    46     7 -9999     0
1995 09 27 09     3   -41  9911    90    51     4 -9999 -9999
1995 09 27 12     1   -33  9921    90    51     1 -9999     0
1995 09 27 18   -16   -42  9920    60    10     5 -9999     0
1995 09 28 06    12   -30  9865   340     5     7 -9999 -9999
1995 09 28 09    42   -22  9857    80    41     7 -9999 -9999
1995 09 28 12    39    -7  9862    40    46     7 -9999     1
1995 09 28 18    48    -2  9858    30    57     8 -9999 -9999
1995 09 29 06    40   -12  9864    30    72     7 -9999 -9999
1995 09 29 09    40   -15  9876    60    62     7 -9999 -9999
1995 09 29 12    40   -15  9887    60    82     7 -9999     1
1995 09 29 18    31   -10  9938    80   113     5 -9999 -9999
1995 09 30 06    15    -3  9988    90    46     7 -9999     0
1995 09 30 09     9     1  9997     0     0     8 -9999 -9999
1995 09 30 12     5     0 10004   100    26     8 -9999     5
1995 09 30 18     3    -3 10014    90    31     8 -9999 -9999
1995 10 01 06    13   -16 10035    80    62     8 -9999 -9999
1995 10 01 09    23   -13 10037    80    82     7 -9999 -9999
1995 10 01 12    26    -7 10038    70    57     7 -9999     0
1995 10 01 18    22    -9 10040    70    62     7 -9999 -9999
1995 10 02 06    20   -17 10036    40    51     7 -9999 -9999
1995 10 02 09    23   -16 10039    60    62     7 -9999 -9999
1995 10 02 12    23   -20 10039    50    57     7 -9999     0
1995 10 02 18     8   -18 10040    80    41     7 -9999     0
1995 10 03 06    -1   -32 10031   360    21     6 -9999     0
1995 10 03 09     9   -26 10032   260    57     6 -9999 -9999
1995 10 03 12     5   -35 10036   280    36     1 -9999     0
1995 10 03 18    -3   -37 10039   270    62     3 -9999 -9999
1995 10 04 06     0   -37 10049   260    31     6 -9999     0
1995 10 04 09    -3   -34 10056   360     5     6 -9999 -9999
1995 10 04 12     2   -42 10068    60    10     6 -9999     0
1995 10 04 18   -12   -44 10096    90    15     7 -9999     0
1995 10 05 06    -3   -61 10162   100    15     2 -9999     0
1995 10 05 09   -19   -49 10176    90    26     1 -9999 -9999
1995 10 05 12    -8   -43 10193    60     5     1 -9999     0
1995 10 05 18   -13   -42 10207    60    31     7 -9999     0
1995 10 06 06     3   -41 10205    70    62     7 -9999     0
1995 10 06 09     4   -24 10199    70    93     3 -9999 -9999
1995 10 06 12     7   -18 10189    60    98     4 -9999     0
1995 10 06 18    -6   -78 10171    70   123     4 -9999 -9999
1995 10 07 06     0   -61 10157    70    82     8 -9999 -9999
1995 10 07 09    11   -38 10158    70    98     8 -9999 -9999
1995 10 07 12     1   -67 10163    70    77     8 -9999    -1
1995 10 07 18     6   -41 10157    70    98     7 -9999 -9999
1995 10 08 06    13   -19 10143    80    87     8 -9999 -9999
1995 10 08 09     9   -17 10144    80    82     7 -9999 -9999
1995 10 08 12    11   -24 10139    70    98     7 -9999     5
1995 10 08 18    11   -24 10115    80   108     7 -9999 -9999
1995 10 09 06    19   -48 10064    50   118     7 -9999 -9999
1995 10 09 09    17   -34 10062    40   103     7 -9999 -9999
1995 10 09 12    20   -34 10064    50   103     7 -9999    -1
1995 10 09 18    17   -47 10053    40   118     5 -9999 -9999
1995 10 10 06    31    -4  9984    80   113     7 -9999 -9999
1995 10 10 09    29    -7  9984    70   129     6 -9999 -9999
1995 10 10 12    25   -11  9990    80   108     7 -9999    10
1995 10 10 18    22   -38 10012    80   108     7 -9999 -9999
1995 10 11 06     6   -56 10058    50   118     7 -9999 -9999
1995 10 11 09     2   -70 10079    50   108     6 -9999 -9999
1995 10 11 12    -1   -87 10100    50    98     6 -9999     0
1995 10 11 18    -8   -83 10125    60    36     7 -9999     0
1995 10 12 06   -36   -81 10140    30    21     7 -9999     0
1995 10 12 09   -35   -71 10140    40    10     7 -9999 -9999
1995 10 12 12   -22   -64 10137     0     0     7 -9999     0
1995 10 12 18   -32   -72 10116     0     0     7 -9999     0
1995 10 13 06   -40   -69 10103   300    15     6 -9999     0
1995 10 13 09   -40   -69 10112    70    15     7 -9999 -9999
1995 10 13 18   -19   -72 10132     0     0     7 -9999     0
1995 10 14 06    -1   -55 10106   280    77     8 -9999 -9999
1995 10 14 09    -7   -60 10108   290    72     8 -9999 -9999
1995 10 14 18   -71  -129 10166   300    31     1 -9999 -9999
1995 10 15 06   -68  -135 10203   320    15     7 -9999     0
1995 10 15 09   -79  -135 10209    80    15     2 -9999 -9999
1995 10 15 12   -69  -137 10208     0     0     7 -9999     0
1995 10 15 18   -65  -115 10191   280    21     7 -9999     0
1995 10 16 06   -84  -154 10142   360    31     1 -9999     0
1995 10 16 09   -81  -144 10136   360    26     1 -9999 -9999
1995 10 16 12   -72  -132 10130   290    41     1 -9999     0
1995 10 16 18   -75  -119 10107   210    21     2 -9999     0
1995 10 17 06  -115  -205 10086    30    36     1 -9999     0
1995 10 17 09  -114  -204 10087   360    41     1 -9999 -9999
1995 10 17 12  -108  -229 10082   360    51     1 -9999     0
1995 10 17 18  -110  -234 10069   360    36     1 -9999     0
1995 10 18 06  -125  -190 10061    60    21     1 -9999     0
1995 10 18 09   -80  -174 10068    40    67     1 -9999 -9999
1995 10 18 12   -71  -152 10078    20    36     3 -9999     0
1995 10 18 18   -73  -122 10078    80    46     1 -9999     0
1995 10 19 06   -80  -160 10075    40    41     4 -9999     0
1995 10 19 09   -72  -136 10069    40    57     7 -9999 -9999
1995 10 19 12   -63  -128 10068    50    36     7 -9999    -1
1995 10 19 18   -71  -124 10058    60    41     7 -9999 -9999
1995 10 20 06   -72  -110 10020    60    36     7 -9999     0
1995 10 20 09   -63   -99 10011    70    36     7 -9999 -9999
1995 10 20 12   -43   -94  9997    60    41     8 -9999     0
1995 10 20 18   -39   -57  9972   290    36     8 -9999 -9999
1995 10 21 06   -37   -81  9957    40    77     7 -9999 -9999
1995 10 21 09   -40  -103  9967    40    98     7 -9999 -9999
1995 10 21 12   -27   -84  9979    10    62     7 -9999    -1
1995 10 21 18   -40   -81 10028    70   123     5 -9999 -9999
1995 10 22 06   -92  -154 10124    30    51     2 -9999 -9999
1995 10 22 12  -106  -156 10148    20    36     2 -9999     0
1995 10 22 18  -136  -164 10143    50    36     1 -9999     0
1995 10 23 06  -106  -182 10128    40    51     2 -9999     0
1995 10 23 09  -103  -192 10138    30    41     2 -9999 -9999
1995 10 23 12  -112  -170 10146   280     5     6 -9999     0
1995 10 23 18  -137  -192 10152   300    10     2 -9999     0
1995 10 24 06   -91  -172 10141   270    21     6 -9999     0
1995 10 24 09   -85  -176 10144   340    57     7 -9999 -9999
1995 10 24 18   -83  -141 10165   310    57     7 -9999 -9999
1995 10 25 06   -75  -152 10162    40    36     2 -9999 -9999
1995 10 25 09   -75  -146 10167   290    46     3 -9999 -9999
1995 10 25 12   -80  -160 10167   270    31     2 -9999     0
1995 10 25 18  -112  -164 10157   290    31     1 -9999     0
1995 10 26 06  -110  -192 10177    40    62     1 -9999     0
1995 10 26 12   -93  -162 10182    70    82     7 -9999     0
1995 10 26 18   -90  -151 10175    10    36     5 -9999     0
1995 10 27 06   -74  -128 10153    40    67     7 -9999     0
1995 10 27 09   -75  -124 10152    60    67     7 -9999 -9999
1995 10 27 12   -70  -122 10148    80    72     7 -9999     0
1995 10 27 18   -83  -141 10139    40    62     7 -9999     0
1995 10 28 06   -83  -135 10123    60    51     7 -9999     0
1995 10 28 09   -83  -135 10125    40    51     5 -9999 -9999
1995 10 28 12   -97  -133 10127    60    31     5 -9999     0
1995 10 28 18   -71  -124 10128    30    21     7 -9999 -9999
1995 10 29 06   -97  -149 10140    70    77     7 -9999 -9999
1995 10 29 09  -105  -181 10157    30    87     7 -9999 -9999
1995 10 29 12  -105  -181 10170    20    57     2 -9999    -1
1995 10 29 18   -95  -186 10190   360    31     1 -9999 -9999
1995 10 30 06  -118  -186 10103    30    21     7 -9999     0
1995 10 30 09  -111  -163 10203    50    21     6 -9999 -9999
1995 10 30 12  -122  -185 10201     0     0     6 -9999     0
1995 10 30 18  -137  -185 10193    40    15     0 -9999     0
1995 10 31 06  -126  -184 10136   360    26     1 -9999     0
1995 10 31 12  -142  -191 10132    50    31     2 -9999     0
1995 10 31 18  -108  -152 10134    40    67     7 -9999 -9999
1995 11 01 06  -106  -182 10175    30    87     2 -9999 -9999
1995 11 01 09   -90  -170 10184    30   113     2 -9999 -9999
1995 11 01 12   -94  -157 10184    50   129     3 -9999     0
1995 11 01 18   -99  -193 10205    40   103     1 -9999     0
1995 11 02 06  -103  -178 10256    10    51     1 -9999     0
1995 11 02 09  -115  -175 10269    90    36     1 -9999 -9999
1995 11 02 18  -137  -185 10286    50    26     0 -9999     0
1995 11 03 06  -115  -144 10256    80    21     4 -9999     0
1995 11 03 09   -74  -118 10242   260    15     7 -9999 -9999
1995 11 03 12   -37   -81 10224   300    57     7 -9999    -1
1995 11 03 18   -26   -32 10163   200    26     8 -9999 -9999
1995 11 04 06   -16   -30 10007   100    46     8 -9999 -9999
1995 11 04 12   -31   -90 10008    30    57     5 -9999    40
1995 11 04 18   -68  -105 10032    90    77     8 -9999 -9999
1995 11 05 06  -112  -158 10055    50    77     8 -9999 -9999
1995 11 05 09  -121  -177 10061    60    72     7 -9999 -9999
1995 11 05 12  -117  -193 10068    50    77     6 -9999    -1
1995 11 05 18  -121  -199 10101    30   118     6 -9999 -9999
1995 11 06 06  -157  -221 10173    40    26     6 -9999     0
1995 11 06 09  -144  -194 10174    70    21     8 -9999 -9999
1995 11 06 12  -114  -155 10164   360    31     8 -9999    -1
1995 11 06 18   -97  -128 10125    90    51     8 -9999 -9999
1995 11 07 06  -116  -151 10109    50    36     7 -9999 -9999
1995 11 07 12  -108  -147 10113    80    82     7 -9999    -1
1995 11 07 18  -149  -209 10130    50    67     1 -9999 -9999
1995 11 08 06  -164  -222 10156    80    77     0 -9999     0
1995 11 08 09  -178  -223 10167    60    31     0 -9999 -9999
1995 11 08 12  -184  -230 10173    50    31     1 -9999     0
1995 11 08 18  -171  -223 10180    60    21     0 -9999     0
1995 11 09 06  -135  -175 10191   110    41     7 -9999     0
1995 11 09 09  -119  -161 10202    90    21     7 -9999 -9999
1995 11 09 12  -110  -149 10205    70    21     7 -9999     0
1995 11 09 18   -76   -93 10196    90    26     8 -9999 -9999
1995 11 10 06   -99  -146 10197    60    72     7 -9999 -9999
1995 11 10 09  -116  -163 10204    70    77     6 -9999 -9999
1995 11 10 12  -131  -177 10217    60    67     1 -9999    -1
1995 11 10 18  -158  -214 10254    80    93     1 -9999 -9999
1995 11 11 06  -157  -204 10266    70    46     7 -9999     0
1995 11 11 09  -130  -197 10239    80    51     7 -9999 -9999
1995 11 11 12  -102  -119 10197    40    31     9 -9999     5
1995 11 11 18   -28   -38 10089   180    98     8 -9999 -9999
1995 11 12 06    -5   -26  9915    90    72     8 -9999 -9999
1995 11 12 12     4   -55  9891    10    98     8 -9999     1
1995 11 12 18     7   -51  9957    20    46     8 -9999 -9999
1995 11 13 06    -4   -41 10044    80    77     7 -9999 -9999
1995 11 13 09    -9   -59 10061    60    67     7 -9999 -9999
1995 11 13 18   -32   -83 10033    60    87     7 -9999 -9999
1995 11 14 06   -54  -135 10127    20    36     7 -9999 -9999
1995 11 14 12   -84  -131 10146    90   108     7 -9999     0
1995 11 14 18  -108  -178 10169    60   108     2 -9999     0
1995 11 15 09  -103  -178 10188    60    51     7 -9999 -9999
1995 11 15 12   -97  -206 10177    10    51     7 -9999     0
1995 11 15 18  -126  -191 10161    30    62     2 -9999     0
1995 11 16 06  -120  -162 10131    50    15     7 -9999     0
1995 11 16 09  -106  -162 10125   300    10     8 -9999 -9999
1995 11 16 12  -122  -165 10120    30    21     7 -9999     0
1995 11 16 18  -107  -157 10104    40    41     7 -9999     0
1995 11 17 06  -130  -214 10084    40    41     2 -9999     0
1995 11 17 09  -151  -196 10084    50    46     1 -9999 -9999
1995 11 17 12  -162  -202 10084    40    57     1 -9999     0
1995 11 17 18  -174  -218 10076    30    46     1 -9999     0
1995 11 18 06  -201  -242 10077    60    51     1 -9999     0
1995 11 18 09  -202  -244 10088    50    57     1 -9999 -9999
1995 11 18 12  -192  -252 10092    60    46     1 -9999     0
1995 11 18 18  -212  -268 10111    60    46     1 -9999     0
1995 11 19 09  -222  -246 10139    50    36     2 -9999 -9999
1995 11 19 12  -202  -233 10137    80    31     8 -9999     0
1995 11 19 18  -213  -246 10137    80    31     0 -9999 -9999
1995 11 20 09  -196  -236 10114    60    46     1 -9999 -9999
1995 11 20 12  -206  -248 10109    60    41     1 -9999     0
1995 11 20 18  -187  -235 10113    70    10     3 -9999     0
1995 11 21 06  -106  -128 10073   110    57     7 -9999 -9999
1995 11 21 09  -115  -144 10079    90    57     7 -9999 -9999
1995 11 21 12  -100  -117 10082   260     5     8 -9999     3
1995 11 21 18   -20   -53 10048   260    41     7 -9999 -9999
1995 11 22 06  -107  -135 10037    90   103     6 -9999 -9999
1995 11 22 09  -112  -130 10044    90    82     8 -9999 -9999
1995 11 22 12  -111  -134 -9999    90    51     7 -9999    -1
1995 11 22 18  -172  -184 10051    70    26     0 -9999 -9999
1995 11 23 06  -190  -220 10079    50    41     0 -9999 -9999
1995 11 23 09  -190  -220 10105    60    36     3 -9999 -9999
1995 11 23 12  -186  -215 10124    40    31     4 -9999     0
1995 11 23 18  -139  -194 10166    40    67     3 -9999     0
1995 11 24 06  -155  -193 10222    50    15     2 -9999     0
1995 11 24 09  -153  -198 10232    60    26     1 -9999 -9999
1995 11 24 12  -134  -188 10234    80    77     2 -9999     0
1995 11 24 18  -153  -215 10256    50    67     0 -9999     0
1995 11 25 09  -186  -215 10253    40    15     1 -9999 -9999
1995 11 25 12  -196  -217 10250    50    26     1 -9999     0
1995 11 25 18  -196  -209 10236    60    36     0 -9999     0
1995 11 26 09  -173  -192 10210    30     5     1 -9999 -9999
1995 11 26 12  -183  -203 10209    60    15     1 -9999     0
1995 11 26 18  -179  -199 10204    40    26     0 -9999     0
1995 11 27 06  -112  -130 10173   360     5     7 -9999 -9999
1995 11 27 12  -135  -169 10169    50    26     6 -9999     0
1995 11 27 18  -122  -159 10160    80    57     7 -9999     0
1995 11 28 06  -139  -180 10124    80    98     8 -9999 -9999
1995 11 28 09  -146  -182 10126    80    93     7 -9999 -9999
1995 11 28 12  -155  -193 10128    70    67     8 -9999     1
1995 11 28 18  -174  -218 10129    60    57     7 -9999 -9999
1995 11 29 06  -163  -189 10122    90    67     7 -9999 -9999
1995 11 29 09  -142  -177 10097    90    77     8 -9999 -9999
1995 11 29 12  -115  -144 10071    70    67     8 -9999    -1
1995 11 29 18   -76   -93  9948    70    77     8 -9999 -9999
1995 11 30 06   -29   -39  9817   260    31     8 -9999 -9999
1995 11 30 12   -17   -58  9925   320    87     6 -9999    -1
1995 11 30 18   -40   -94 10045   300    21     7 -9999 -9999
1995 12 01 06   -72  -136 10173   270    31     1 -9999 -9999
1995 12 01 09   -95  -135 10185    40     5     1 -9999 -9999
1995 12 01 18   -54   -79 10196    90    26     7 -9999     0
1995 12 02 06    16     8 10150   270    41     8 -9999 -9999
1995 12 02 09    26    18 10145   260    93     8 -9999 -9999
1995 12 02 12    19    11 10140   250    82     8 -9999    50
1995 12 02 18    24    16 10153   270    67     8 -9999 -9999
1995 12 03 06    24    19 10134   200   103     8 -9999 -9999
1995 12 03 09    15     7 10125   250    57     8 -9999 -9999
1995 12 03 12    10     5 10100   250    51     8 -9999    70
1995 12 03 18    12     9 10093   220    31     9 -9999 -9999
1995 12 04 06    21    18 10062   270    26     8 -9999 -9999
1995 12 04 09    23    13 10057   240    36     8 -9999 -9999
1995 12 04 12    12    -2 10056   260    51     8 -9999    10
1995 12 04 18    10   -13 10056   250    57     8 -9999 -9999
1995 12 05 06     5     0 10039   190    51     8 -9999 -9999
1995 12 05 09     0    -3 10051   230    62     9 -9999 -9999
1995 12 05 12     1    -5 10056   250    46     9 -9999   160
1995 12 05 18     4    -2 10050   230    57     8 -9999 -9999
1995 12 06 06     4   -41 10071   290   134     8 -9999 -9999
1995 12 06 09   -22   -77 10100   290   118     8 -9999 -9999
1995 12 06 18   -36   -80 10132   270    51     7 -9999 -9999
1995 12 07 12   -74  -151 10261   300    26     5 -9999    -1
1995 12 07 18   -73  -137 10295    10    26     7 -9999 -9999
1995 12 08 06    -7   -17 10233   280     5     8 -9999 -9999
1995 12 08 09    15    -7 10220   260    77     8 -9999 -9999
1995 12 08 12    15    -1 10206   270    82     8 -9999    -1
1995 12 08 18    14   -11 10177   260    62     8 -9999 -9999
1995 12 09 06     5    -9 10099   260    62     7 -9999 -9999
1995 12 09 09     7   -13 10091   260    57     8 -9999 -9999
1995 12 09 12     0   -17 10076   250    41     8 -9999     0
1995 12 09 18     6   -13 10035   240    46     8 -9999 -9999
1995 12 10 06   -63  -103 10024   280    46     6 -9999 -9999
1995 12 10 12   -63   -94 10086    80    41     8 -9999     1
1995 12 10 18   -63   -82 10105    80    46     8 -9999 -9999
1995 12 11 06   -19   -27  9860    70   113     9 -9999 -9999
1995 12 11 09     3    -3  9827   250    67     8 -9999 -9999
1995 12 11 12    -1   -15  9850   260    98     8 -9999    30
1995 12 11 18   -42   -65  9888   270    98     8 -9999 -9999
1995 12 12 06   -93  -144  9982   340    31     6 -9999 -9999
1995 12 12 09  -108  -165  9966   360    26     7 -9999 -9999
1995 12 12 12  -124  -174  9951   350    31     7 -9999    -1
1995 12 12 18  -118  -179  9957   320    62     7 -9999 -9999
1995 12 13 06  -186  -254 10115   360    62     8 -9999 -9999
1995 12 13 09  -183  -250 10141   360    46     7 -9999 -9999
1995 12 13 12  -175  -249 10143   360    46     1 -9999    -1
1995 12 13 18  -172  -255 10150    60    36     0 -9999 -9999
1995 12 14 06  -196  -236 10163    50    51     7 -9999     0
1995 12 14 09  -174  -209 10178    70    41     7 -9999 -9999
1995 12 14 12  -181  -227 10196    80    62     1 -9999     0
1995 12 14 18  -201  -242 10224    70    57     0 -9999     0
1995 12 15 06  -165  -191 10189    70    62     8 -9999 -9999
1995 12 15 09  -138  -172 10153    90    98     8 -9999 -9999
1995 12 15 12  -118  -132 10103    80    93     8 -9999     1
1995 12 15 18   -95  -120  9964    60   170     9 -9999 -9999
1995 12 16 06  -144  -167  9893    30   123     9 -9999 -9999
1995 12 16 09  -160 -9999  9922    30   170     7 -9999 -9999
1995 12 16 12  -154  -192  9962    30   216     7 -9999     1
1995 12 16 18  -181  -258 10082    40   139     1 -9999 -9999
1995 12 17 06  -205  -285 10169    50    51     0 -9999     0
1995 12 17 09  -190  -261 10175    70    57     0 -9999 -9999
1995 12 17 12  -188  -258 10180    90    51     0 -9999     0
1995 12 17 18  -204  -339 10185    70    46     1 -9999     0
1995 12 18 06  -170  -231 10180    90    77     2 -9999     0
1995 12 18 09  -169  -229 10182    90    77     1 -9999 -9999
1995 12 18 12  -163  -230 10181    50    57     1 -9999     0
1995 12 18 18  -177  -252 10179   360    57     0 -9999     0
1995 12 19 06  -178  -242 10114    60    36     8 -9999     0
1995 12 19 09  -177  -213 10110    80    87     7 -9999 -9999
1995 12 19 12  -203  -256 10114    80   118     6 -9999    -1
1995 12 19 18  -232  -282 10114    50    57     6 -9999 -9999
1995 12 20 06  -200  -252 10078    90    98     7 -9999     0
1995 12 20 09  -219  -278 10083    60    87     7 -9999 -9999
1995 12 20 12  -221  -281 10091    50    98     7 -9999     0
1995 12 20 18  -235  -301 10102    20    82     1 -9999     0
1995 12 21 06  -188  -209 10069    50   164     9 -9999 -9999
1995 12 21 09  -167  -186 10067    60   226     9 -9999 -9999
1995 12 21 12  -153  -191 10097    70   175     7 -9999     1
1995 12 21 18  -140  -213 10130    30   129     3 -9999 -9999
1995 12 22 06  -147  -206 10134    60   164     1 -9999     0
1995 12 22 09  -139  -195 10145    50    82     1 -9999 -9999
1995 12 22 12  -144  -187 10148    50    93     1 -9999     0
1995 12 22 18  -172  -215 10145    70    72     1 -9999     0
1995 12 23 06  -180  -235 10127    90    93     1 -9999     0
1995 12 23 09  -190  -261 10123    50    72     2 -9999 -9999
1995 12 23 12  -196  -258 10120    40    82     2 -9999     0
1995 12 23 18  -210  -278 10116    40    67     3 -9999     0
1995 12 24 00  -210  -269 10140   140    51     0 -9999 -9999
1995 12 24 06  -194  -267 10102    10    36     7 -9999     0
1995 12 24 12  -181  -258 10088    30    57     7 -9999     0
1995 12 24 18  -205  -259 10074    60    41     3 -9999     0
1995 12 25 06  -222  -269 10045    40    67     0 -9999     0
1995 12 25 09  -228  -277 10048    40    62     2 -9999 -9999
1995 12 25 12  -224  -271 10048    60    82     7 -9999     0
1995 12 25 18  -235  -301 10058    40    82     2 -9999     0
1995 12 26 06  -240  -309 10051    30    46     2 -9999     0
1995 12 26 09  -234  -300 10047    80    77     2 -9999 -9999
1995 12 26 12  -240  -309 10046    70    57     1 -9999     0
1995 12 26 18  -257  -316 10048    50    46     0 -9999     0
1995 12 27 06  -247  -302 10055    60    57     5 -9999     0
1995 12 27 09  -238  -306 10070    60    46     7 -9999 -9999
1995 12 27 12  -231  -295 10074    90    31     7 -9999     0
1995 12 27 18  -242  -295 10069    70    15     7 -9999     0
1995 12 28 06  -243  -296 10062    70    21     7 -9999     0
1995 12 28 09  -245  -299 10069    60    26     7 -9999 -9999
1995 12 28 12  -226  -274 10079    60    15     7 -9999     0
1995 12 28 18  -221  -268 10089    50    10     3 -9999     0
1995 12 29 06  -226  -250 10095    80    15     0 -9999     0
1995 12 29 09  -234  -259 10085    80    31     0 -9999 -9999
1995 12 29 12  -214  -248 10071    90    41     7 -9999     0
1995 12 29 18  -162  -174 10031    80    57     7 -9999 -9999
1995 12 30 06  -123  -148  9970    70    26     8 -9999 -9999
1995 12 30 09  -111  -124  9957    80    31     8 -9999 -9999
1995 12 30 12  -126 -9999  9947    90    46     8 -9999    10
1995 12 30 18  -146  -182  9957    90    57     5 -9999 -9999
1995 12 31 06  -159  -184  9911    60    46     8 -9999 -9999
1995 12 31 09  -143  -166  9853    80    98     8 -9999 -9999
1995 12 31 12  -148  -171  9761    60   164     9 -9999     5
1995 12 31 18  -157  -175  9675    40    82     8 -9999 -9999
