1992 01 01 09   -48   -54  9624    80   185     9 -9999 -9999
1992 01 01 12   -50   -56  9624    80   154     9 -9999     5
1992 01 01 18   -90  -110  9617    90   164     9 -9999 -9999
1992 01 02 06  -140  -145  9746    90   144     9 -9999 -9999
1992 01 02 09  -148  -171  9772    80   113     8 -9999 -9999
1992 01 02 18  -153  -177  9802    70    82     0 -9999 -9999
1992 01 03 06  -117  -136  9765    90    82     6 -9999     0
1992 01 03 09   -96  -112  9740   110    72     8 -9999 -9999
1992 01 03 12   -81   -95  9739   110    82     8 -9999     1
1992 01 03 18   -36   -61  9725    40   103     9 -9999 -9999
1992 01 04 06   -64   -87  9764    30   134     9 -9999 -9999
1992 01 04 09   -70   -95  9787    50   113     7 -9999 -9999
1992 01 04 12   -82   -92  9797    90   154     8 -9999    -1
1992 01 04 18   -79  -101  9830    50   134     8 -9999 -9999
1992 01 05 06  -112  -135  9929    90    93     3 -9999     0
1992 01 05 09  -119  -149  9951    90   113     3 -9999 -9999
1992 01 05 12  -126  -152  9982    90   103     2 -9999     0
1992 01 06 06  -134  -155 10074    80    82     2 -9999 -9999
1992 01 06 09  -142  -177 10085    60    72     3 -9999 -9999
1992 01 06 12  -146  -189 10091    40    72     3 -9999     0
1992 01 06 18  -148  -185 10091    80    82     0 -9999     0
1992 01 07 06  -156  -180 10087    70    82     0 -9999     0
1992 01 07 09  -157  -170 10078    80   103     0 -9999 -9999
1992 01 07 12  -162  -187 10079    80    82     0 -9999     0
1992 01 07 18  -161  -186 10082    90    93     0 -9999     0
1992 01 08 06  -173  -192 10075    90    93     0 -9999     0
1992 01 08 09  -176  -203 10073    90    93     0 -9999 -9999
1992 01 08 12  -174  -201 10072    90    82     1 -9999     0
1992 01 08 18  -180  -193 10073    80    51     0 -9999     0
1992 01 09 06  -180  -208 10049    80    31     0 -9999     0
1992 01 09 09  -171  -198 10053    80    21     2 -9999 -9999
1992 01 09 12  -172  -199 10039    50    10     1 -9999     0
1992 01 09 18  -167  -186 10055    60    21     2 -9999     0
1992 01 10 06  -110  -133 10015    70    82     0 -9999     0
1992 01 10 09  -114  -133  9992    60   113     1 -9999 -9999
1992 01 10 12  -124  -135  9977    50   123     7 -9999 -9999
1992 01 10 18  -111  -124  9893    60   164     2 -9999 -9999
1992 01 11 06  -130  -163  9903    50   226     9 -9999     0
1992 01 11 18  -214  -248 10088    40   134     2 -9999     0
1992 01 12 06  -210  -265 10200    80    62     0 -9999     0
1992 01 12 09  -212  -256 10222   100    72     0 -9999 -9999
1992 01 12 12  -238  -276 10230    70    51     1 -9999     0
1992 01 12 18  -228  -264 -9999    80    10     0 -9999     0
1992 01 13 06  -150  -173 10109    90    82     8 -9999 -9999
1992 01 13 09  -119  -138 10070    90    51     8 -9999 -9999
1992 01 13 12  -100  -122 10032    80    82     8 -9999    -1
1992 01 13 18   -66   -74  9933    80    82     8 -9999 -9999
1992 01 14 06   -22   -25  9752   100    31     8 -9999 -9999
1992 01 14 09   -18   -26  9709    50    21     8 -9999 -9999
1992 01 14 12   -30   -47  9697   270    82     8 -9999    50
1992 01 14 18   -58   -65  9673   270    31     8 -9999 -9999
1992 01 15 06   -75   -96  9702   280    41     8 -9999 -9999
1992 01 15 09   -85  -104  9713   290    72     8 -9999 -9999
1992 01 15 12   -98  -124  9717   280    51     5 -9999     1
1992 01 15 18  -107  -130  9753   290    41     8 -9999 -9999
1992 01 16 06  -127  -142  9772   300    10     7 -9999 -9999
1992 01 16 09  -117  -152  9782   300    51     7 -9999 -9999
1992 01 16 12   -80  -142  9801    30    72     8 -9999     0
1992 01 17 06   -56   -63  9996    50    72     7 -9999 -9999
1992 01 17 09   -69   -93 10029    90    93     8 -9999 -9999
1992 01 17 12   -94  -114 10055    90    82     5 -9999    -1
1992 01 17 18   -97  -118 10081    90    51     8 -9999 -9999
1992 01 18 06   -98  -114 10067   290    21     8 -9999 -9999
1992 01 18 09   -83   -89 10068   280    10     8 -9999 -9999
1992 01 18 12   -74  -104 10066   280    36     8 -9999     5
1992 01 18 18   -72   -81 10065     0     0     8 -9999 -9999
1992 01 19 06   -77   -99 10053    90    93     8 -9999 -9999
1992 01 19 09   -74   -87 10034    80   113     8 -9999 -9999
1992 01 19 12   -80   -94 10015    90   103     8 -9999     1
1992 01 19 18   -82   -92  9972   100    51     8 -9999 -9999
1992 01 20 09   -12   -25  9707   260    62     8 -9999 -9999
1992 01 20 12   -54   -57  9781   290   180     9 -9999    40
1992 01 20 18   -92  -108  9911   290   103     8 -9999 -9999
1992 01 21 09   -60   -71  9980 -9999    10     4 -9999 -9999
1992 01 21 12   -60   -67  9987     0     0     7 -9999     0
1992 01 21 18    -4   -10  9948 -9999    10     8 -9999 -9999
1992 01 22 06     3   -11  9882   260    82     8 -9999 -9999
1992 01 22 09     1   -23  9918   260    62     8 -9999 -9999
1992 01 22 12     0   -21  9921     0     0     8 -9999     0
1992 01 23 06   -40   -45  9774   270   134     6 -9999 -9999
1992 01 23 09   -56   -70  9797   280   144     9 -9999 -9999
1992 01 23 12   -87  -120  9833   270   123     6 -9999     5
1992 01 23 18  -122  -122  9902   290   113     6 -9999 -9999
1992 01 24 06  -168  -194  9943    40    21     1 -9999 -9999
1992 01 24 09  -152  -176  9909    70    41     7 -9999 -9999
1992 01 24 12  -122  -147  9887    40    72     7 -9999     0
1992 01 24 18  -132  -159  9889    10    51     0 -9999     0
1992 01 25 06  -137  -153  9907 -9999    10     8 -9999 -9999
1992 01 25 09  -122  -131  9900     0     0     7 -9999 -9999
1992 01 25 12  -130  -140  9892     0     0     7 -9999     5
1992 01 25 18  -112  -164  9907   240    41     0 -9999 -9999
1992 01 26 06  -170  -176  9947     0     0     0 -9999     0
1992 01 26 09  -146  -169  9961     0     0     1 -9999 -9999
1992 01 26 12  -146  -163  9969   280     5     1 -9999     0
1992 01 27 06   -90  -110  9875    90    62     8 -9999 -9999
1992 01 27 09   -75   -96  9869    90    72     7 -9999 -9999
1992 01 27 12   -80  -102  9874    90    93     7 -9999     0
1992 01 27 18   -86   -96  9829    90   123     9 -9999     0
1992 01 28 06   -40   -45  9712   320     5     8 -9999 -9999
1992 01 28 09   -32   -56  9701   260    72     7 -9999 -9999
1992 01 28 12   -39   -51  9697   260    31     8 -9999     5
1992 01 28 18   -94  -101  9728   100   103     8 -9999 -9999
1992 01 29 06  -117  -136 10022     0     0     0 -9999 -9999
1992 01 29 09  -138  -160 10058     0     0     2 -9999 -9999
1992 01 29 12  -143  -160 10068 -9999    10     6 -9999     0
1992 01 29 18  -123  -138 10017   120    41     8 -9999 -9999
1992 01 30 06   -92   -99  9884    80    93     9 -9999 -9999
1992 01 30 09  -103  -115  9912    90    93     8 -9999 -9999
1992 01 30 12   -99  -120  9934   100    72     8 -9999     3
1992 01 30 18  -104  -116  9972   100    62     8 -9999 -9999
1992 01 31 06  -129  -150  9975   100   103     8 -9999 -9999
1992 01 31 09  -133  -143  9944    70   103     8 -9999 -9999
1992 01 31 12  -147  -158  9929    90   113     8 -9999 -9999
1992 01 31 18  -166  -199  9971    70    41     0 -9999 -9999
1992 02 01 06  -132  -142  9983    40    31     8 -9999 -9999
1992 02 01 09  -128  -149  9984    40    21     8 -9999 -9999
1992 02 01 12  -146  -169  9978    30    10     7 -9999     1
1992 02 01 18  -140  -151  9955     0     0     8 -9999 -9999
1992 02 02 06  -238  -252  9989    90    72     0 -9999 -9999
1992 02 02 09  -244  -270  9989    80    62     1 -9999 -9999
1992 02 02 12  -245  -271  9992   100    72     1 -9999     0
1992 02 02 18  -260  -273  9982    90    93     1 -9999     0
1992 02 03 06  -259  -286 10002    90    93     0 -9999     0
1992 02 03 09  -259  -286 10014    90    93     3 -9999 -9999
1992 02 03 12  -255  -282 10023    90    82     1 -9999     0
1992 02 03 18  -256  -297 10037    90    87     4 -9999     0
1992 02 04 12  -280  -327 10072   100    82     1 -9999     0
1992 02 04 18  -290  -364 10083    90    82     1 -9999     0
1992 02 05 06  -280  -309 10069    90   103     8 -9999     0
1992 02 05 09  -282  -311 10061   100   134     8 -9999 -9999
1992 02 05 12  -272  -300 10064   100   103     7 -9999     0
1992 02 05 18  -266  -293 10051   100    72     7 -9999     0
1992 02 06 06  -254  -311 10000 -9999    10     0 -9999     0
1992 02 06 09  -242  -312  9988 -9999    10     0 -9999 -9999
1992 02 06 12  -246  -300  9985   360    62     0 -9999     0
1992 02 06 18  -227  -305  9966   320    51     0 -9999     0
1992 02 07 06  -229  -292  9952   170    21     0 -9999     0
1992 02 07 09  -268  -322  9930    10    21     2 -9999 -9999
1992 02 07 12  -240  -293  9898   100    62     7 -9999     0
1992 02 07 18  -235  -272  9839   100    51     2 -9999     0
1992 02 08 06  -266  -293  9892    70    21     0 -9999     0
1992 02 08 09  -231  -267  9911   340    10     2 -9999 -9999
1992 02 08 12  -199  -230  9952   330    31     6 -9999    -1
1992 02 08 18  -173  -199  9993   360    31     7 -9999 -9999
1992 02 09 06  -197  -237 10042     0     0     1 -9999 -9999
1992 02 09 09  -195  -235 10024    90    51     7 -9999 -9999
1992 02 09 12  -186  -215 10001   100   113     7 -9999     0
1992 02 09 18  -202  -255  9949    80   103     8 -9999     0
1992 02 10 09  -190  -220  9873    90   123     7 -9999 -9999
1992 02 10 12  -196  -217  9883    90   103     2 -9999     0
1992 02 10 18  -197  -228  9908    80    72     0 -9999     0
1992 02 11 06  -193  -232  9954    80    62     0 -9999     0
1992 02 11 09  -193  -282  9969    40    21     1 -9999 -9999
1992 02 11 12  -184  -213  9974    90    82     1 -9999     0
1992 02 11 18  -201  -223  9990    90    93     0 -9999     0
1992 02 12 06  -203  -225 10024    90    93     0 -9999     0
1992 02 12 12  -207  -230 10042   100    93     0 -9999     0
1992 02 12 18  -208  -231 10093    50    51     1 -9999     0
1992 02 13 06  -213  -236 10152    70    21     0 -9999     0
1992 02 13 09  -225  -249 10160    80    31     0 -9999 -9999
1992 02 13 12  -223  -247 10172    70    10     1 -9999     0
1992 02 13 18  -224  -259 10184    70    10     0 -9999     0
1992 02 14 06  -207  -230 10196    70    31     7 -9999     0
1992 02 14 09  -191  -221 10194    90    21     7 -9999 -9999
1992 02 14 18  -167  -179 10175    80    31     8 -9999 -9999
1992 02 15 06  -118  -122 10096    20    10     8 -9999 -9999
1992 02 15 09  -101  -104 10095   180    21     3 -9999 -9999
1992 02 15 12  -138  -148 10101     0     0     0 -9999    -1
1992 02 15 18  -166  -172 10130     0     0     0 -9999 -9999
1992 02 16 06   -77   -83 10133     0     0     8 -9999 -9999
1992 02 16 09   -44   -53 10131   210    31     8 -9999 -9999
1992 02 16 12   -33   -47 10133   280    51     8 -9999    -1
1992 02 16 18   -30   -43 10134   250    41     8 -9999 -9999
1992 02 17 06   -83   -93 10124   100    46     8 -9999 -9999
1992 02 17 09   -98  -105 10122    90    62     8 -9999 -9999
1992 02 17 12  -100  -112 10143   100    51     8 -9999     5
1992 02 17 18   -97  -104 10163   100    51     8 -9999 -9999
1992 02 18 06   -56   -63 10162     0     0     8 -9999 -9999
1992 02 18 09   -37   -45 10160     0     0     8 -9999 -9999
1992 02 18 12   -26   -36 10151     0     0     7 -9999    40
1992 02 18 18   -58   -69 10131    90    31     6 -9999 -9999
1992 02 19 06   -57   -71 10122   110    41     7 -9999 -9999
1992 02 19 09   -68   -73 10125     0     0     7 -9999 -9999
1992 02 19 12   -53   -56 10130     0     0     7 -9999    -1
1992 02 19 18   -58   -62 10132    60    10     8 -9999 -9999
1992 02 20 06   -69  -137 10121    90    62     0 -9999 -9999
1992 02 20 09   -60  -104 10119    80    72     6 -9999 -9999
1992 02 20 18   -84  -103 10089    70   144     8 -9999     0
1992 02 21 06   -98  -110 10008    90   144     9 -9999 -9999
1992 02 21 09   -90  -105  9989    80   154     8 -9999 -9999
1992 02 21 12   -78  -100  9974    60   123     8 -9999    -1
1992 02 21 18   -64   -79  9923    60   123     7 -9999 -9999
1992 02 22 06   -25   -31  9815    60   123     8 -9999 -9999
1992 02 22 09 -9999 -9999  9825   100    31     7 -9999 -9999
1992 02 22 12 -9999 -9999  9815    70    62     7 -9999     1
1992 02 22 18   -19 -9999  9796    80    82     4 -9999 -9999
1992 02 23 09   -20   -23  9739    80   175     9 -9999 -9999
1992 02 23 12   -24   -27  9748    80   154     9 -9999    -1
1992 02 23 18   -26   -36  9772    60   103     9 -9999 -9999
1992 02 24 06   -25   -28  9803    50   103     8 -9999 -9999
1992 02 24 09   -18   -36  9807    60    93     8 -9999 -9999
1992 02 24 12    -8   -30  9802    40    82     8 -9999     1
1992 02 24 18    -6   -27  9784    60    93     6 -9999 -9999
1992 02 25 09   -49   -77  9792    50    21     3 -9999 -9999
1992 02 25 12   -33   -61  9817     0     0     7 -9999     0
1992 02 25 18   -26   -46  9863   130    31     7 -9999     0
1992 02 26 06   -29   -52  9966   100    51     7 -9999 -9999
1992 02 26 09   -36   -50  9991    90    51     8 -9999 -9999
1992 02 26 12   -32   -45 10019   100    10     8 -9999    -1
1992 02 26 18   -94  -101 -9999   100   103     8 -9999 -9999
1992 02 27 06   -34   -58 10082    80    67     7 -9999     0
1992 02 27 09   -29   -67 10082    80    82     2 -9999 -9999
1992 02 27 12   -26   -49 10082    80    82     6 -9999     0
1992 02 27 18   -10   -29 10063    70   108     7 -9999 -9999
1992 02 28 06    -6   -12 10028   160    51     8 -9999 -9999
1992 02 28 09    -9   -28 10019    50    31     7 -9999 -9999
1992 02 28 12    -5   -33 10000    90    62     7 -9999    -1
1992 02 28 18     4    -7  9943    80    72     8 -9999 -9999
1992 02 29 06    -2   -14  9910    80    72     7 -9999 -9999
1992 02 29 09    10   -19  9912    80    82     7 -9999 -9999
1992 02 29 12    -2   -17  9918    70    72     7 -9999    -1
1992 02 29 18     5   -17  9932    50    72     7 -9999 -9999
1992 03 01 09   -18   -42  9965    30    62     4 -9999 -9999
1992 03 01 12   -10   -36  9978    30    72     3 -9999     0
1992 03 01 18   -26   -49 10002    60    51     3 -9999     0
1992 03 02 06   -40   -73 10067    60    41     7 -9999 -9999
1992 03 02 09   -30   -54 10081    80    41     7 -9999 -9999
1992 03 02 12   -34   -62 10092    60    51     7 -9999     0
1992 03 03 06   -93  -109 10106    70    21     4 -9999     0
1992 03 03 09   -16   -96 10098    80    41     2 -9999 -9999
1992 03 03 12   -84  -112 10103    50    21     4 -9999     0
1992 03 04 06   -24   -40 10038   270    31     8 -9999 -9999
1992 03 04 09    -7   -29 10026   260    72     7 -9999 -9999
1992 03 04 12    -6   -24 10029   280    93     7 -9999     3
1992 03 04 18   -22   -47 10044   300    62     7 -9999 -9999
1992 03 05 06   -52   -59  9995    90    51     8 -9999     0
1992 03 05 09   -62   -73  9979   110    62     8 -9999 -9999
1992 03 05 12   -68   -84  9964   100    72     8 -9999     5
1992 03 05 18   -75   -88  9953   100    62     7 -9999 -9999
1992 03 06 06   -66   -74  9954    60    31     8 -9999 -9999
1992 03 06 09   -53   -63  9957    80    31     7 -9999 -9999
1992 03 06 12   -42   -47  9964     0     0     8 -9999     5
1992 03 06 18   -31   -51  9945    40    10     5 -9999 -9999
1992 03 07 06   -62   -85  9885    70    10     8 -9999     0
1992 03 07 09   -79   -93  9896     0     0     2 -9999 -9999
1992 03 07 12   -81   -95  9919     0     0     1 -9999     0
1992 03 07 18   -56   -66  9967   300    72     8 -9999 -9999
1992 03 08 06   -95  -116 10077    90    72     8 -9999 -9999
1992 03 08 09  -111  -124 10097    90    72     7 -9999 -9999
1992 03 08 12  -105  -122 10086    90    72     8 -9999    -1
1992 03 08 18   -66   -74  9901    90   123     9 -9999 -9999
1992 03 09 06   -80   -90  9959   110    41     8 -9999 -9999
1992 03 09 09   -84   -90  9953   110    82     8 -9999 -9999
1992 03 09 12   -77   -83  9919   110    98     8 -9999    10
1992 03 09 18   -72   -73  9858   110    82     8 -9999 -9999
1992 03 10 06   -36   -57  9808   240    93     8 -9999 -9999
1992 03 10 09   -30   -47  9800   240    72     8 -9999 -9999
1992 03 10 12   -56   -70  9824   270    82     8 -9999     3
1992 03 10 18  -140  -145  9870    90   123     8 -9999 -9999
1992 03 11 06  -190  -203  9851    70   175     9 -9999     0
1992 03 11 09  -196  -203  9824    80   164     9 -9999 -9999
1992 03 11 18  -216  -230  9785    80   154     4 -9999     0
1992 03 12 06  -204  -217  9747    90   134     8 -9999 -9999
1992 03 12 09  -194  -207  9744    90   144     8 -9999 -9999
1992 03 12 12  -184  -197  9743    90   113     7 -9999     0
1992 03 12 18  -176  -182  9741    80   134     7 -9999 -9999
1992 03 13 06  -164  -164  9770    90   164     8 -9999 -9999
1992 03 13 09  -167  -173  9782    90   144     7 -9999 -9999
1992 03 13 12  -148  -153  9797    90   123     7 -9999    -1
1992 03 13 18  -116  -125  9783    70   113     7 -9999 -9999
1992 03 14 06   -91  -111  9802   100   134     7 -9999 -9999
1992 03 14 09   -74   -95  9806    90   123     7 -9999 -9999
1992 03 14 12   -64   -83  9808   100   123     7 -9999     0
1992 03 14 18   -30   -43  9793    40    82     8 -9999 -9999
1992 03 15 06   -14   -16  9801    80   103     7 -9999 -9999
1992 03 15 12    -4   -13  9804    80    72     6 -9999     1
1992 03 16 09    -6   -27  9875    90    93     7 -9999 -9999
1992 03 16 12   -18   -39  9881    80    41     7 -9999     0
1992 03 16 18   -21   -27  9892   270    26     7 -9999 -9999
1992 03 17 06   -45   -88  9940   270    31     6 -9999 -9999
1992 03 17 09   -52   -62  9946   270    51     7 -9999 -9999
1992 03 17 12   -59   -86  9944    80    36     1 -9999     1
1992 03 17 18   -46   -66  9896    70    93     7 -9999 -9999
1992 03 18 06   -20   -35  9784    10    62     8 -9999 -9999
1992 03 18 09   -15   -42  9772    20    82     8 -9999 -9999
1992 03 18 12   -15   -51  9775   300    21     8 -9999    -1
1992 03 18 18   -26   -63  9801   300    72     6 -9999 -9999
1992 03 19 06   -75   -80  9895   280   123     8 -9999 -9999
1992 03 19 09   -87   -99  9912   280   123     6 -9999 -9999
1992 03 19 12   -86  -103  9921   280   103     6 -9999    -1
1992 03 19 18   -69   -98  9944   310    51     6 -9999 -9999
1992 03 20 06   -95  -120  9945    40    10     3 -9999 -9999
1992 03 20 09   -83  -120  9949   310    21     6 -9999 -9999
1992 03 20 12   -73  -107  9946     0     0     2 -9999     0
1992 03 20 18   -82   -96  9961   310    41     7 -9999 -9999
1992 03 21 06   -84  -107  9976   320    21     7 -9999 -9999
1992 03 21 09   -79   -93  9984     0     0     8 -9999 -9999
1992 03 21 12   -94  -134  9999     0     0     3 -9999    10
1992 03 21 18  -116  -130 10004    90    31     1 -9999 -9999
1992 03 22 06  -104  -131 10068    70    41     1 -9999 -9999
1992 03 22 09  -117  -136 10084    70    51     2 -9999 -9999
1992 03 22 12  -124  -144 10102   100    51     2 -9999     0
1992 03 22 18  -107  -120 10132   100    41     8 -9999 -9999
1992 03 23 06  -178  -191 10188    50    41     3 -9999 -9999
1992 03 23 09  -162  -174 10204    80    31     1 -9999 -9999
1992 03 23 12  -150  -161 10204    80    31     2 -9999     0
1992 03 23 18 -9999 -9999 10202    70    51     5 -9999 -9999
1992 03 24 06  -174  -184 10156    90    82     1 -9999 -9999
1992 03 24 09  -174  -187 10147    90    82     1 -9999 -9999
1992 03 24 12  -172  -199 10135    90    87     1 -9999     0
1992 03 24 18  -183  -203 10116    90    62     1 -9999     0
1992 03 25 06  -194  -200 10078    80    93     2 -9999     0
1992 03 25 09  -186  -199 10076    90    82     0 -9999 -9999
1992 03 25 18  -184  -197 10053    90    82     5 -9999     0
1992 03 26 06  -113  -117  9944    40   226     9 -9999 -9999
1992 03 26 09   -97  -104  9943    60   185     9 -9999 -9999
1992 03 26 12   -96  -103  9947    60   185     9 -9999     0
1992 03 26 18   -92  -103  9953    60   185     9 -9999     0
1992 03 27 06  -112  -164 10001   100   144     9 -9999 -9999
1992 03 27 09  -104  -121 10020    80   103     7 -9999 -9999
1992 03 27 12  -104  -131 10031    80    93     7 -9999     0
1992 03 27 18  -138  -172 10048    90   103     0 -9999     0
1992 03 28 06  -202  -233 10079    90    82     2 -9999 -9999
1992 03 28 09  -212  -256 10088    60    93     1 -9999 -9999
1992 03 28 12  -204  -246 10089    40    62     2 -9999     0
1992 03 28 18  -142  -177 10085    70    41     7 -9999 -9999
1992 03 29 06  -114  -167 10162    40   164     1 -9999 -9999
1992 03 29 09  -105  -160 10205    50    72     0 -9999 -9999
1992 03 29 12  -120  -144 10229    90   103     0 -9999     0
1992 03 29 18  -146  -182 10273    90   103     0 -9999     0
1992 03 30 06  -163  -212 10314    80    31     1 -9999     0
1992 03 30 09  -158  -211 10323    90    41     1 -9999 -9999
1992 03 30 12  -159  -184 10327   100    21     1 -9999     0
1992 03 30 18  -172  -199 10322    80    26     1 -9999     0
1992 03 31 06  -170  -184 10298    80    10     5 -9999     0
1992 03 31 09  -138  -166 10298   100    10     6 -9999 -9999
1992 03 31 12   -78  -109 10280     0     0     6 -9999    -1
1992 03 31 18   -98  -110 10287   110    21     8 -9999 -9999
1992 04 01 06  -116  -146 10276   100    21     1 -9999 -9999
1992 04 01 09  -106  -123 10276    60    31     1 -9999 -9999
1992 04 01 12   -80  -107 10271    90    31     6 -9999     0
1992 04 01 18   -69  -107 10257    80    31     7 -9999     0
1992 04 02 06   -61   -96 10212    90    72     5 -9999     0
1992 04 02 09   -52   -81 10198    80   103     4 -9999 -9999
1992 04 02 12   -51   -76 10192    60    93     6 -9999     0
1992 04 02 18   -34   -61 10164    60    72     7 -9999     0
1992 04 03 06   -30   -54 10133   110    62     7 -9999 -9999
1992 04 03 09   -24   -43 10126   120    72     7 -9999 -9999
1992 04 03 12   -22   -47 10112   100    62     7 -9999     0
1992 04 03 18   -32   -49 10079    80   103     7 -9999 -9999
1992 04 04 06   -72   -97 10065     0     0     7 -9999 -9999
1992 04 04 09   -60   -83 10060     0     0     7 -9999 -9999
1992 04 04 18   -68  -125 10090    60    10     6 -9999     0
1992 04 05 06   -46   -59 10072    70    82     8 -9999 -9999
1992 04 05 09   -37   -52 10075    80    82     8 -9999 -9999
1992 04 05 12   -19   -43 10076    30    67     7 -9999     3
1992 04 05 18   -16   -27 10073    70    36     8 -9999 -9999
1992 04 06 06   -11   -34 10049    90    41     8 -9999 -9999
1992 04 06 09   -14   -22 10049    60    31     8 -9999 -9999
1992 04 06 12   -12   -38 10052   140    41     8 -9999 -9999
1992 04 06 18   -26   -42 10045    80    93     8 -9999 -9999
1992 04 07 06   -32   -53 10025    70   103     3 -9999 -9999
1992 04 07 09   -28   -51 10021    80    93     2 -9999 -9999
1992 04 07 12   -18   -46 10020    80    93     3 -9999     0
1992 04 07 18   -14   -34 10018    80    93     7 -9999 -9999
1992 04 08 06    -7   -29 10058    70    41     8 -9999 -9999
1992 04 08 09   -22   -25 10089   270    72     8 -9999 -9999
1992 04 08 12   -26   -56 10111   320    41     8 -9999     5
1992 04 08 18   -51   -76 10161 -9999    10     3 -9999 -9999
1992 04 09 06  -106  -132 10215   100    41     3 -9999     0
1992 04 09 09   -51   -84 10222    90    62     1 -9999 -9999
1992 04 09 12   -50   -71 10221    90    82     2 -9999     0
1992 04 09 18   -52   -73 10216    70   103     4 -9999     0
1992 04 10 06   -37   -59 10191    90   185     5 -9999 -9999
1992 04 10 09   -29   -52 10187    80   134     5 -9999 -9999
1992 04 10 12   -29   -46 10184    80   134     4 -9999     0
1992 04 10 18   -24   -40 10165    80   144     4 -9999     0
1992 04 11 06   -42   -54 10162    80   144     7 -9999 -9999
1992 04 11 09   -31   -48 10177    70   113     8 -9999 -9999
1992 04 11 12   -38   -53 10189    80   175     7 -9999    -1
1992 04 11 18   -73  -107 10223    40    93     5 -9999 -9999
1992 04 12 06  -140  -189 10240    60    82     0 -9999     0
1992 04 12 09  -132  -165 10236    90   103     0 -9999 -9999
1992 04 12 18   -92  -112 10222   120    72     7 -9999 -9999
1992 04 13 06   -98  -151 10247   110    57     1 -9999     0
1992 04 13 09   -91  -141 10247   100    10     0 -9999 -9999
1992 04 13 12   -70  -133 10239   110    10     0 -9999     0
1992 04 13 18  -103  -146 10216    90    21     0 -9999     0
1992 04 14 06  -139  -173 10185     0     0     3 -9999     0
1992 04 14 09  -108  -158 10186     0     0     0 -9999 -9999
1992 04 14 12   -77  -143 10182     0     0     0 -9999     0
1992 04 14 18  -112  -192 10102   100    41     6 -9999     0
1992 04 15 06  -120 -9999 10157    70    57     7 -9999     0
1992 04 15 09  -120  -156 10155    90    72     7 -9999 -9999
1992 04 15 12  -122  -153 10153    90    62     7 -9999     0
1992 04 15 18  -120  -150 10134   100    82     8 -9999 -9999
1992 04 16 06  -142  -153 10113    90    82     8 -9999 -9999
1992 04 16 09  -138  -154 10112    70    93     8 -9999 -9999
1992 04 16 12  -134  -144 10110    70    93     8 -9999    -1
1992 04 16 18  -127  -142 10106   100    72     8 -9999 -9999
1992 04 17 06  -128  -143 10108    70   103     7 -9999 -9999
1992 04 17 09  -128  -149 10111    80   103     7 -9999 -9999
1992 04 17 18  -125  -163 10098    90   103     2 -9999     0
1992 04 18 06   -71   -92 10070    80   123     5 -9999 -9999
1992 04 18 09   -82  -100 10071    90   113     5 -9999 -9999
1992 04 18 12   -75   -84 10068    90   123     6 -9999    -1
1992 04 18 18   -65   -89 10074    80    72     5 -9999 -9999
1992 04 19 06   -36   -47 10102    80   113     7 -9999 -9999
1992 04 19 09   -30   -47 10121    70   103     5 -9999 -9999
1992 04 19 12   -28   -44 10137    60   113     4 -9999    -1
1992 04 19 18   -26   -56 10164    60    93     4 -9999 -9999
1992 04 20 06   -34   -59 10219    40    72     3 -9999 -9999
1992 04 20 09   -23   -48 10240    50    51     2 -9999 -9999
1992 04 20 12   -24   -50 10262    80    72     6 -9999    -1
1992 04 20 18   -35   -63 10292    80    41     1 -9999 -9999
1992 04 21 06   -60   -95 10330    40    41     1 -9999     0
1992 04 21 09   -49   -79 10339    80    62     1 -9999 -9999
1992 04 21 12   -50   -78 10344    90    57     1 -9999     0
1992 04 21 18   -62  -102 10349    90    41     0 -9999     0
1992 04 22 06   -70   -99 10367   100    72     6 -9999     0
1992 04 22 09   -76   -93 10374   100    72     2 -9999 -9999
1992 04 22 18   -72   -97 10382    90    72     1 -9999     0
1992 04 23 06   -76  -106 10382    80    41     1 -9999     0
1992 04 23 09   -55   -89 10378    60    41     1 -9999 -9999
1992 04 23 12   -56   -82 10371   100    51     2 -9999     0
1992 04 23 18   -51  -110 10357    60    41     3 -9999     0
1992 04 24 06  -104  -112 10339   100    62     7 -9999     0
1992 04 24 09   -95  -107 10336   110    62     6 -9999 -9999
1992 04 24 12   -73   -86 10337   110    51     4 -9999     0
1992 04 24 18 -9999 -9999 10327    60    51     6 -9999     0
1992 04 25 06   -38   -71 10297    70    72     7 -9999 -9999
1992 04 25 09   -28   -51 10281    70    93     6 -9999 -9999
1992 04 25 12   -22   -51 10263    80    82     4 -9999    -1
1992 04 25 18   -23   -45 10213    70   154     7 -9999 -9999
1992 04 26 06   -11   -34 10152    60   134     8 -9999     0
1992 04 26 09    -6   -24 10144    80   123     8 -9999 -9999
1992 04 26 12     3   -17 10144    70   103     6 -9999     0
1992 04 26 18     0   -17 10155    50    62     8 -9999 -9999
1992 04 27 06    -2   -29 10164    90    82     7 -9999     0
1992 04 27 09    -2   -26 10166    90    93     7 -9999 -9999
1992 04 27 12     5   -21 10172    90    72     7 -9999     0
1992 04 27 18     6   -33 10170    50   123     5 -9999     0
1992 04 28 06    -8   -26 10163    80    72     4 -9999     0
1992 04 28 09    -4   -19 10160    90    72     6 -9999 -9999
1992 04 28 12     2   -22 10156   100    93     4 -9999     0
1992 04 28 18     2   -22 10144    80    82     2 -9999     0
1992 04 29 09    12    -8 10090    80    72     8 -9999 -9999
1992 04 29 12    16     0 10086    70    82     8 -9999    -1
1992 04 29 18    22     3 10087    80    62     7 -9999 -9999
1992 04 30 06    23     4 10064    90    82     7 -9999 -9999
1992 04 30 09    24     3 10058   100    62     7 -9999 -9999
1992 04 30 12    13    -1 10050    90    62     7 -9999    10
1992 04 30 18    28     1 10021    50    82     7 -9999 -9999
1992 05 01 06    14    -2  9918   270    31     8 -9999 -9999
1992 05 01 09     3     0  9900   260    21     8 -9999 -9999
1992 05 01 12     5    -3  9887   250    10     8 -9999    20
1992 05 01 18     6    -5  9887    20    10     7 -9999 -9999
1992 05 02 06    -1   -15  9938   260    82     8 -9999 -9999
1992 05 02 09     0    -5  9953   270    72     8 -9999 -9999
1992 05 02 12     1    -2  9971   290    82     8 -9999    20
1992 05 02 18    -4   -13  9996   270    72     8 -9999 -9999
1992 05 03 06   -26   -49 10013   300    21     7 -9999     0
1992 05 03 09   -24   -50 10019   320    21     8 -9999 -9999
1992 05 03 12   -18   -46 10023   290    41     7 -9999     0
1992 05 03 18   -22   -38 10040    80    21     8 -9999 -9999
1992 05 04 06   -28   -41 10075   120    10     8 -9999 -9999
1992 05 04 09   -11   -26 10086   300    31     8 -9999 -9999
1992 05 04 12   -28   -55 10097   290    51     5 -9999     0
1992 05 04 18   -33   -97 10117   360    10     4 -9999     0
1992 05 05 06   -73   -86 10098    70    31     7 -9999     0
1992 05 05 09   -48   -88 10084    70    62     7 -9999 -9999
1992 05 05 18   -23   -29 10012    70    72     8 -9999 -9999
1992 05 06 06   -12   -19 10005     0     0     6 -9999 -9999
1992 05 06 09     1    -2 10001   100    10     4 -9999 -9999
1992 05 06 12     2   -15  9989   100    51     2 -9999 -9999
1992 05 06 18    10   -19  9949    90    82     5 -9999     0
1992 05 07 09    -1   -21  9869    90    72     8 -9999 -9999
1992 05 07 12     0   -33  9864    90    93     7 -9999    -1
1992 05 07 18    -5   -14  9858    80    72     7 -9999 -9999
1992 05 08 06    -2   -20  9831    60    51     7 -9999 -9999
1992 05 08 09    12   -23  9819    50    72     8 -9999 -9999
1992 05 08 12     4   -59  9809    40    72     7 -9999    -1
1992 05 08 18    12    -5  9803    60    82     7 -9999 -9999
1992 05 09 09    24    -9  9822    50    41     7 -9999 -9999
1992 05 09 18    24   -22  9830    60    57     7 -9999     0
1992 05 10 06     2   -15  9829   270    21     5 -9999     0
1992 05 10 09    22   -18  9834     0     0     6 -9999 -9999
1992 05 10 12    -3   -30  9850   280    51     6 -9999     0
1992 05 10 18   -44   -63  9890   300   103     7 -9999     0
1992 05 11 06   -55   -85  9961   290    72     7 -9999 -9999
1992 05 11 09   -49   -85  9980   280    98     7 -9999 -9999
1992 05 11 12   -47   -83  9999   290    82     8 -9999    -1
1992 05 11 18   -53   -78 10033   280    93     7 -9999 -9999
1992 05 12 06   -24   -43 10048   200    62     7 -9999 -9999
1992 05 12 09   -10   -60 10052   180    93     3 -9999 -9999
1992 05 12 12   -10   -39 10055   170    72     2 -9999    -1
1992 05 12 18   -16   -50 10037   140    51     7 -9999 -9999
1992 05 13 12   -35   -43  9997   280    36     8 -9999    30
1992 05 13 18   -25   -41 10008   280    41     7 -9999 -9999
1992 05 14 06   -20   -24 10079   330    62     7 -9999 -9999
1992 05 14 09   -28   -41 10118   300   103     8 -9999 -9999
1992 05 14 12   -28   -51 10138   300    72     8 -9999     1
1992 05 14 18   -33   -68 10141   290    41     7 -9999 -9999
1992 05 15 06   -41   -63  9986    60    87     8 -9999 -9999
1992 05 15 09   -37   -62  9956    70   103     8 -9999 -9999
1992 05 15 12   -31   -62  9949    40    72     6 -9999     0
1992 05 15 18   -44   -87  9988    50    31     5 -9999     0
1992 05 16 06   -50   -74 10048   310    51     8 -9999 -9999
1992 05 16 12   -46   -81 10082   300    51     6 -9999    -1
1992 05 16 18   -57  -100 10106   300    31     4 -9999 -9999
1992 05 17 06   -57  -100 10162     0     0     1 -9999     0
1992 05 17 09    21   -97 10174   120    10     1 -9999 -9999
1992 05 17 18   -43   -70 10199    90    10     1 -9999 -9999
1992 05 18 06   -79  -106 10242    70    31     0 -9999     0
1992 05 18 09   -61   -88 10247    80    31     1 -9999 -9999
1992 05 18 12   -42   -76 10254    70    21     2 -9999     0
1992 05 18 18   -50   -71 10266    50    21     4 -9999 -9999
1992 05 19 06   -70  -112 10233    50    31     2 -9999 -9999
1992 05 19 09   -54   -91 10233    50    31     1 -9999 -9999
1992 05 20 06   -35   -49 10227     0     0     8 -9999 -9999
1992 05 20 09   -30   -34 10213    50    31     8 -9999 -9999
1992 05 20 12   -11   -18 -9999   190    51     8 -9999    40
1992 05 20 18     0   -18 10182 -9999    10     6 -9999 -9999
1992 05 21 06   -11   -47 10159     0     0     7 -9999     0
1992 05 21 12    12   -20 10124    20    10     8 -9999    -1
1992 05 21 18    18    10 10029   190   103     8 -9999 -9999
1992 05 22 06     1    -7  9993   260    62     8 -9999 -9999
1992 05 22 09     8    -9 10006   290    93     8 -9999 -9999
1992 05 22 12     2   -21 10028   290   144     8 -9999    60
1992 05 22 18   -11   -21 10061   290   113     8 -9999 -9999
1992 05 23 06   -16   -24 10138   260    72     8 -9999 -9999
1992 05 23 12   -17   -34 10145   280    62     8 -9999     5
1992 05 23 18   -17   -44 10132   270    46     8 -9999 -9999
1992 05 24 06   -24   -40 10103   270    31     7 -9999 -9999
1992 05 24 12   -15   -52 10116   300    41     3 -9999    -1
1992 05 24 18   -34   -48 10136   270    51     7 -9999 -9999
1992 05 25 06   -20   -48 10170   330    10     7 -9999 -9999
1992 05 25 09    26   -23 10162     0     0     1 -9999 -9999
1992 05 25 12    15   -26 10150   220    51     1 -9999     0
1992 05 25 18     2   -19 10125   280    82     7 -9999     0
1992 05 26 06   -18   -67 10179   360    31     2 -9999 -9999
1992 05 26 09   -16   -49 10184   230    62     7 -9999 -9999
1992 05 26 18    14     6 10132   250    93     8 -9999 -9999
1992 05 27 06     7     7 10085   260    62     8 -9999 -9999
1992 05 27 09     0     0 10087   240    51     8 -9999 -9999
1992 05 27 18    13     2 10101   100    26     8 -9999 -9999
1992 05 28 06     2   -22 10129    80    93     8 -9999 -9999
1992 05 28 09    -5   -26 10146    90    93     8 -9999 -9999
1992 05 28 18   -10   -17 10146    90    51     8 -9999 -9999
1992 05 29 06     1    -2 10064   300    51     8 -9999 -9999
1992 05 29 09     8    -3 10092   260    41     7 -9999 -9999
1992 05 29 12   -12   -28 10136   100    51     6 -9999    -1
1992 05 29 18   -32   -42 10190 -9999 -9999     8 -9999 -9999
1992 05 30 06   -28   -44 10228   110    31     7 -9999 -9999
1992 05 30 09   -17   -34 10234   110    41     7 -9999 -9999
1992 05 30 12   -12   -59 10231    80    31     7 -9999     3
1992 05 30 18    -6   -44 10183    80    21     7 -9999 -9999
1992 05 31 06   -17   -55 10164    70    67     2 -9999 -9999
1992 05 31 09   -24   -50 10175    90    62     3 -9999 -9999
1992 05 31 18    -4   -32 10210    30    10     1 -9999     0
1992 06 01 06     2    -9 10201   270    72     7 -9999 -9999
1992 06 01 09     2   -12 10194   280   113     8 -9999 -9999
1992 06 01 12    -6   -31 10194   290   113     8 -9999     1
1992 06 01 18     2   -40 10216   280    31     4 -9999 -9999
1992 06 02 06    -2   -54 10236   130    21     1 -9999     0
1992 06 02 18    10    -1 10205     0     0     8 -9999 -9999
1992 06 03 06    17    14 10115   360    51     8 -9999 -9999
1992 06 03 09    34    24 10138    90    10     3 -9999 -9999
1992 06 03 12    23    10 10171    60    10     7 -9999    -1
1992 06 03 18    14    -5 10212   220    21     7 -9999 -9999
1992 06 04 06     9   -11 10223   130    46     7 -9999     0
1992 06 04 12    11   -18 10211    90    72     8 -9999    -1
1992 06 04 18    32     8 10159    80    98     8 -9999 -9999
1992 06 05 06    14     3 10011    80    41     8 -9999 -9999
1992 06 05 09    10     5 10024   240    51     8 -9999 -9999
1992 06 05 12    12     1 10024   270    41     8 -9999    10
1992 06 05 18    10    -1 10005   270    62     7 -9999 -9999
1992 06 06 06     9     4  9917    60    41     8 -9999 -9999
1992 06 06 12    11   -12  9919   250    62     8 -9999    20
1992 06 06 18     6   -11  9937    60    10     7 -9999 -9999
1992 06 07 06    28   -11 10116   120    21     1 -9999     0
1992 06 07 09    21   -10 10163   220    31     1 -9999 -9999
1992 06 07 12    24     0 10181   190    51     6 -9999     0
1992 06 07 18    16     0 10179   260    41     7 -9999     0
1992 06 08 06    19    19 10091   260    77     8 -9999 -9999
1992 06 08 09    40     6 10085   280   134     7 -9999 -9999
1992 06 08 12    26    -1 10091   270   123     7 -9999     0
1992 06 08 18    22   -12 10136   310    72     7 -9999     0
1992 06 09 06    -1   -49 10210   320    21     6 -9999     0
1992 06 09 09     5   -42 10227   290    21     4 -9999 -9999
1992 06 09 12     4   -32 10235   290    41     3 -9999     0
1992 06 09 18     2   -21 10235   230    41     7 -9999     0
1992 06 10 06    18     4 10223   260    62     2 -9999 -9999
1992 06 10 09    18   -13 10246   250    51     2 -9999 -9999
1992 06 10 12    20    -5 10255   250    36     1 -9999     0
1992 06 10 18    23     4 10256   220    36     5 -9999     0
1992 06 11 06    30    30 10124   260    21     8 -9999 -9999
1992 06 11 09    27    24 10223   240    51     8 -9999 -9999
1992 06 11 12    31    28 10215   280    51     8 -9999    -1
1992 06 11 18    28    28 10200   230    21     8 -9999 -9999
1992 06 12 06    24    24 10180   300    10     8 -9999 -9999
1992 06 12 12    37    35 10174   280    21     8 -9999    -1
1992 06 12 18    25    25 10162   250    21     8 -9999 -9999
1992 06 13 09    49    47 10024   200   134     8 -9999 -9999
1992 06 13 18    27    27  9981   270    41     8 -9999 -9999
1992 06 14 06    19     3 10013   290    51     2 -9999 -9999
1992 06 14 09    33     7 10020    70    21     7 -9999 -9999
1992 06 14 12    47     0 10022    80    93     7 -9999     0
1992 06 14 18    24    -6 10005    80   154     8 -9999 -9999
1992 06 15 06    20    -8  9945    50   144     8 -9999 -9999
1992 06 15 09    30    20  9934    50   113     6 -9999 -9999
1992 06 15 12    36    23  9926    80   113     7 -9999     5
1992 06 15 18    21   -19  9923    50    93     6 -9999 -9999
1992 06 16 06    16   -28  9967    70    72     8 -9999 -9999
1992 06 16 09     6   -11  9991    90    72     7 -9999 -9999
1992 06 16 12     1   -16 10009   100    82     7 -9999    -1
1992 06 16 18     5   -26 10044   100    51     8 -9999 -9999
1992 06 17 06     5   -57 10083   100    51     5 -9999 -9999
1992 06 17 09     3   -59 10101   100    62     4 -9999 -9999
1992 06 17 12     0   -55 10113    90    51     6 -9999     0
1992 06 17 18    -3   -15 10129   220    31     8 -9999 -9999
1992 06 18 06    10   -36 10137   180    10     1 -9999 -9999
1992 06 18 09    20   -13 10139   260    51     1 -9999 -9999
1992 06 19 09    38    28 10009   160    82     8 -9999 -9999
1992 06 19 18    46    44  9980   180    72     8 -9999 -9999
1992 06 20 06    33    31  9872   200    31     8 -9999 -9999
1992 06 20 09    25    25  9866   250    21     8 -9999 -9999
1992 06 20 12    40    23  9858    90    31     8 -9999    50
1992 06 20 18    34    19 -9999    50    31     8 -9999 -9999
1992 06 21 06    25     6  9820    40    82     6 -9999 -9999
1992 06 21 09    34     8  9813    80   103     8 -9999 -9999
1992 06 21 12    32    11  9829    60    82     6 -9999    20
1992 06 21 18    37     3  9863    80    72     7 -9999 -9999
1992 06 22 06    30     9  9942    80    72     7 -9999 -9999
1992 06 22 09    35    12  9968    90    82     7 -9999 -9999
1992 06 22 12    47 -9999  9979    80    41     7 -9999    -1
1992 06 22 18    17     9 10000   100    62     8 -9999 -9999
1992 06 23 06    43    15 10091    50   123     7 -9999     0
1992 06 23 09   114    37 10114    80   134     7 -9999 -9999
1992 06 23 12    45     0 10140    90    82     7 -9999     0
1992 06 23 18    51    -8 10191    70    62     7 -9999     0
1992 06 24 06    65     7 10211   240    10     7 -9999     0
1992 06 24 09    66    11 10219    90    21     3 -9999 -9999
1992 06 24 12    97    24 10222    90    15     7 -9999     0
1992 06 24 18    73    36 10231   280    21     7 -9999     0
1992 06 25 06    26     8 10249    90    82     7 -9999     0
1992 06 25 09    26     5 10259   100    46     7 -9999     0
1992 06 25 18    31 -9999 10280   260    31     6 -9999     0
1992 06 26 06    15     7 10274    80    10     8 -9999     0
1992 06 26 09    20    12 10273   240    21     8 -9999     0
1992 06 26 12    16     8 10281   240    15     8 -9999     0
1992 06 26 18    15     8 10249    90    10     8 -9999     0
1992 06 27 06    19    11 10211   120    21     7 -9999     0
1992 06 27 09    33    12 10211   240    21     7 -9999     0
1992 06 27 12    59    28 10201    90    62     7 -9999     0
1992 06 27 18    50    15 10192    90    72     1 -9999     0
1992 06 28 06    60     1 10182    70    62     5 -9999     0
1992 06 28 09    58    13 10188    90    67     5 -9999     0
1992 06 28 18    56    -4 10178    90    62     1 -9999     0
1992 06 29 06    18   -10 10172    90    72     1 -9999     0
1992 06 29 09    21   -13 10176   100    82     1 -9999     0
1992 06 29 12    28    -5 10183    90    62     1 -9999     0
1992 06 29 18    34     5 10185   100    21     1 -9999     0
1992 06 30 06    29    10 10180   130    10     7 -9999     0
1992 06 30 09    35    22 10182   230    21     5 -9999     0
1992 06 30 12    64     9 10185    90    51     6 -9999     0
1992 06 30 18    25     4 10196    90    82     6 -9999     0
1992 07 01 06    46    16 10195     0     0     3 -9999     0
1992 07 01 09    66    -7 10195    90    31     6 -9999     0
1992 07 01 12    86    -9 10195    80    51     3 -9999     0
1992 07 02 06    84    10 10214   270    21     0 -9999     0
1992 07 02 09    86     1 10218   130    10     0 -9999     0
1992 07 02 12    75    22 10221   130    10     1 -9999     0
1992 07 02 18    76    29 10222   120    10     7 -9999     0
1992 07 03 06    75    25 10206     0     0     7 -9999     0
1992 07 03 09    94    32 10204   180    10     2 -9999     0
1992 07 03 12    91    46 10208   120    21     1 -9999     0
1992 07 03 18    88    35 10209   110    10     1 -9999     0
1992 07 04 06    64    28 10197     0     0     0 -9999     0
1992 07 04 09    76    39 10195   130    21     7 -9999     0
1992 07 04 12    90    -7 10189    80    21     7 -9999     0
1992 07 04 18    97    -6 10185   300    62     7 -9999     0
1992 07 05 06    40     3 10161   300    62     7 -9999     0
1992 07 05 12    44    -4 10154   290    51     7 -9999    -1
1992 07 05 18    46     4 10141   240    41     7 -9999     0
1992 07 06 06    30    22 10109   260    51     8 -9999 -9999
1992 07 06 09    39    -1 10108   310    41     8 -9999     0
1992 07 06 12    41    -5 10116   300    51     6 -9999     0
1992 07 06 18    42     6 10107   290    41     7 -9999     0
1992 07 07 06    36    24 -9999   270    41     8 -9999     0
1992 07 07 09    38    24 10090   220    41     8 -9999     0
1992 07 07 12    47    31 10072   280    51     8 -9999     0
1992 07 07 18    54    17 10059   320    51     6 -9999 -9999
1992 07 08 06    43    23 10036     0     0     7 -9999     0
1992 07 08 09    49    35 10031   230    31     7 -9999     0
1992 07 08 12    46    39 10021   240    31     7 -9999    30
1992 07 08 18    46    31  9997   260    21     7 -9999 -9999
1992 07 09 06    24    13  9973   290    31     7 -9999     0
1992 07 09 09    31     2  9969   220    41     7 -9999     0
1992 07 09 12    28     7  9967   220    41     4 -9999     0
1992 07 09 18    19     3  9954   240    41     7 -9999     0
1992 07 10 06    26    13  9949   210    21     7 -9999     0
1992 07 10 09    35    12  9951   230    31     7 -9999     0
1992 07 10 12    50    25  9958   250    51     7 -9999     0
1992 07 10 18    60    18  9960   240    41     7 -9999     0
1992 07 11 06    34    13  9983   120    10     7 -9999     0
1992 07 11 09    46    16  9988   220    31     7 -9999     0
1992 07 11 12    46    26  9999   220    41     4 -9999     0
1992 07 11 18    46    16 10010   230    31     2 -9999     0
1992 07 12 06    43    24 10022   230    41     5 -9999     0
1992 07 12 09    45    35 10029   220    41     7 -9999     0
1992 07 12 12 -9999 -9999 10036   230    31     8 -9999    -1
1992 07 12 18    43    31 10037   240    41     7 -9999 -9999
1992 07 13 06    49    35 10034   210    41     8 -9999 -9999
1992 07 13 09    44    34 10032   220    51     8 -9999 -9999
1992 07 13 12    41    41 10027   230    41     8 -9999 -9999
1992 07 13 18    40    38 10015   220    41     8 -9999 -9999
1992 07 14 06    36    26  9996   230    21     8 -9999 -9999
1992 07 14 09    40    23  9997   230    21     8 -9999 -9999
1992 07 14 12    41    12 10003   220    21     8 -9999    -1
1992 07 14 18    46    13 10008     0     0     7 -9999 -9999
1992 07 15 06    42    22 10032   120    10     7 -9999 -9999
1992 07 15 09    50    25 10042   120    31     7 -9999     0
1992 07 15 12    54    25 10055   240    51     6 -9999     0
1992 07 15 18    42    25 10070   250    41     7 -9999 -9999
1992 07 16 06    50    20 10086     0     0     7 -9999     0
1992 07 16 09    70    -2 10088   290    21     6 -9999     0
1992 07 16 12    74    34 10088     0     0     7 -9999     0
1992 07 16 18    76    47 10081   320    31     2 -9999     0
1992 07 17 06    39    27 10086   240    31     7 -9999 -9999
1992 07 17 09    47    25 10093    30    21     7 -9999     0
1992 07 17 12    60    12 10096   280    31     7 -9999     0
1992 07 17 18    59    11 10094   300    31     7 -9999     0
1992 07 18 06    35    22 10086   240    41     7 -9999     0
1992 07 18 09    35    22 10077   240    41     7 -9999     0
1992 07 18 12    38    38 10061   220    41     8 -9999    -1
1992 07 18 18    41    29 10058   260    51     7 -9999 -9999
1992 07 19 06    28    28 10075   240    31     8 -9999 -9999
1992 07 19 09    38    33 10081   220    41     7 -9999 -9999
1992 07 19 12    48    41 10087   230    31     7 -9999    -1
1992 07 19 18    38    22 10093   240    41     7 -9999 -9999
1992 07 20 06    36     4 10113   320    10     7 -9999     0
1992 07 20 09    43    10 10114   270    51     7 -9999     0
1992 07 20 12    42    32 10120   250    51     7 -9999     0
1992 07 20 18    50    15 10120   300    10     7 -9999     0
1992 07 21 06    36    -7 10134   110    10     1 -9999     0
1992 07 21 09    42    -8 10146   130    10     1 -9999     0
1992 07 21 12    55    12 10150   170    21     1 -9999     0
1992 07 21 18    54    11 10147   120    21     1 -9999     0
1992 07 22 06    45     9 10120   150     5     2 -9999     0
1992 07 22 09    68     8 10135   130    21     4 -9999     0
1992 07 22 12    78    14 10125   130    21     4 -9999     0
1992 07 22 18    64    36 10117   210     5     1 -9999     0
1992 07 23 06    40    38 10135   260    10     8 -9999     0
1992 07 23 09    40    14 10147    90    21     8 -9999     0
1992 07 23 12    45    19 10151   130    10     8 -9999     0
1992 07 23 18    38    33 10158     0     0     8 -9999 -9999
1992 07 24 06    30    28 10192     0     0     9 -9999     0
1992 07 24 09    30    25 10196   240    46     9 -9999     0
1992 07 24 18    38    34 10188    80    15     9 -9999     0
1992 07 25 06    68    30 10149   280    62     7 -9999     0
1992 07 25 09    76    34 10141   290    72     5 -9999     0
1992 07 25 12    84    27 10144   290    62     7 -9999     0
1992 07 25 18    76    34 10151   250    51     2 -9999     0
1992 07 26 06    76    20 10157   310    31     1 -9999     0
1992 07 26 09    88    16 10159   300    62     1 -9999     0
1992 07 26 12    92     3 10159   300    72     1 -9999     0
1992 07 26 18    62    39 10145   250    62     1 -9999     0
1992 07 27 06    41    21 10129    90    21     7 -9999     0
1992 07 27 09    48    18 10123   110    31     7 -9999     0
1992 07 27 12    50    15 10121    90    31     1 -9999     0
1992 07 27 18    61    13 10110    90    62     1 -9999     0
1992 07 28 06    64     3 10076    60    93     7 -9999     0
1992 07 28 09    74    11 10057    50   123     7 -9999     0
1992 07 28 12    73    22 10053    40   134     8 -9999    -1
1992 07 29 06   -48 -9999 10035     0     0     8 -9999 -9999
1992 07 29 09    58    49 10042     0     0     7 -9999 -9999
1992 07 29 12    64    60 10050   260    21     8 -9999    -1
1992 07 29 18    56    56 10054   230    21     7 -9999 -9999
1992 07 30 06    56    37 10057     0     0     1 -9999     0
1992 07 30 09    50    48 10055   210    31     7 -9999     0
1992 07 30 12    72    59 10051   270    10     7 -9999     0
1992 07 30 18    53    48 10043    60    21     8 -9999 -9999
1992 07 31 06    44    34 10047    90    10     7 -9999 -9999
1992 07 31 09    40    36 10046   120    10     7 -9999 -9999
1992 07 31 12    57    52 10053    80    10     8 -9999     5
1992 07 31 18 -9999 -9999 10058    80    10     8 -9999 -9999
1992 08 01 06    43    36 10058    50    10     7 -9999 -9999
1992 08 01 09    55    43 10055     0     0     7 -9999     0
1992 08 01 12    62    46 10052   270    10     7 -9999     0
1992 08 01 18    56    42 10048   240    21     7 -9999     0
1992 08 02 06    47    45 10020     0     0     8 -9999 -9999
1992 08 02 09    58    56 10012     0     0     8 -9999 -9999
1992 08 02 12    58    58 10005   250    51     7 -9999     1
1992 08 02 18    40    38  9998   250    31     7 -9999 -9999
1992 08 03 06    40     9 10013   260    31     7 -9999 -9999
1992 08 03 09    40     9 10017   260    41     7 -9999     0
1992 08 03 12    38    12 10025   260    51     7 -9999     0
1992 08 03 18    42    11 10035    40    10     7 -9999     0
1992 08 04 06    32     3 10056    90    10     1 -9999     0
1992 08 05 06    24    -8 10140    50     5     7 -9999     0
1992 08 05 09    49    11 10026   240    10     7 -9999     0
1992 08 05 12    52    17 10026   240    21     7 -9999     0
1992 08 05 18    50    33 10025   270    21     7 -9999 -9999
1992 08 06 06    46    26 10026   280    10     7 -9999 -9999
1992 08 06 12    55    53 10033   270    51     8 -9999    20
1992 08 06 18    57    48 10021   210    41     8 -9999 -9999
1992 08 07 06    46    31 10028   260    10     7 -9999 -9999
1992 08 07 09    59     8 10016    60    72     7 -9999     0
1992 08 07 12    54    19 10011     0    82     7 -9999     0
1992 08 07 18    40    25 10003   100    62     7 -9999 -9999
1992 08 08 06    32    22  9989    90    41     7 -9999 -9999
1992 08 08 09    58    29  9982    90    41     7 -9999     0
1992 08 08 12    64    41  9976    90    51     7 -9999     1
1992 08 08 18    47    40  9967    80    41     7 -9999 -9999
1992 08 09 06    58    24  9961    60    72     7 -9999 -9999
1992 08 09 12    58    24  9965    90    31     7 -9999    -1
1992 08 09 18    48    38  9984     0     0     7 -9999 -9999
1992 08 10 06    33    10 10027     0     0     7 -9999 -9999
1992 08 10 12    46    10 10029   240    41     7 -9999     1
1992 08 10 18    43    31 10015   250    41     7 -9999 -9999
1992 08 11 06    32    17 10019    60    10     7 -9999 -9999
1992 08 11 09    36    13 10018   140    21     7 -9999     0
1992 08 11 12    50    -9 10014   300    36     7 -9999     0
1992 08 11 18    34    27 10007   260    51     6 -9999     0
1992 08 12 06    35    12 10023    70    10     6 -9999 -9999
1992 08 12 09    48    12 10033   290    31     6 -9999     0
1992 08 12 18    46    46 10054   290    41     2 -9999     0
1992 08 13 06    34   -10 10096   170    10     1 -9999 -9999
1992 08 13 09    43    -2 10107    90    10     1 -9999     0
1992 08 13 12    55    12 10122   220    21     1 -9999     0
1992 08 13 18    40    20 10141   110    10     1 -9999     0
1992 08 14 06    23     1 10154    90    21     7 -9999     0
1992 08 14 09    34    11 10158    90    21     7 -9999     0
1992 08 14 12    44    34 10159   270    21     7 -9999     1
1992 08 14 18    41    34 10157    80    31     7 -9999 -9999
1992 08 15 06    36    26 10139    90    10     7 -9999     0
1992 08 15 09    39    32 10140    70    21     7 -9999 -9999
1992 08 15 12    50    39 10145    90    21     7 -9999     1
1992 08 15 18    41    31 10155   130    21     7 -9999 -9999
1992 08 16 06    29    26 10175    70    10     7 -9999 -9999
1992 08 16 09    32    32 10182   100    10     7 -9999     0
1992 08 16 12    53    46 10188   270    21     7 -9999     0
1992 08 16 18    48    36 10198    80    10     7 -9999     0
1992 08 17 06    48    18 10208    60    51     7 -9999     0
1992 08 17 09    50     9 10209    90    82     7 -9999     0
1992 08 17 12    51     4 10215    80    72     7 -9999     0
1992 08 17 18    48    18 10212    50    62     7 -9999     0
1992 08 18 06    46    21 10220    80    93     2 -9999     0
1992 08 18 09    45    15 10224    80   103     4 -9999     0
1992 08 18 12    43    15 10228    80   103     5 -9999     0
1992 08 18 18    40     6 10229    80   103     2 -9999 -9999
1992 08 19 06    37    -3 10223    80    82     7 -9999 -9999
1992 08 19 09    38     1 10229    70    93     7 -9999     0
1992 08 19 12    43     4 10232    70    82     7 -9999     0
1992 08 19 18    46    10 10232    80    72     7 -9999     0
1992 08 20 06    46    18 10238    60    51     7 -9999     0
1992 08 20 09    50    23 10240    60    51     7 -9999     0
1992 08 20 12    52    25 10243    60    51     7 -9999     0
1992 08 20 18    42    22 10244    80    31     7 -9999     0
1992 08 21 06    26    18 10231   100    41     7 -9999 -9999
1992 08 21 09    30    20 10230   100    41     7 -9999     0
1992 08 21 12    32    17 10229    90    21     8 -9999     0
1992 08 21 18    26    21 10225   100    21     8 -9999 -9999
1992 08 22 06    22    19 10225    90    10     7 -9999 -9999
1992 08 22 09    51    37 10229     0     0     7 -9999     0
1992 08 22 12    65    24 10235    80    10     7 -9999     0
1992 08 22 18    44    34 10235    80    10     7 -9999     0
1992 08 23 09    45    45 10223   250    10     8 -9999 -9999
1992 08 23 12    52    52 10215   240    21     8 -9999    -1
1992 08 24 06    35    25 10168    70    21     7 -9999 -9999
1992 08 24 09    45    40 10165    10    21     7 -9999 -9999
1992 08 24 12    42    37 10159   120    21     8 -9999     5
1992 08 24 18    30    20 10146    90    31     7 -9999 -9999
1992 08 25 06    30     6 10123    90    93     7 -9999 -9999
1992 08 25 09    50    -3 10118    50    51     1 -9999     0
1992 08 25 12    51     4 10121    50    62     2 -9999     0
1992 08 25 18    42    27 10120    60    82     2 -9999 -9999
1992 08 26 06    22   -24 10128    50    82     7 -9999     0
1992 08 26 09    26   -23 10133    70    82     7 -9999     0
1992 08 26 12    31   -27 10139    70    93     7 -9999     0
1992 08 26 18    24   -29 10140    70    72     4 -9999     0
1992 08 27 06    23   -26 10136    50    72     2 -9999     0
1992 08 27 09    35   -28 10137    60   103     2 -9999     0
1992 08 27 12    39   -30 10143    80   103     3 -9999     0
1992 08 28 06    17   -30 10150    70   123     2 -9999     0
1992 08 28 09    20     3 10150    80    57     5 -9999     0
1992 08 28 12    22     6 10147    80    41     4 -9999     0
1992 08 28 18    20   -17 10132    30    72     2 -9999     0
1992 08 29 06    13   -25 10085    60    82     7 -9999     0
1992 08 29 09    22   -24 10076    50    93     7 -9999 -9999
1992 08 29 12    30   -24 10062    40   113     7 -9999    -1
1992 08 29 18    33    -2 10052    40   123     8 -9999 -9999
1992 08 30 06    42    19 10073    80   123     8 -9999 -9999
1992 08 30 09    36    16 10084    80   103     8 -9999 -9999
1992 08 30 12    40     0 10090    70   123     7 -9999    10
1992 08 30 18    26     5 10098    80   103     5 -9999 -9999
1992 08 31 06    37     8 10109    50    51     7 -9999     0
1992 08 31 09    36    10 10116   180    62     7 -9999     0
1992 08 31 12    40    12 10122    70    72     7 -9999     0
1992 08 31 18    36     4 10131    60    62     7 -9999     0
1992 09 01 06    20    -8 10133    80    72     7 -9999     0
1992 09 01 09    21   -10 10137    90   103     7 -9999     0
1992 09 01 12    30   -21 10133    70    62     2 -9999     0
1992 09 01 18    10   -25 10123    70    93     1 -9999     0
1992 09 02 06    12   -44 10099    90    82     1 -9999     0
1992 09 02 09    12   -51 10095   100    82     1 -9999     0
1992 09 02 12    22   -49 10091   100    72     1 -9999     0
1992 09 02 18    20   -34 10092    90    31     7 -9999     0
1992 09 03 06    10   -25 10091   220    31     1 -9999     0
1992 09 03 09    35   -15 10091   190    21     1 -9999     0
1992 09 03 12    46   -27 10092    40    41     7 -9999     0
1992 09 04 06   -22   -40 10090    80    31     1 -9999     0
1992 09 04 09    -2   -35 10097   100    21     1 -9999     0
1992 09 04 12     6   -41 10104    90    10     1 -9999     0
1992 09 04 18     8   -22 10113     0     0     6 -9999     0
1992 09 05 06   -12   -28 10150   300    51     7 -9999     0
1992 09 05 09    -2   -56 10163   290    31     7 -9999     0
1992 09 05 12     8    -4 10172   280    51     7 -9999    -1
1992 09 05 18    14    -2 10184   270    31     8 -9999     0
1992 09 06 06    28   -17 10219   230    26     7 -9999     0
1992 09 06 09    16     0 10229   290     5     8 -9999     0
1992 09 06 12    37   -10 10238   230    15     8 -9999     0
1992 09 06 18    24     3 10246     0     0     7 -9999 -9999
1992 09 07 06     6    -2 10248    80    10     7 -9999 -9999
1992 09 07 09    14     3 10244    90    10     7 -9999 -9999
1992 09 07 12    24    11 10234     0     0     4 -9999     1
1992 09 07 18    14     3 10248    60    15     3 -9999     0
1992 09 08 06    20   -10 10237    80    41     3 -9999     0
1992 09 08 09    19   -25 10232    80    67     4 -9999     0
1992 09 08 12    12     8 10232    70    67     8 -9999     0
1992 09 08 18    32    17 10167    80    82     8 -9999     0
1992 09 09 06    50    20 10118    60    77     8 -9999     0
1992 09 09 09    54    32 10120    70    77     8 -9999     0
1992 09 09 12    61    30 10140    80    41     8 -9999     0
1992 09 09 18    52    22 10153    70   113     8 -9999 -9999
1992 09 10 06    49    11 10137    80   113     7 -9999 -9999
1992 09 10 09    53    24 10131    80   103     7 -9999 -9999
1992 09 10 12    61    30 10126    90    82     7 -9999    10
1992 09 10 18    46    21 10108    90    87     7 -9999 -9999
1992 09 11 06    43    10 10105    70    51     8 -9999 -9999
1992 09 11 09    33    10 10113    90    62     8 -9999     0
1992 09 11 12    28    10 10120   100    51     7 -9999     0
1992 09 11 18    15     7 10124   120    10     7 -9999     0
1992 09 12 06    17     9 10126   160    10     6 -9999     0
1992 09 12 09    27    14 10136   240    10     2 -9999     0
1992 09 12 12    35    22 10145   210    10     2 -9999     0
1992 09 12 18    -2    -2 10162     0     0     0 -9999     0
1992 09 13 06    47     8 10170    60    62     7 -9999     0
1992 09 13 09    41    16 10176    50    62     7 -9999     0
1992 09 13 12    46    33 10172    60    93     7 -9999     0
1992 09 13 18    46    21 10168    80   123     7 -9999     0
1992 09 14 06    26    13 10179   100    51     7 -9999 -9999
1992 09 14 09    26    16 10198   110    31     7 -9999     0
1992 09 14 12    26    18 10211   110    21     8 -9999     0
1992 09 14 18    21    21 10225    90    31     8 -9999     0
1992 09 15 06    42    14 10203    70   144     8 -9999 -9999
1992 09 15 09    43    13 10198    70   144     7 -9999     0
1992 09 15 12    51    19 10194    70   103     7 -9999     0
1992 09 15 18    47    17 10186    70    93     7 -9999     0
1992 09 16 06    28    10 10160   100   103     8 -9999 -9999
1992 09 16 09    33    15 10159    90    82     8 -9999 -9999
1992 09 16 12 -9999 -9999 10158   100    93     7 -9999    50
1992 09 16 18    47    22 10154    80    93     7 -9999     0
1992 09 17 06    44    24 10157    90    51     7 -9999 -9999
1992 09 17 09    45    25 10161    90    72     7 -9999     0
1992 09 17 12    42    22 10159   100    62     7 -9999     0
1992 09 17 18    45    33 10158   110    72     8 -9999 -9999
1992 09 18 06    33    31 10170     0     0     8 -9999 -9999
1992 09 18 09    40    40 10183     0     0     8 -9999 -9999
1992 09 18 12    37    35 10194     0     0     8 -9999    30
1992 09 18 18    23    23 10221    70    10     7 -9999 -9999
1992 09 19 06    -4   -10 10286     0     0     5 -9999     0
1992 09 19 09     6   -11 10301     0     0     3 -9999     0
1992 09 19 12    27   -21 10314     0     0     3 -9999     0
1992 09 19 18     4    -4 10328     0     0     2 -9999     0
1992 09 20 06    28    23 10337   300    21     8 -9999 -9999
1992 09 20 09    53 -9999 10329   280    31     8 -9999 -9999
1992 09 20 12    60    60 10317   280    72     8 -9999    -1
1992 09 20 18    46    46 10306   250    41     7 -9999 -9999
1992 09 21 06    43    43 10300     0     0     8 -9999 -9999
1992 09 21 09    47    45 10294   250    41     7 -9999     0
1992 09 21 12    51    44 10286   260    62     8 -9999     0
1992 09 21 18    39    37 10254   250    41     8 -9999 -9999
1992 09 22 06    35    35 10202   270    31     7 -9999 -9999
1992 09 22 09    33    33 10200   270    21     8 -9999 -9999
1992 09 22 12    33    33 10188   250    31     8 -9999    20
1992 09 23 06    32    32 10158   270    10     8 -9999 -9999
1992 09 23 09    38    28 10171     0     0     8 -9999 -9999
1992 09 23 12    32    32 10169   240    10     8 -9999    10
1992 09 23 18    17     4 10188   230    10     7 -9999 -9999
1992 09 24 06     6    -8 10215    70    31     7 -9999     0
1992 09 24 09    16     0 10218   110    41     7 -9999     0
1992 09 24 12    18     2 10214    60    21     7 -9999     0
1992 09 24 18    18     4 10192   110    41     7 -9999     0
1992 09 25 06    37   -13 10118    90    51     7 -9999     0
1992 09 25 09    39     5 10096    80    82     7 -9999 -9999
1992 09 25 12    43    18 10073    80    62     7 -9999     1
1992 09 26 06    26    16 10033     0     0     7 -9999     0
1992 09 26 09    38    36 10040   270    10     8 -9999 -9999
1992 09 26 12    34    34 10051   240    41     8 -9999    10
1992 09 26 18    29    21 10076   280    51     8 -9999 -9999
1992 09 27 06    42    42 10098   260    31     8 -9999 -9999
1992 09 27 12    39    39 10128   270    10     8 -9999     5
1992 09 27 18    32    32 10160   240    10     8 -9999 -9999
1992 09 28 06    46    46 10181   270    10     8 -9999 -9999
1992 09 28 09    40    40 10187   260    31     8 -9999 -9999
1992 09 28 12    39    39 10195   220    21     7 -9999    20
1992 09 28 18    46    45 10194   240    31     7 -9999 -9999
1992 09 29 06    13   -16 10155   300   103     7 -9999 -9999
1992 09 29 09    -4   -38 10160   310    82     7 -9999     0
1992 09 29 18   -24   -80 10182   310    82     7 -9999 -9999
1992 09 30 06    -4   -59 10165    50    31     7 -9999 -9999
1992 09 30 09    -2   -56 10169   330    21     1 -9999     0
1992 09 30 12     0   -69 10178   300    21     1 -9999     0
1992 09 30 18   -25   -81 10181   290    10     3 -9999     0
1992 10 01 06    -9   -51 10161    40    10     7 -9999     0
1992 10 01 09    -2   -23 10144    60    10     7 -9999     0
1992 10 01 12     8   -18 10122   340     5     7 -9999     0
1992 10 01 18    13   -13 10082     0     0     7 -9999     0
1992 10 02 06    -8   -61 10153    90    62     3 -9999     0
1992 10 02 09   -10   -56 10177    90    41     1 -9999     0
1992 10 02 12   -12   -45 10195    80    41     7 -9999     0
1992 10 02 18   -14   -47 10212     0     0     7 -9999     0
1992 10 03 06    10     5 10149   260    10     8 -9999 -9999
1992 10 03 09    10     5 10147   270    21     8 -9999 -9999
1992 10 03 12    13    10 10140   280    10     8 -9999     3
1992 10 03 18     4     4 10126   100    31     8 -9999 -9999
1992 10 04 06     3    -8 10088   110    41     7 -9999 -9999
1992 10 04 09     6    -5 10090   110    41     7 -9999     0
1992 10 04 12     8    -9 10092    90    41     7 -9999     0
1992 10 04 18     0   -24 10084   100    72     7 -9999     0
1992 10 05 06    -4   -35 10071    80   113     7 -9999     0
1992 10 05 09    -4   -31 10067    80   103     7 -9999     0
1992 10 05 12     0   -33 10061    90   123     7 -9999    -1
1992 10 05 18    -7   -35 10037    80   144     8 -9999 -9999
1992 10 06 06   -17   -66 10020    70   144     8 -9999 -9999
1992 10 06 09   -12   -63 10029    70   134     8 -9999     0
1992 10 06 12   -14   -54 10047    70    93     7 -9999    -1
1992 10 06 18   -28   -86 10096    40    51     3 -9999 -9999
1992 10 07 06   -24   -76 10132    60    51     7 -9999     0
1992 10 07 09   -22   -65 10135    80    93     5 -9999     0
1992 10 07 12   -20   -70 10130    90    72     7 -9999     0
1992 10 07 18   -25   -90 10094    80    82     1 -9999     0
1992 10 08 06    -3   -47 10042    60    93     7 -9999 -9999
1992 10 08 09    -1   -18 10048    60    62     7 -9999     0
1992 10 08 12     1   -41 10073    80    51     7 -9999     0
1992 10 08 18   -22   -51 10094    60    10     7 -9999     0
1992 10 09 06   -64  -109 10098   300    31     2 -9999     0
1992 10 09 09   -65  -125 10100   190    10     1 -9999     0
1992 10 09 12   -54  -114 10093   250    10     4 -9999     0
1992 10 09 18   -62   -85 10066   350    21     5 -9999 -9999
1992 10 10 06   -75  -152 10054   350    31     6 -9999     0
1992 10 10 09   -65  -136 10054    10    31     7 -9999     0
1992 10 10 12   -54  -119 10079   350    21     7 -9999    -1
1992 10 10 18   -34   -94 10131   260    31     7 -9999 -9999
1992 10 11 06   -61  -115 10258    50    41     7 -9999 -9999
1992 10 11 09   -50   -95 10264   190 -9999     7 -9999 -9999
1992 10 11 12   -56   -78 10267    90    51     8 -9999     1
1992 10 11 18   -32   -63 10239    60    51     8 -9999 -9999
1992 10 12 06   -35   -79 10243    40    10     1 -9999     0
1992 10 12 09   -20   -59 10249    60    41     2 -9999     0
1992 10 12 12   -20   -59 10253    60    62     7 -9999     0
1992 10 12 18   -24   -64 10248    70    72     3 -9999     0
1992 10 13 06   -25   -62 10262    70    62     7 -9999     0
1992 10 13 09   -32   -71 10275    60    62     3 -9999     0
1992 10 13 12   -48   -96 10290    60    51     1 -9999     0
1992 10 13 18   -66  -112 10293    30    41     1 -9999     0
1992 10 14 06   -62   -93 10258    20    10     1 -9999     0
1992 10 14 09   -57   -83 10240     0     0     7 -9999     0
1992 10 14 12    39   -47 10206   300    10     8 -9999    20
1992 10 14 18   -50   -79 10178    50    31     7 -9999 -9999
1992 10 15 06   -79  -128 10188    40    41     4 -9999     0
1992 10 15 09   -84  -142 10193    60    31     7 -9999     0
1992 10 15 12   -68  -125 10178    50    51     7 -9999     0
1992 10 15 18   -66  -124 10145    50    51     7 -9999 -9999
1992 10 16 06   -60  -113 10124    30    41     7 -9999     0
1992 10 16 09   -60  -104 10129    50    51     7 -9999     0
1992 10 16 12   -62  -111 10131    60    72     7 -9999     0
1992 10 16 18   -72  -136 10143    30    82     1 -9999     0
1992 10 17 06  -110  -197 10143    60    41     1 -9999     0
1992 10 17 09  -120  -215 10148    60    10     1 -9999     0
1992 10 17 12  -108  -201 10141     0     0     2 -9999     0
1992 10 17 18   -87  -153 10068   250    10     3 -9999     0
1992 10 18 06  -119  -181 10027    20    51     7 -9999     0
1992 10 18 09  -134  -181 10035    20    62     7 -9999 -9999
1992 10 18 12  -153  -224 10058    30    72     2 -9999    -1
1992 10 18 18  -157  -241 10092   360    41     1 -9999 -9999
1992 10 19 06  -149  -218 10086   320    10     1 -9999     0
1992 10 19 09  -135  -197 10073    40    10     7 -9999     0
1992 10 19 12  -118  -160 10055    10    10     7 -9999     0
1992 10 19 18   -65   -97  9997   300    62     7 -9999 -9999
1992 10 20 06   -78  -134  9987   310    51     7 -9999     0
1992 10 20 09   -86  -145  9997   360    31     7 -9999     0
1992 10 20 12   -85  -156  9997   200    10     7 -9999     0
1992 10 20 18  -101  -149 10006   290    41     7 -9999 -9999
1992 10 21 06  -130  -190 10037    10    51     7 -9999     0
1992 10 21 09  -139  -195 10056   360    51     1 -9999     0
1992 10 21 12  -135  -205 10063   360    31     1 -9999     0
1992 10 21 18  -149  -209 10066   360    51     1 -9999     0
1992 10 22 09  -142  -207 10077    40    21     1 -9999     0
1992 10 22 12  -147  -198 -9999    10    10     2 -9999     0
1992 10 22 18  -134  -181 10079    60    41     2 -9999     0
1992 10 23 06   -82  -109 10057    90    41     7 -9999 -9999
1992 10 23 09   -77   -99 10045    90    41     8 -9999 -9999
1992 10 23 12   -66   -74 10036   100    41     8 -9999    10
1992 10 23 18   -54   -68  9997    60    62     8 -9999 -9999
1992 10 24 06  -136  -183 10028    10    62     1 -9999 -9999
1992 10 24 09  -143  -209 10041    10    62     1 -9999     0
1992 10 24 12  -147  -224 10047   350    10     1 -9999     0
1992 10 24 18  -166  -235 10051   360    21     1 -9999     0
1992 10 25 06  -164  -222 10070   360    10     1 -9999     0
1992 10 25 09  -147  -206 10070    30     5     1 -9999     0
1992 10 25 12  -141  -192 10072    30    10     1 -9999     0
1992 10 25 18  -143  -201 10081    60    10     1 -9999     0
1992 10 26 06  -144  -194 10087    10     5     1 -9999     0
1992 10 26 09  -138  -186 10100    50    21     1 -9999     0
1992 10 26 18  -137  -200 10125   290    15     1 -9999     0
1992 10 27 06  -150  -194 10145    60    51     1 -9999     0
1992 10 27 09  -135  -189 10163    30    41     1 -9999     0
1992 10 27 18  -133  -179 10201    90    62     1 -9999     0
1992 10 28 06  -106  -156 10232    40    51     1 -9999     0
1992 10 28 09  -107  -114 10236    50    51     2 -9999     0
1992 10 28 12   -95  -135 10239    70    72     5 -9999     0
1992 10 28 18   -98  -134 10235    80    93     7 -9999     0
1992 10 29 06   -54   -68 10205    80    41     7 -9999 -9999
1992 10 29 09   -45   -58 10205    50    31     8 -9999 -9999
1992 10 29 12   -23   -35 10205   180    82     8 -9999     5
1992 10 29 18   -10   -42 10208   170    51     8 -9999 -9999
1992 10 30 06    -6   -34 10216   190    51     7 -9999     0
1992 10 30 09    -6   -31 10218   180    15     7 -9999 -9999
1992 10 30 12    -3   -43 10218   300    21     6 -9999     0
1992 10 30 18   -40   -59 10208    80    26     3 -9999     0
1992 10 31 06   -43   -62 10169    90    31     5 -9999     0
1992 10 31 09   -34   -52 10167   100    21     6 -9999     0
1992 10 31 12   -16   -46 10160    60    21     7 -9999     0
1992 10 31 18   -33   -65 10147    70    36     3 -9999     0
1992 11 01 06   -15   -45 10096    80    46     7 -9999     0
1992 11 01 09   -15   -32 10094   170    72     8 -9999 -9999
1992 11 01 12   -15   -20 10095   200    62     8 -9999    10
1992 11 02 06   -13   -39 10110   210    72     8 -9999 -9999
1992 11 02 09   -15   -45 10113   200    51     8 -9999     0
1992 11 02 12   -20   -62 10115   190    51     8 -9999     0
1992 11 02 18   -38   -75 10102   290    10     7 -9999     0
1992 11 03 06   -31   -48 10062   310    10     9 -9999 -9999
1992 11 03 09   -33   -44 10060    60    21     8 -9999 -9999
1992 11 03 18   -70   -95 10059   190    21     8 -9999 -9999
1992 11 04 06  -106  -139 10070    40    31     5 -9999 -9999
1992 11 04 09  -108  -147 10083    60    41     7 -9999     0
1992 11 04 18  -101 -9999 10114    30    62     7 -9999     0
1992 11 05 06  -122  -171 10156    20    51     7 -9999     0
1992 11 05 12  -170  -221 10189    40    51     7 -9999     0
1992 11 05 18  -187  -245 10195    60    41     1 -9999     0
1992 11 06 06  -158  -190 10148    80    41     0 -9999     0
1992 11 06 09  -152  -190 10120    70    51     2 -9999     0
1992 11 06 12  -105  -148 10087    60    51     7 -9999     0
1992 11 06 18  -105  -132 10046    80    41     1 -9999     0
1992 11 07 06   -79  -106  9996     0     0     8 -9999     0
1992 11 07 09   -68  -101  9996   100    31     8 -9999     0
1992 11 07 12   -63   -86  9972   100    31     8 -9999     0
1992 11 07 18   -54   -83  9926    80    72     8 -9999 -9999
1992 11 08 06   -75  -110  9868   290    15     7 -9999 -9999
1992 11 08 09   -66  -122  9891 -9999 -9999     2 -9999     0
1992 11 08 12   -87  -130  9920 -9999    21     6 -9999     0
1992 11 08 18   -56   -86  9958   310    41     8 -9999 -9999
1992 11 09 06  -106  -150 10016   360    10     1 -9999 -9999
1992 11 09 09  -127  -159 -9999    50    31     2 -9999     0
1992 11 09 12   -91  -147 10032   110    51     4 -9999     0
1992 11 09 18   -95  -130 10000    60   144     7 -9999     0
1992 11 10 06   -54   -61  9896    70    87     9 -9999     0
1992 11 10 09   -42   -54 -9999    60   175     8 -9999 -9999
1992 11 10 12   -30   -54  9891    60   134     7 -9999    -1
1992 11 10 18   -26   -59  9888    50    62     7 -9999 -9999
1992 11 11 06   -46   -70  9856    60    41     7 -9999     0
1992 11 11 09   -24   -50  9839   100    72     8 -9999     0
1992 11 11 12   -19   -54  9815    90    82     8 -9999     0
1992 11 11 18    -7   -42  9773    60    62     7 -9999 -9999
1992 11 12 06   -14   -29  9772     0     0     8 -9999 -9999
1992 11 12 09   -13   -30  9798   290    41     8 -9999 -9999
1992 11 12 12    -8   -24  9827   300    72     8 -9999     5
1992 11 12 18   -16   -40  9897   290   103     8 -9999 -9999
1992 11 13 06   -28   -48 10002   300    51     8 -9999 -9999
1992 11 13 09   -30   -61 10030   330    31     7 -9999     0
1992 11 13 12   -46   -73 10047    20    21     7 -9999     0
1992 11 13 18   -57   -83 10063    60    41     1 -9999     0
1992 11 14 06   -26   -45 10064    70   123     7 -9999     0
1992 11 14 09   -32   -53 10068    60   113     7 -9999     0
1992 11 14 12   -34   -55 10060    50   103     7 -9999     0
1992 11 14 18   -18   -46 10045    50    82     7 -9999     0
1992 11 15 12   -16   -27 10043    90    51     8 -9999    10
1992 11 16 06    14    11  9988   270    62     7 -9999 -9999
1992 11 16 09     2 -9999 10015   270    51     8 -9999 -9999
1992 11 16 12    -7   -11 10034   230    21     8 -9999    30
1992 11 17 06     3    -3 10134   100    26     7 -9999 -9999
1992 11 17 09    18     7 -9999   270    31     8 -9999 -9999
1992 11 17 12    -6   -24 10152    80    21     8 -9999     0
1992 11 17 18     7   -22 10158    90    51     8 -9999     0
1992 11 18 06    -3   -37 10175    70    67     8 -9999     0
1992 11 18 09   -12   -38 10183    90    87     8 -9999     0
1992 11 18 18   -32   -49 10198    80    82     8 -9999     0
1992 11 19 06   -60  -104 10188    60   118     2 -9999 -9999
1992 11 19 09   -53   -82 10186    60   103     8 -9999 -9999
1992 11 19 12   -44   -87 10183    70   113     6 -9999    -1
1992 11 19 18   -41   -83 10193    70   123     4 -9999 -9999
1992 11 20 09   -27   -60 10226    60   103     6 -9999 -9999
1992 11 20 12   -30   -68 -9999    80   113     4 -9999    -1
1992 11 20 18   -46   -89 10245    50    67     2 -9999 -9999
1992 11 21 06   -34   -70 10267    40    21     8 -9999 -9999
1992 11 21 09   -36   -68 10267    30    21     8 -9999 -9999
1992 11 21 12   -42   -72 10262     0     0     8 -9999    -1
1992 11 21 18   -48   -68 10239    30    10     7 -9999 -9999
1992 11 22 06   -76  -102 10238    20    21     2 -9999     0
1992 11 22 09   -83  -135 10244    30    31     1 -9999     0
1992 11 22 12   -90  -134 10252    20    41     5 -9999     0
1992 11 22 18   -94  -129 10254    10    31     1 -9999     0
1992 11 23 06   -74   -87 10235     0     0     7 -9999 -9999
1992 11 23 09   -69   -84 10229    90    51     8 -9999 -9999
1992 11 23 12   -66   -86 10224    90    62     8 -9999     1
1992 11 23 18   -70   -91 10202    70    41     3 -9999     0
1992 11 24 06   -60   -75 10170    90    82     8 -9999 -9999
1992 11 24 09   -58   -80 10171    90    77     7 -9999     0
1992 11 24 18   -99  -120 10164    90    72     1 -9999     0
1992 11 25 06  -106  -144 10183    70    72     1 -9999     0
1992 11 25 09   -98  -134 10191   100    93     1 -9999     0
1992 11 25 12  -101  -127 10197    90    93     2 -9999     0
1992 11 25 18 -9999 -9999 10190   100   103     2 -9999     0
1992 11 26 06   -52   -89 10165    80    82     1 -9999     0
1992 11 26 09   -42   -68 10165    90    82     6 -9999 -9999
1992 11 26 12   -33   -68 10159    80    93     7 -9999 -9999
1992 11 26 18   -14   -51 10142    90    93     7 -9999 -9999
1992 11 27 06   -13   -64 10129    90   118     6 -9999 -9999
1992 11 27 09    -9   -62 10127   100   113     8 -9999 -9999
1992 11 27 12   -10   -56 10127    90   103     7 -9999    -1
1992 11 27 18   -10   -42 10108    90   103     7 -9999 -9999
1992 11 28 06     3   -35 10081    80   103     8 -9999 -9999
1992 11 28 09     0   -36 10083    70    93     8 -9999 -9999
1992 11 28 12    10   -23 10083    80    93     8 -9999    -1
1992 11 28 18     0   -29 10088    80   108     6 -9999 -9999
1992 11 29 06    -6   -27 10099    90    87     8 -9999 -9999
1992 11 29 09    -9   -38 10104    80    72     8 -9999 -9999
1992 11 29 18   -21   -46 10100    70    72     7 -9999 -9999
1992 11 30 06   -23   -55 10060    60    67     7 -9999 -9999
1992 11 30 09   -23   -48 10040    60    93     7 -9999 -9999
1992 11 30 12   -13   -43 10025    80    82     7 -9999    -1
1992 11 30 18   -11   -30  9990    60    72     7 -9999 -9999
1992 12 01 06    -1   -27  9955   120    51     7 -9999 -9999
1992 12 01 09    -5   -49  9948    80    82     7 -9999     0
1992 12 01 12   -11   -50  9938    70   103     7 -9999     0
1992 12 01 18   -24   -50  9918    70   113     2 -9999     0
1992 12 02 06   -16   -46  9899    90   103     7 -9999 -9999
1992 12 02 09   -18   -64  9899    80    87     2 -9999 -9999
1992 12 02 12   -27   -72  9902    70   103     7 -9999    -1
1992 12 02 18   -47   -95  9898    70   123     2 -9999 -9999
1992 12 03 06   -53  -108  9913    70   108     4 -9999     0
1992 12 03 09   -66  -117  9921    80   113     3 -9999     0
1992 12 03 12   -71  -119  9921    60   134     1 -9999     0
1992 12 03 18   -94  -151  9927    50   159     1 -9999     0
1992 12 04 06   -96  -166  9946    40   144     1 -9999     0
1992 12 04 09   -92  -163  9953    60   134     1 -9999     0
1992 12 04 12  -103  -158  9968    90   103     1 -9999     0
1992 12 04 18  -107  -157  9983    90    82     0 -9999     0
1992 12 05 06  -108  -171  9999    80    82     0 -9999     0
1992 12 05 09  -110  -161 10003    80    77     0 -9999     0
1992 12 05 12  -124  -174 10006    80    72     1 -9999     0
1992 12 05 18  -134  -174 10014    60    62     1 -9999     0
1992 12 06 06  -135  -163 10049    70    62     1 -9999     0
1992 12 06 09  -161  -193 10063    70    51     1 -9999     0
1992 12 06 12  -152  -183 10084    70    41     2 -9999     0
1992 12 06 18  -148  -171 10107    90    51     0 -9999     0
1992 12 07 06  -120  -150 10137    70    93     4 -9999     0
1992 12 07 09  -125  -151 10139    80   134     4 -9999     0
1992 12 07 12  -128  -166 10143    60   113     4 -9999     0
1992 12 07 18   -97  -133 10126    70   103     8 -9999 -9999
1992 12 08 06   -80   -98 10026    70   134     8 -9999 -9999
1992 12 08 09   -57   -75 10001    70   154     7 -9999 -9999
1992 12 08 12   -36   -41  9949    70   154     7 -9999     1
1992 12 08 18   -23   -52  9888    80   113     7 -9999 -9999
1992 12 09 12   -68  -101  9962   260    62     7 -9999    -1
1992 12 09 18   -70  -108  9918    80    51     7 -9999 -9999
1992 12 10 06   -84  -126  9845    60    72     7 -9999 -9999
1992 12 10 09   -84  -121  9832    90    93     8 -9999     0
1992 12 10 12   -84  -131  9824    70    41     8 -9999     0
1992 12 10 18   -89  -133  9825    90    93     7 -9999     0
1992 12 11 06   -90  -157  9807   340    10     7 -9999     0
1992 12 11 09   -92  -148  9805    40    21     7 -9999     0
1992 12 11 12  -104  -159  9805    70    41     5 -9999     0
1992 12 11 18   -84  -142  9810    20    41     7 -9999     0
1992 12 12 06  -123  -194  9909    70   134     7 -9999 -9999
1992 12 12 09  -117  -209  9934    50   159     5 -9999     0
1992 12 12 12  -101  -197  9962    60   113     3 -9999     0
1992 12 12 18  -117  -178 10008    80    57     3 -9999     0
1992 12 13 06  -139  -167 10045    80    82     7 -9999     0
1992 12 13 09  -151  -175 10060    80    93     8 -9999 -9999
1992 12 13 12  -159  -198 10071    90    51     3 -9999    -1
1992 12 13 18  -164  -197 10083    60    51     2 -9999     0
1992 12 14 06  -180  -225 10082    50    57     1 -9999     0
1992 12 14 09  -175  -210 10082    50    67     1 -9999     0
1992 12 14 12  -167  -201 10080    70    93     2 -9999     0
1992 12 14 18  -170  -212 10073    70   103     2 -9999     0
1992 12 15 06  -182  -219 10058    80   164     7 -9999     0
1992 12 15 09  -175  -228 10061    60   123     7 -9999     0
1992 12 15 12  -162  -194 10059    50    57     8 -9999    -1
1992 12 15 18  -149  -172 10043    60   154     8 -9999 -9999
1992 12 16 06  -136  -141 10053    70   113     9 -9999 -9999
1992 12 16 09  -125  -140 10046    70   108     7 -9999 -9999
1992 12 16 12  -116  -135 10033    90    82     7 -9999    -1
1992 12 17 06  -145  -162  9968    60    51     0 -9999     0
1992 12 17 09  -164  -190  9957    90    72     1 -9999     0
1992 12 17 12  -156  -180  9947    90    77     1 -9999     0
1992 12 17 18  -181  -227  9956    20    41     1 -9999     0
1992 12 18 06  -176  -220 10018     0     0     1 -9999     0
1992 12 18 09  -176  -211 10030    60    26     1 -9999     0
1992 12 18 12  -171  -198 10036     0     0     1 -9999     0
1992 12 18 18  -178  -206 10026   100    46     1 -9999     0
1992 12 19 09  -181  -201  9897    40   144     7 -9999 -9999
1992 12 19 12  -186  -199  9845    40   164     7 -9999    -1
1992 12 19 18  -177  -197  9778    30   180     7 -9999 -9999
1992 12 20 06  -134  -167  9827    60    41     7 -9999 -9999
1992 12 20 09  -129  -161  9849    90    67     7 -9999 -9999
1992 12 20 12  -133  -160  9874    70    41     8 -9999    -1
1992 12 20 18  -134  -167  9945   100    15     5 -9999 -9999
1992 12 21 06  -129  -139 10067    90    41     7 -9999 -9999
1992 12 21 09  -136  -170 10095   300    21     1 -9999     0
1992 12 21 18  -152  -169 10100    70    72     4 -9999 -9999
1992 12 22 06  -145  -156  9918    70   221     9 -9999 -9999
1992 12 22 09  -126  -136  9920    70   170     9 -9999 -9999
1992 12 22 12  -106  -133  9912    80   118     7 -9999 -9999
1992 12 22 18  -113  -122  9921    80   113     8 -9999 -9999
1992 12 23 06  -115  -129  9946    90   113     8 -9999 -9999
1992 12 23 09  -122  -142  9905    90   139     7 -9999     0
1992 12 23 12  -110  -118  9825    70   170     9 -9999    -1
1992 12 23 18   -52   -73  9749    70    36     8 -9999 -9999
1992 12 24 06   -30   -34  9768     0     0     9 -9999 -9999
1992 12 24 09   -38   -60  9773    30     5     1 -9999 -9999
1992 12 24 12   -52   -66  9780    50    10     7 -9999    10
1992 12 24 18   -50   -63  9790    70    31     3 -9999 -9999
1992 12 25 06   -49   -59  9849    60    51     8 -9999 -9999
1992 12 25 09   -47   -60  9864   100    51     8 -9999 -9999
1992 12 25 12   -56   -78  9878   100    62     8 -9999    -1
1992 12 25 18   -89  -113  9918    90   113     7 -9999 -9999
1992 12 26 06  -120  -156 10061    90    72     8 -9999     0
1992 12 26 09  -122  -159 10106   110    36     7 -9999     0
1992 12 26 12  -152  -214 10151    80    10     1 -9999     0
1992 12 26 18  -128  -173 10213   270    51     1 -9999     0
1992 12 27 06  -132  -185 10272   360    15     7 -9999     0
1992 12 27 09  -124  -161 10260    20    31     7 -9999     0
1992 12 27 12  -116  -151 10224    90    31     7 -9999     0
1992 12 27 18   -92  -108 10101    80   113     8 -9999 -9999
1992 12 28 06   -94  -114  9920    70    82     8 -9999 -9999
1992 12 28 09   -87  -106  9905    90    93     8 -9999 -9999
1992 12 28 12   -92  -112  9931    90   103     3 -9999     1
1992 12 28 18  -105  -132 10027    90   103     6 -9999 -9999
1992 12 29 09   -90  -145 10142    30    36     3 -9999     0
1992 12 29 12   -80  -136 10144   330    41     7 -9999     0
1992 12 29 18   -70   -95 10131   250    41     8 -9999 -9999
1992 12 30 06   -27   -46 10055   270    26     8 -9999 -9999
1992 12 30 09    -6   -10 10020   200    77     8 -9999 -9999
1992 12 30 12     6     0  9986   270    41     8 -9999    10
1992 12 30 18    13     8  9921   260    51     8 -9999 -9999
1992 12 31 06   -22   -51  9884   260   154     5 -9999 -9999
1992 12 31 09   -27   -84  9888   270   154     5 -9999 -9999
1992 12 31 12   -46  -107  9898   300   118     7 -9999    -1
1992 12 31 18   -67  -100  9874   270    51     8 -9999 -9999
