2007 02 26 16    28    13 10016   330   130     8 -9999 -9999
2007 02 26 19    28    18 10043   330   110 -9999 -9999 -9999
2007 02 26 20    29    17 10052   330   110 -9999 -9999 -9999
2007 02 26 21    34    19 10058   330    90 -9999 -9999 -9999
2007 02 26 22    36    24 10062   320    80 -9999 -9999 -9999
2007 02 26 23    37    28 10063   310    50 -9999 -9999 -9999
2007 02 27 00    38    32 10064   280    40 -9999 -9999    10
2007 02 27 01    47    42 10061   270    70 -9999 -9999 -9999
2007 02 27 02    44    30 10066   310   120 -9999 -9999 -9999
2007 03 07 13    68    68  9997   180    60     8 -9999 -9999
2007 03 07 14    68    68 10000   180    50     8 -9999 -9999
2007 03 07 15    67    67 10002   170    50     8 -9999 -9999
