1957 01 01 00    22    11 10087   120    82     8 -9999 -9999
1957 01 01 06    11     0 10056   120    41     8 -9999 -9999
1957 01 01 18    22    11  9976   140    72     8 -9999 -9999
1957 01 02 00   -22   -28  9973   340    51     8 -9999 -9999
1957 01 02 18    11   -22  9972   140    10     7 -9999 -9999
1957 01 03 00   -22   -28  9973   340    51     8 -9999 -9999
1957 01 03 06    22    11  9978   120    46     8 -9999 -9999
1957 01 03 18    28    11  9927   110   113     8 -9999 -9999
1957 01 04 00    28    22  9911   110   144     8 -9999 -9999
1957 01 04 06    28    22  9864   100   118     8 -9999 -9999
1957 01 04 18    11     0  9785   130    26     8 -9999 -9999
1957 01 05 00   -11   -22  9819     0     0     0 -9999 -9999
1957 01 05 06    11   -11  9813   120    87     7 -9999 -9999
1957 01 05 18    11     0  9801   140   108     8 -9999 -9999
1957 01 06 00    11     0  9801   120    77     8 -9999 -9999
1957 01 06 06    22    11  9762    80    67     8 -9999 -9999
1957 01 06 18     0   -11  9736   240    77     8 -9999 -9999
1957 01 07 00   -28   -39  9835   260   113     8 -9999 -9999
1957 01 07 06   -39   -50  9862   260    51     8 -9999 -9999
1957 01 07 18   -50   -61  9753   340    57     8 -9999 -9999
1957 01 08 00   -28   -39  9672   320    87     8 -9999 -9999
1957 01 08 06   -39   -50  9721   320    93     8 -9999 -9999
1957 01 08 18   -28   -50  9758   300    46     8 -9999 -9999
1957 01 09 00     0   -11  9782   360   149     8 -9999 -9999
1957 01 09 06   -11   -28  9851   360   134     8 -9999 -9999
1957 01 09 18   -11   -39  9994   330   154     5 -9999 -9999
1957 01 10 00   -28   -61 10053   350    98     8 -9999 -9999
1957 01 10 06   -28   -72 10120 -9999    93     8 -9999 -9999
1957 01 10 18   -39   -78 10195   320    67     7 -9999 -9999
1957 01 11 00   -61  -100 10193    20    15     4 -9999 -9999
1957 01 11 06   -39   -89 10159    50    51     4 -9999 -9999
1957 01 11 18   -22   -89 10090    40    82     5 -9999 -9999
1957 01 12 00   -11   -61 10092    50   103     4 -9999 -9999
1957 01 12 06     0   -61 10145    30    31     6 -9999 -9999
1957 01 12 18     0   -61 10242   100    57     5 -9999 -9999
1957 01 13 00    11   -22 10241    90    72     8 -9999 -9999
1957 01 13 06     0     0 10189   180    98     8 -9999 -9999
1957 01 13 18    22    11 10047   130   113     8 -9999 -9999
1957 01 14 00    22    11  9991   120    87     8 -9999 -9999
1957 01 14 06    11   -50  9960   240   113     0 -9999 -9999
1957 01 14 18   -39   -61  9943   260    72     4 -9999 -9999
1957 01 15 00   -72  -128 10143   290   118     8 -9999 -9999
1957 01 15 18    22   -11 10111   240   118     8 -9999 -9999
1957 01 16 06     0   -11 10163   240    41     8 -9999 -9999
1957 01 16 18    39    28 10085   240   185     8 -9999 -9999
1957 01 17 00    39    22 10073   210   154     8 -9999 -9999
1957 01 17 06    50    28 10014   240   190     6 -9999 -9999
1957 01 18 00   -11   -61  9804   180   108     5 -9999 -9999
1957 01 18 06   -72  -100  9771   300    98     6 -9999 -9999
1957 01 18 18  -100  -139 10073   300   113     6 -9999 -9999
1957 01 19 00  -100  -150 10094   310    46     6 -9999 -9999
1957 01 19 18 -9999 -9999 -9999    70   226     9 -9999 -9999
1957 01 20 00   -22   -61  9512    70   283     8 -9999 -9999
1957 01 20 18   -39   -50  9540   340   237     9 -9999 -9999
1957 01 21 18   -28   -39  9744 -9999 -9999     8 -9999 -9999
1957 01 22 00   -50   -61  9791   360   175     8 -9999 -9999
1957 01 22 06   -50   -61  9805   360   195     9 -9999 -9999
1957 01 22 18   -50   -61  9907   360   144     6 -9999 -9999
1957 01 23 00   -50   -72  9966   360    98     6 -9999 -9999
1957 01 23 06   -50   -72 10002   360    77     5 -9999 -9999
1957 01 24 00   -50   -89 10083   130    26     2 -9999 -9999
1957 01 24 06   -28   -50 10034    60   185     9 -9999 -9999
1957 01 24 18    22    11  9977    80   201     8 -9999 -9999
1957 01 25 00    28     0  9972    90   206     8 -9999 -9999
1957 01 25 06    22    11  9959    90   206     8 -9999 -9999
1957 01 25 18    28    22 -9999   100   113     8 -9999 -9999
1957 01 26 00    11     0  9987    90   149     8 -9999 -9999
1957 01 26 06 -9999 -9999  9960    90   170     6 -9999 -9999
1957 01 26 18   -39   -50 10107   320    72     8 -9999 -9999
1957 01 27 06    22   -11  9817    70   216     8 -9999 -9999
1957 01 27 18    22   -28  9816   140    72     5 -9999 -9999
1957 01 28 00    11   -11  9821   350    87     7 -9999 -9999
1957 01 28 06   -22   -50  9723    30    46     6 -9999 -9999
1957 01 28 18     0   -22  9709    70   149     9 -9999 -9999
1957 01 29 00    11     0  9575   120    62     8 -9999 -9999
1957 01 29 06     0   -11  9546   120    93     8 -9999 -9999
1957 01 29 18     0     0  9631   270   103     8 -9999 -9999
1957 01 30 00     0   -11  9808   230   113     8 -9999 -9999
1957 01 30 18    22     0  9883   150   113     7 -9999 -9999
1957 01 31 00     0   -28  9963   140    41     3 -9999 -9999
1957 01 31 06    22   -22  9909    90   190     7 -9999 -9999
1957 01 31 18     0   -11  9854   360    36     8 -9999 -9999
1957 02 01 00     0   -11  9845   320    36     9 -9999 -9999
1957 02 01 06    22    11  9769    80    82     8 -9999 -9999
1957 02 01 12    28     0  9659    80   195     8 -9999 -9999
1957 02 01 18    39    22 -9999   270   185     7 -9999 -9999
1957 02 02 00    22     0 -9999    90   278     8 -9999 -9999
1957 02 02 12    11     0  9589    90   195     9 -9999 -9999
1957 02 02 18     0   -11  9644   120   113     8 -9999 -9999
1957 02 03 00    11     0  9712   130    93     8 -9999 -9999
1957 02 03 06     0   -11  9758   120   206     8 -9999 -9999
1957 02 03 12     0   -11  9805   360    26     6 -9999 -9999
1957 02 03 18     0   -11  9892   350    93     8 -9999 -9999
1957 02 04 00   -11   -22  9971   360   103     8 -9999 -9999
1957 02 04 06   -28   -39  9973   360    77     7 -9999 -9999
1957 02 04 12   -22   -28  9975   360   108     6 -9999 -9999
1957 02 04 18   -28   -72  9947    10   170     2 -9999 -9999
1957 02 05 00   -11   -22  9932   320    51     6 -9999 -9999
1957 02 05 06     0   -28  9927    30    67     5 -9999 -9999
1957 02 05 12   -11   -89  9907   360    57     6 -9999 -9999
1957 02 05 18     0   -89  9898    50    57     7 -9999 -9999
1957 02 06 00   -11   -50  9980   180    26     3 -9999 -9999
1957 02 06 12     0   -50 10025    30    26     2 -9999 -9999
1957 02 06 18     0   -50 10047    30    26     3 -9999 -9999
1957 02 07 00   -11   -50  9998   280    10     5 -9999 -9999
1957 02 07 06   -22   -72 10117   160    36     5 -9999 -9999
1957 02 07 12   -28   -39 10144   360    87     7 -9999 -9999
1957 02 07 18   -28   -50 10138   350    98     8 -9999 -9999
1957 02 08 00   -28   -61 10140   360    72     8 -9999 -9999
1957 02 08 06   -39  -100 10119   360    57     6 -9999 -9999
1957 02 08 12   -61  -100 10110    30    46     5 -9999 -9999
1957 02 08 18   -50   -89 10101   260    62     5 -9999 -9999
1957 02 09 00   -50  -100 10103   360    62     7 -9999 -9999
1957 02 09 06   -61  -100 10089   360    67     7 -9999 -9999
1957 02 09 12   -50   -78 10089   340    21     6 -9999 -9999
1957 02 09 18   -61  -111 10089    10    21     5 -9999 -9999
1957 02 10 00   -28   -78 10100    30    41     4 -9999 -9999
1957 02 10 06   -39   -78 10127   360   129     4 -9999 -9999
1957 02 10 12   -22   -61 10140   140    67     6 -9999 -9999
1957 02 10 18   -39   -89 10162   360    62     3 -9999 -9999
1957 02 11 00   -39   -72 10185   360    67     7 -9999 -9999
1957 02 11 06   -39   -72 10197   360    82     6 -9999 -9999
1957 02 11 12   -50   -89 10213   360    51     5 -9999 -9999
1957 02 11 18   -61  -100 10214   360    62     6 -9999 -9999
1957 02 12 00   -72  -100 10206    20    46     6 -9999 -9999
1957 02 12 12   -72  -100 10206    20    46     6 -9999 -9999
1957 02 12 18   -61  -111 10177   260    57     5 -9999 -9999
1957 02 13 00   -39   -89 10171   360    72     4 -9999 -9999
1957 02 13 06   -50   -78 10158   360    62     7 -9999 -9999
1957 02 13 12   -61   -78 10152   360    62     6 -9999 -9999
1957 02 13 18   -72  -122 10141    80    21     3 -9999 -9999
1957 02 14 00   -50   -78 10145   360    93     7 -9999 -9999
1957 02 14 06   -50   -72 10134   360    72     6 -9999 -9999
1957 02 14 12   -39   -89 10154   140    62     5 -9999 -9999
1957 02 15 00   -50   -78 10187   360   118     8 -9999 -9999
1957 02 15 06   -72  -100 10186    50   134     8 -9999 -9999
1957 02 15 12   -72   -72 10174   350   123     8 -9999 -9999
1957 02 15 18   -61   -72 10156    10   144     5 -9999 -9999
1957 02 16 00   -61   -78 10177   360   123     8 -9999 -9999
1957 02 16 12   -50   -61 10148   350   165     8 -9999 -9999
1957 02 16 18   -28   -39 10066   360   170     8 -9999 -9999
1957 02 17 00   -50   -50 -9999   360   262     9 -9999 -9999
1957 02 17 12   -39   -50 10129   350   154     9 -9999 -9999
1957 02 17 18   -61   -72 10136    10   293     8 -9999 -9999
1957 02 18 00   -50   -78 10144   360   154     7 -9999 -9999
1957 02 18 12   -28   -39 10113   350   165     8 -9999 -9999
1957 02 18 18   -39   -50 10103   360   216     9 -9999 -9999
1957 02 19 00   -39   -50 10117   360     5     9 -9999 -9999
1957 02 19 06   -39   -50 10131   360   113     8 -9999 -9999
1957 02 19 12   -39   -50 10163    70    36     8 -9999 -9999
1957 02 19 18   -39   -61 10179   180    36     6 -9999 -9999
1957 02 20 00   -39   -78 10204   130    51     6 -9999 -9999
1957 02 20 06   -28   -72 10208   340    82     7 -9999 -9999
1957 02 20 12   -39   -89 10228   270    41     5 -9999 -9999
1957 02 20 18   -39   -72 10237   350    62     5 -9999 -9999
1957 02 21 00   -61  -111 10242    10   108     4 -9999 -9999
1957 02 21 12   -72   -89 10255   360   123     6 -9999 -9999
1957 02 21 18   -72  -100 10248   350   129     5 -9999 -9999
1957 02 22 00   -61   -72 10244   360   118     8 -9999 -9999
1957 02 22 06   -50   -61 10220   360   154     8 -9999 -9999
1957 02 22 12   -28   -39 10201   360   144     7 -9999 -9999
1957 02 22 18   -11   -22 10185   360    72     8 -9999 -9999
1957 02 23 06     0   -11 10176   140    46     6 -9999 -9999
1957 02 23 12   -11   -22 10177   140    93     8 -9999 -9999
1957 02 24 12   -22   -50 10116     0     0     3 -9999 -9999
1957 02 25 12   -28   -61 10078   360    87     5 -9999 -9999
1957 02 26 12   -28   -39 10087   320    62     8 -9999 -9999
1957 02 27 12   -61   -89 10162   240    51     8 -9999 -9999
1957 02 28 12   -11   -50 10054   260    21     7 -9999 -9999
1957 03 01 00   -28   -28  9994   360   159     9 -9999 -9999
1957 03 01 06   -28   -39 10040   360   123     8 -9999 -9999
1957 03 02 00   -50   -72 -9999   120    41     7 -9999 -9999
1957 03 02 06   -50   -72 10075   140    21     8 -9999 -9999
1957 03 02 12   -39   -50  9983   360   201     9 -9999 -9999
1957 03 02 18   -39   -50  9948    10   221     9 -9999 -9999
1957 03 03 00   -39   -50 -9999   360   206     9 -9999 -9999
1957 03 03 06   -50   -61  9979   360   195     8 -9999 -9999
1957 03 03 12   -50   -61 10020   350   185     8 -9999 -9999
1957 03 03 18   -50   -61 10033   320   139     8 -9999 -9999
1957 03 04 00   -50   -61 10039   320   129     8 -9999 -9999
1957 03 04 06   -50   -61 10038   340   113     6 -9999 -9999
1957 03 04 12   -50   -61 10051   340    87     8 -9999 -9999
1957 03 04 18   -61   -78 10048   320    57     8 -9999 -9999
1957 03 05 06   -39   -50  9975   340   113     8 -9999 -9999
1957 03 05 18   -50   -61  9967   350   154     9 -9999 -9999
1957 03 06 00   -61   -72  9984   320   134     8 -9999 -9999
1957 03 06 06   -50   -61  9958   320   144     8 -9999 -9999
1957 03 06 18   -22   -28  9991   340    93     8 -9999 -9999
1957 03 07 00   -22   -28  9995   320    77     8 -9999 -9999
1957 03 07 06   -22   -28 10002   320    77     8 -9999 -9999
1957 03 07 12   -11   -22 10019   340    62     8 -9999 -9999
1957 03 07 18   -22   -28 10030   240    93     8 -9999 -9999
1957 03 08 00   -28   -39 10044   320    67     8 -9999 -9999
1957 03 08 06   -22   -28 10029   340    36     8 -9999 -9999
1957 03 08 12   -22   -28 10026   350    93     6 -9999 -9999
1957 03 08 18   -22   -28 10011   350    98     8 -9999 -9999
1957 03 09 06   -28   -39 10054   320   103     8 -9999 -9999
1957 03 09 12   -28   -39 10070   300   113     8 -9999 -9999
1957 03 09 18   -39   -61 10109   300   108     8 -9999 -9999
1957 03 10 00     0   -61 10141   320    93     8 -9999 -9999
1957 03 10 06   -28   -72 10172   340    77     6 -9999 -9999
1957 03 10 12   -39   -78 10189   360    82     7 -9999 -9999
1957 03 10 18   -50   -89 10199   350    87     6 -9999 -9999
1957 03 11 00   -61  -100 10224   360    82     6 -9999 -9999
1957 03 11 06   -61  -100 10234   360    98     5 -9999 -9999
1957 03 11 18   -72  -100 10237   350   103     6 -9999 -9999
1957 03 12 00   -72  -100 10266   350    51     7 -9999 -9999
1957 03 12 12   -50 -9999 10255   350    57     8 -9999 -9999
1957 03 12 18   -28   -39 10235   350    87     8 -9999 -9999
1957 03 13 00   -28   -39 10226   340    57     8 -9999 -9999
1957 03 13 06   -22   -28 10205   360    51     5 -9999 -9999
1957 03 13 18   -22   -28 10197   360    72     5 -9999 -9999
1957 03 14 00   -28   -39 10182   350    46     3 -9999 -9999
1957 03 14 06   -39   -50 10168    20    26     6 -9999 -9999
1957 03 14 18   -22   -50 10178   130    21     5 -9999 -9999
1957 03 15 00 -9999 -9999 10195    90    10     6 -9999 -9999
1957 03 15 12   -28   -89 10200     0     0     4 -9999 -9999
1957 03 15 18   -39   -89 10198    50    21     7 -9999 -9999
1957 03 16 00   -39   -61 10195     0     0     7 -9999 -9999
1957 03 16 06   -22 -9999 10178   140    26     6 -9999 -9999
1957 03 16 12   -28   -39 10161   140    46     7 -9999 -9999
1957 03 16 18   -28   -39 10138   360     5     7 -9999 -9999
1957 03 17 00   -50   -61 10125   360    46     8 -9999 -9999
1957 03 17 06   -72   -78 10100     0     0     4 -9999 -9999
1957 03 17 12   -39   -61 10083     0     0     8 -9999 -9999
1957 03 17 18   -22   -72 10065 -9999    62     7 -9999 -9999
1957 03 18 06   -11   -50 10069   120    46     7 -9999 -9999
1957 03 18 12   -22   -22 10076   160    51     8 -9999 -9999
1957 03 19 00     0   -39 10065   110    62     8 -9999 -9999
1957 03 19 06   -22   -28 10067   140    51     7 -9999 -9999
1957 03 19 18     0   -28 10067   120    62     8 -9999 -9999
1957 03 20 00     0   -50 10071   120    67     8 -9999 -9999
1957 03 20 06   -11   -28 10064    90   108     8 -9999 -9999
1957 03 20 12   -22   -61 10049    90   154     8 -9999 -9999
1957 03 20 18     0   -61 10049    70   123     6 -9999 -9999
1957 03 21 00   -11   -39 10036    60   123     3 -9999 -9999
1957 03 21 06     0   -11 10060    70   113     7 -9999 -9999
1957 03 21 12   -11   -39 10094    60   144     4 -9999 -9999
1957 03 22 00   -11   -50 10140    50   113     3 -9999 -9999
1957 03 22 06   -11   -78 10162    80    57     7 -9999 -9999
1957 03 22 12     0   -50 10187    70    36     7 -9999 -9999
1957 03 22 18     0   -61 10194   100    57     7 -9999 -9999
1957 03 23 00    11   -39 10192    90    51     6 -9999 -9999
1957 03 23 06     0   -11 10178   120    72     6 -9999 -9999
1957 03 23 12     0   -11 10165   140    72     8 -9999 -9999
1957 03 23 18     0   -28 10138   110    46     7 -9999 -9999
1957 03 24 06    22   -11  9999   180    36     8 -9999 -9999
1957 03 24 12    11     0  9993   140    46     7 -9999 -9999
1957 03 25 00     0   -11  9897   230    21     8 -9999 -9999
1957 03 25 06    11     0  9871   140    36     8 -9999 -9999
1957 03 25 12   -22   -28 10057   350   118     8 -9999 -9999
1957 03 26 00   -61   -72 10038   350   103     8 -9999 -9999
1957 03 26 06   -89  -122 10072   340    57     8 -9999 -9999
1957 03 26 12   -89  -128 10094   300    46     8 -9999 -9999
1957 03 26 18   -78  -128 10083   120    57     7 -9999 -9999
1957 03 27 00   -39   -50 10029   230    82     4 -9999 -9999
1957 03 27 06   -89  -122 10099   300   113     8 -9999 -9999
1957 03 27 12  -111  -150 10178   320   103     6 -9999 -9999
1957 03 27 18  -111  -150 10219   280    72     7 -9999 -9999
1957 03 28 00  -122  -161 10240    50    26     3 -9999 -9999
1957 03 28 06   -89  -122 10233   120    26     8 -9999 -9999
1957 03 28 12   -28   -39 10189   100   123     8 -9999 -9999
1957 03 28 18     0   -11 10151   160    77     8 -9999 -9999
1957 03 29 00   -11   -22 10144   320    51     8 -9999 -9999
1957 03 29 06   -39   -50 10165   320    51     8 -9999 -9999
1957 03 29 12   -39   -72 10202   360     5     8 -9999 -9999
1957 03 29 18   -28   -39 10183   360    10     8 -9999 -9999
1957 03 30 00    22    11 10098   100   129     8 -9999 -9999
1957 03 30 06    11     0 10038   120    67     9 -9999 -9999
1957 03 30 12   -11   -22 10065   280    72     8 -9999 -9999
1957 03 30 18   -28   -61 10123   330   118     8 -9999 -9999
1957 03 31 00   -39   -72 10185   330    57     7 -9999 -9999
1957 03 31 06   -50   -78 10207   360    26     8 -9999 -9999
1957 03 31 12   -22   -61 10204   120    62     7 -9999 -9999
1957 03 31 18   -11   -22 10156   110   139     7 -9999 -9999
1957 04 01 06    28    22 10104   120   103     8 -9999 -9999
1957 04 01 18    22    11 10040   140    41     9 -9999 -9999
1957 04 02 00     0   -11 10048   250    46     8 -9999 -9999
1957 04 02 06   -22   -39 10090   320   113     8 -9999 -9999
1957 04 02 18   -39   -89 10127   320    57     5 -9999 -9999
1957 04 03 06   -28   -61 10127   120    36     6 -9999 -9999
1957 04 03 18    39     0 10024    90   170     8 -9999 -9999
1957 04 04 00    39   -11  9941    90   165     5 -9999 -9999
1957 04 04 06    28    22  9922    90    41     7 -9999 -9999
1957 04 04 18    11     0  9888    10    82     6 -9999 -9999
1957 04 05 00   -11   -22 10040   360   134     6 -9999 -9999
1957 04 05 06   -28   -39 10046   350   129     8 -9999 -9999
1957 04 05 18   -50   -89 10165   320    62     4 -9999 -9999
1957 04 06 00   -39   -78 10180   330    41     8 -9999 -9999
1957 04 06 06   -39   -89 10209   360    31     7 -9999 -9999
1957 04 06 12   -39   -72 10235   120    31     8 -9999 -9999
1957 04 06 18   -22   -72 10221   110    62     6 -9999 -9999
1957 04 07 00     0   -11 10176   250    21     8 -9999 -9999
1957 04 07 06   -22   -28 10176   280    62     8 -9999 -9999
1957 04 07 18   -39   -61 10264   340    98     6 -9999 -9999
1957 04 08 00   -61   -78 10307   360    31     7 -9999 -9999
1957 04 08 06   -39   -61 10294   120    57     8 -9999 -9999
1957 04 08 12   -11   -22 10210   120    87     8 -9999 -9999
1957 04 08 18   -11   -22 10176   270    62     8 -9999 -9999
1957 04 09 00   -28   -39 10180   290    72     8 -9999 -9999
1957 04 09 06   -11   -22 10154   360   113     7 -9999 -9999
1957 04 09 12   -11   -22 10172   360    77     8 -9999 -9999
1957 04 09 18   -22   -39 10215    50    87     6 -9999 -9999
1957 04 10 00   -50   -72 10270   360   108     5 -9999 -9999
1957 04 10 06   -39   -78 10271   360    98     5 -9999 -9999
1957 04 10 12   -39   -78 -9999   360    72     5 -9999 -9999
1957 04 10 18   -39   -89 10274   350    67     4 -9999 -9999
1957 04 11 00   -61  -100 10273   360    72     5 -9999 -9999
1957 04 11 06   -72  -122 10264    20    57     3 -9999 -9999
1957 04 11 12   -39  -100 10257   160    21     7 -9999 -9999
1957 04 11 18   -39   -89 10245   140    31     7 -9999 -9999
1957 04 12 00   -39   -61 10233   230    36     8 -9999 -9999
1957 04 12 06   -28   -61 10213   200    51     8 -9999 -9999
1957 04 12 12   -22   -61 10216   180    51     8 -9999 -9999
1957 04 12 18   -22   -61 10188   150    62     7 -9999 -9999
1957 04 13 00   -11   -39 10165   120    82     8 -9999 -9999
1957 04 13 06     0   -11 10142   120    87     8 -9999 -9999
1957 04 13 12     0   -11 10125   120   108     8 -9999 -9999
1957 04 13 18    11     0 10087   140    51     9 -9999 -9999
1957 04 14 00   -11   -22 10102   240    41     6 -9999 -9999
1957 04 14 06   -11   -22 10104    20    10     8 -9999 -9999
1957 04 14 18    28    11 10030   110    87     8 -9999 -9999
1957 04 15 00    22    11  9959    90   134     8 -9999 -9999
1957 04 15 06     0   -11  9929   160    62     8 -9999 -9999
1957 04 15 12   -22   -28  9964   240    57     8 -9999 -9999
1957 04 15 18   -28   -39 10027   270    57     8 -9999 -9999
1957 04 16 00   -39   -50 10042   270    36     8 -9999 -9999
1957 04 16 06   -50   -61 10028    40    51     8 -9999 -9999
1957 04 16 12    11     0  9968   100   123     8 -9999 -9999
1957 04 16 18    22    11  9872   120   149     9 -9999 -9999
1957 04 17 00    11     0  9868   150    82     8 -9999 -9999
1957 04 17 06     0     0  9870   120    87     9 -9999 -9999
1957 04 17 12    11     0  9867   120    98     7 -9999 -9999
1957 04 17 18    11     0  9875   120    77     5 -9999 -9999
1957 04 18 06     0   -22  9940   170    67     3 -9999 -9999
1957 04 18 12    11   -11  9971   120    57     6 -9999 -9999
1957 04 18 18    11   -22  9990   120    41     1 -9999 -9999
1957 04 19 00    11   -50 10001   100    36     1 -9999 -9999
1957 04 19 06   -11   -50  9982   160    10     7 -9999 -9999
1957 04 19 12    22   -11  9951   140    15     5 -9999 -9999
1957 04 19 18     0   -11  9911   360   113     8 -9999 -9999
1957 04 20 00   -11   -22  9888   350   103     8 -9999 -9999
1957 04 20 12   -22   -28  9939   340    82     8 -9999 -9999
1957 04 21 00   -22   -28 10028   360    10     8 -9999 -9999
1957 04 21 06   -11   -22 10056     0     0     8 -9999 -9999
1957 04 21 12    11   -22 10080    80    51     6 -9999 -9999
1957 04 21 18    28   -22 10055   110    26     3 -9999 -9999
1957 04 22 00   -11   -11 10013   110    67     8 -9999 -9999
1957 04 22 06    39    11 10042   120    93     6 -9999 -9999
1957 04 22 18    22    11 10076 -9999   113     8 -9999 -9999
1957 04 23 06     0   -11 10079   140    67     8 -9999 -9999
1957 04 23 18   -22   -39 10150   260    62     8 -9999 -9999
1957 04 24 00   -22   -39 10216   330    57     8 -9999 -9999
1957 04 24 12    11   -28 10297   240    46     4 -9999 -9999
1957 04 25 00     0   -22 10285   120   123     8 -9999 -9999
1957 04 25 06    22     0 10223   120    87     9 -9999 -9999
1957 04 25 12    22    11 10211   180    72     4 -9999 -9999
1957 04 25 18    39     0 10181   250   159     3 -9999 -9999
1957 04 26 00    39    22 10155   230   165     7 -9999 -9999
1957 04 26 06    28    11 10096   200   103     6 -9999 -9999
1957 04 26 18     0   -22 10088   240    87     6 -9999 -9999
1957 04 27 00    11     0 10092   250    26     8 -9999 -9999
1957 04 27 06    11     0 10061   120    26     8 -9999 -9999
1957 04 27 12    11     0 10041   200    10     9 -9999 -9999
1957 04 27 18   -22   -28 10029   360    87     8 -9999 -9999
1957 04 28 00   -28   -61 10074   360    98     8 -9999 -9999
1957 04 28 06   -50   -72 10108   360    72     8 -9999 -9999
1957 04 28 12   -39   -78 10119   350    62     7 -9999 -9999
1957 04 28 18   -50  -100 10130   320    72     8 -9999 -9999
1957 04 29 00   -50  -128 10134   330    72     6 -9999 -9999
1957 04 29 06   -50  -139 10132   320    67     5 -9999 -9999
1957 04 29 12   -50  -100 10137   310    31     7 -9999 -9999
1957 04 29 18   -50  -100 10142   300    62     8 -9999 -9999
1957 04 30 00   -50   -89 10148   340    72     8 -9999 -9999
1957 04 30 06   -50  -100 10148   320    51     8 -9999 -9999
1957 04 30 12   -39   -89 10139   270    31     8 -9999 -9999
1957 04 30 18   -28   -72 10128     0     0     7 -9999 -9999
1957 05 01 00   -50   -72 10098     0     0     8 -9999 -9999
1957 05 01 06   -39   -50 10081   360    72     7 -9999 -9999
1957 05 01 12   -50   -89 10125   320   134     3 -9999 -9999
1957 05 01 18   -89  -139 10151   300   123     7 -9999 -9999
1957 05 02 00   -72  -100 10165   320   154     8 -9999 -9999
1957 05 02 06   -72  -122 10184   300   123     7 -9999 -9999
1957 05 02 12   -72  -111 10164   320    82     8 -9999 -9999
1957 05 02 18   -50   -78 10149   330    87     8 -9999 -9999
1957 05 03 00   -39   -61 10150   320    31     5 -9999 -9999
1957 05 03 06   -22   -50 10168   360    72     7 -9999 -9999
1957 05 03 18   -11   -50 10225   360    77     5 -9999 -9999
1957 05 04 00   -28   -72 10250    10    93     7 -9999 -9999
1957 05 04 06   -39   -78 10267   340   118     6 -9999 -9999
1957 05 04 18   -50  -100 10307   350    93     6 -9999 -9999
1957 05 05 00   -61  -111 10322   320    93     8 -9999 -9999
1957 05 05 06   -61  -100 10331   340    77     8 -9999 -9999
1957 05 05 12   -61  -111 10342   350    67     7 -9999 -9999
1957 05 05 18   -50  -111 10337   340    36     6 -9999 -9999
1957 05 06 00   -72  -122 10321   150    10     3 -9999 -9999
1957 05 06 06   -50  -111 10285   120    36     6 -9999 -9999
1957 05 06 12   -28   -78 10259   120    93     6 -9999 -9999
1957 05 06 18   -11   -50 10211   120   108     7 -9999 -9999
1957 05 07 00     0   -11 10185   120   108     8 -9999 -9999
1957 05 07 06    11   -11 10156   120   134     8 -9999 -9999
1957 05 07 12    11     0 10149   120   134     8 -9999 -9999
1957 05 07 18    11     0 10149   120   108     8 -9999 -9999
1957 05 08 06    11     0 10162   120   123     8 -9999 -9999
1957 05 08 12     0   -11 10147   190    72     8 -9999 -9999
1957 05 08 18    11     0 10171   120   129     8 -9999 -9999
1957 05 09 00     0     0 10180   180   108     8 -9999 -9999
1957 05 09 06    11     0 10193   120    77     7 -9999 -9999
1957 05 09 12    28   -11 10216   100    41     3 -9999 -9999
1957 05 09 18    22   -11 10214   340    26     2 -9999 -9999
1957 05 10 00     0   -11 10203    20    51     7 -9999 -9999
1957 05 10 06   -22   -22 10168   350    87     9 -9999 -9999
1957 05 10 12   -11 -9999 10140   360   113     6 -9999 -9999
1957 05 10 18   -11   -22 10140   350    87     5 -9999 -9999
1957 05 11 00   -11   -22 10170   350    72     8 -9999 -9999
1957 05 11 06   -11   -22 10185   340    62     8 -9999 -9999
1957 05 11 12     0   -28 10204   360    41     6 -9999 -9999
1957 05 11 18     0   -28 10207   350    46     5 -9999 -9999
1957 05 12 00   -11   -28 10217     0     0     8 -9999 -9999
1957 05 12 06   -11   -28 10217   120    10     8 -9999 -9999
1957 05 12 12    11   -11 10225   200    21     7 -9999 -9999
1957 05 12 18    11     0 10225   350    41     8 -9999 -9999
1957 05 13 00   -22   -28 10241   350    51     8 -9999 -9999
1957 05 13 06   -22   -50 10243    60    15     6 -9999 -9999
1957 05 13 18   -11   -50 10253   320    46     6 -9999 -9999
1957 05 14 06   -11   -22 10251   200    57     2 -9999 -9999
1957 05 14 12    22   -28 10261   180    36     3 -9999 -9999
1957 05 14 18     0   -28 10279   360    67     8 -9999 -9999
1957 05 15 00   -11   -50 10292    30    31     8 -9999 -9999
1957 05 15 06   -22   -61 10298   360    87     8 -9999 -9999
1957 05 15 18   -22   -72 10298   360    67     7 -9999 -9999
1957 05 16 00   -22   -72 10292    30    67     7 -9999 -9999
1957 05 16 06   -28   -72 10282   360    87     7 -9999 -9999
1957 05 16 12   -28   -72 10284    10    67     8 -9999 -9999
1957 05 16 18   -22   -61 10278   360    62     8 -9999 -9999
1957 05 17 00   -28   -72 10272   360    51     7 -9999 -9999
1957 05 17 06   -28   -72 10243   360    72     8 -9999 -9999
1957 05 17 18   -22   -39 10188   350    67     8 -9999 -9999
1957 05 18 00   -22   -39 10171   350    62     7 -9999 -9999
1957 05 18 06   -22   -39 10160   350    62     6 -9999 -9999
1957 05 18 12   -22   -50 10169   350    87     7 -9999 -9999
1957 05 18 18     0   -22 10177   330    67     4 -9999 -9999
1957 05 19 00   -11   -39 10192   360    87     6 -9999 -9999
1957 05 19 12   -22   -50 10202   350    57     7 -9999 -9999
1957 05 20 00   -22   -39 10190   320    51     8 -9999 -9999
1957 05 20 06   -22   -50 10186   350    57     8 -9999 -9999
1957 05 20 18   -11   -28 10198   320    77     8 -9999 -9999
1957 05 21 00   -22   -50 10203   280    62     8 -9999 -9999
1957 05 21 06   -22   -50 10208   340    62     8 -9999 -9999
1957 05 21 12   -11   -39 10234   320    67     8 -9999 -9999
1957 05 22 00   -39   -78 10276    60    36     2 -9999 -9999
1957 05 22 06   -11   -50 10289    80    15     8 -9999 -9999
1957 05 22 12     0   -50 10314   100    57     7 -9999 -9999
1957 05 22 18     0   -50 10326    90   108     7 -9999 -9999
1957 05 23 00    11   -22 10336    90   134     7 -9999 -9999
1957 05 23 06    22     0 10333   100   144     8 -9999 -9999
1957 05 23 12    28    22 10355   120   123     8 -9999 -9999
1957 05 23 18    39    11 10368   120   144     8 -9999 -9999
1957 05 24 00    39    11 10371   120   165     7 -9999 -9999
1957 05 24 06    39     0 10368   120   175     7 -9999 -9999
1957 05 24 18    39    11 10365   110   129     7 -9999 -9999
1957 05 25 00    22    11 10354   120   113     9 -9999 -9999
1957 05 25 06    22    11 10316   120   123     9 -9999 -9999
1957 05 25 18    39    28 10244   110   123     8 -9999 -9999
1957 05 26 00    28    22 10197   120   134     9 -9999 -9999
1957 05 26 06    28    22 10175   120   123     7 -9999 -9999
1957 05 26 12    28    22 10166   120   113     9 -9999 -9999
1957 05 26 18    22    11 10160   150    62     7 -9999 -9999
1957 05 27 00    28    22 10163   230    82     8 -9999 -9999
1957 05 27 06    11     0 10161   250    72     8 -9999 -9999
1957 05 27 18    11     0 10173   320    36     9 -9999 -9999
1957 05 28 00    11     0 10152   210    21     8 -9999 -9999
1957 05 28 06    22    11 10121   240    31     8 -9999 -9999
1957 05 28 12    11     0 10147   280    26     9 -9999 -9999
1957 05 28 18    22    11 10174   330    31     7 -9999 -9999
1957 05 29 00     0   -11 10193   110    26     8 -9999 -9999
1957 05 29 06     0   -11 10195   120    15     8 -9999 -9999
1957 05 29 12     0   -11 10188   340    21     7 -9999 -9999
1957 05 29 18    22   -11 10161   350    41     7 -9999 -9999
1957 05 30 00     0   -22 10134     0     0     6 -9999 -9999
1957 05 30 06    11     0 10098     0     0     8 -9999 -9999
1957 05 30 12    11     0 10066     0     0     9 -9999 -9999
1957 05 30 18    22    11 10034   250    21     8 -9999 -9999
1957 05 31 00    11   -22 10031   350    62     7 -9999 -9999
1957 05 31 06   -11   -39 10038   360    72     7 -9999 -9999
1957 06 01 00   -11   -28 10078   340    51     6 -9999 -9999
1957 06 01 06     0   -22 10088   300    41     8 -9999 -9999
1957 06 01 12    11     0 10096   340    21     7 -9999 -9999
1957 06 01 18    11     0 -9999     0     0     8 -9999 -9999
1957 06 02 00    11   -11 10099    90    26     8 -9999 -9999
1957 06 02 06     0   -11 10101     0     0     7 -9999 -9999
1957 06 02 12    22   -28 10103   360    93     5 -9999 -9999
1957 06 02 18     0   -28 10115   360    72     7 -9999 -9999
1957 06 03 00     0   -11 10129   360    26     7 -9999 -9999
1957 06 03 06     0   -22 10133   280    41     8 -9999 -9999
1957 06 03 12     0   -39 10138   240    62     8 -9999 -9999
1957 06 03 18    11   -22 10095   140    77     7 -9999 -9999
1957 06 04 00    22   -11 10045   110    62     8 -9999 -9999
1957 06 04 06    11     0  9992   160   103     8 -9999 -9999
1957 06 04 18    39     0  9995    90   103     5 -9999 -9999
1957 06 05 00    39     0 10055    50    51     3 -9999 -9999
1957 06 05 06    22    11 10090   220    26     6 -9999 -9999
1957 06 06 00   -11   -50 10153   320    57     4 -9999 -9999
1957 06 06 06     0   -28 10131   220    15     7 -9999 -9999
1957 06 06 12     0   -11 10117   220    82     8 -9999 -9999
1957 06 06 18    11   -22 10114   110    31     8 -9999 -9999
1957 06 07 06   -11   -50 10131   340   103     8 -9999 -9999
1957 06 07 12   -11   -11 10142   340    93     7 -9999 -9999
1957 06 07 18     0   -11 10154   360    87     8 -9999 -9999
1957 06 08 00     0   -11 10160   350   103     8 -9999 -9999
1957 06 08 06     0   -11 10160   350   113     8 -9999 -9999
1957 06 08 12     0   -28 10176   340    93     7 -9999 -9999
1957 06 08 18    11   -39 10174   350    62     7 -9999 -9999
1957 06 09 00     0   -28 10171   300    62     8 -9999 -9999
1957 06 09 06   -11   -22 10150 -9999 -9999     8 -9999 -9999
1957 06 09 18    11   -11 10161   330    77     6 -9999 -9999
1957 06 10 00     0   -39 10162   330    67     7 -9999 -9999
1957 06 10 06     0   -22 10165   340    82     7 -9999 -9999
1957 06 10 18    11   -39 10190   330    82     5 -9999 -9999
1957 06 11 00     0   -28 10209   340    72     8 -9999 -9999
1957 06 11 18     0   -50 10251   300    46     7 -9999 -9999
1957 06 12 00   -11   -50 10255    60    21     8 -9999 -9999
1957 06 12 06     0   -28 10250   180    10     7 -9999 -9999
1957 06 12 12    22   -22 10251   180    36     6 -9999 -9999
1957 06 12 18    22   -22 10257   170    46     2 -9999 -9999
1957 06 13 00    22   -22 10268   120    41     3 -9999 -9999
1957 06 13 06    22   -28 10282   120    51     8 -9999 -9999
1957 06 13 12    28     0 10275   120    82     8 -9999 -9999
1957 06 13 18    39    11 10266   120    87     6 -9999 -9999
1957 06 14 00    39    28 10234   120    93     8 -9999 -9999
1957 06 14 06    50    28 10193   120    82     7 -9999 -9999
1957 06 14 12    61    22 10162    90    72     8 -9999 -9999
1957 06 14 18    61    39 10111   230    31     8 -9999 -9999
1957 06 15 00    28    22 -9999   360    62     8 -9999 -9999
1957 06 15 06    11     0 10163   340    82     9 -9999 -9999
1957 06 15 18    22     0 10200   320    21     8 -9999 -9999
1957 06 16 00    22   -11 10175    20    26     8 -9999 -9999
1957 06 16 06    11     0 10118     0     0     8 -9999 -9999
1957 06 16 12    50    22 10063     0     0     3 -9999 -9999
1957 06 17 00    11     0 10118   350   149     7 -9999 -9999
1957 06 17 06    11   -11 10188   340   103     7 -9999 -9999
1957 06 17 18    22   -11 10245   320    57     3 -9999 -9999
1957 06 18 00    11   -11 10249   280    36     8 -9999 -9999
1957 06 18 06    11     0 10244   230    21     8 -9999 -9999
1957 06 19 00     0   -11 10248   250    10     8 -9999 -9999
1957 06 19 06   -11   -22 10250   160    21     8 -9999 -9999
1957 06 19 12    22   -22 10250   160    46     5 -9999 -9999
1957 06 20 00    11   -22 10247   110    21     7 -9999 -9999
1957 06 20 06    11   -22 10247     0     0     7 -9999 -9999
1957 06 20 12    22   -11 10259   340    36     7 -9999 -9999
1957 06 20 18    22     0 10274   350    62     7 -9999 -9999
1957 06 21 00     0   -22 10292   350    41     7 -9999 -9999
1957 06 21 06     0   -28 10305   360    36     8 -9999 -9999
1957 06 21 18    11   -22 10321   300    26     7 -9999 -9999
1957 06 22 00     0   -11 10307   280    21     8 -9999 -9999
1957 06 22 06     0   -11 10278   250    21     8 -9999 -9999
1957 06 22 18    11     0 10236   300    21     8 -9999 -9999
1957 06 23 00     0   -11 10233   120    10     8 -9999 -9999
1957 06 23 06   -11   -22 10232   330    26     7 -9999 -9999
1957 06 23 18    11   -11 10229   320    46     8 -9999 -9999
1957 06 24 00   -11   -11 10221   320    72     9 -9999 -9999
1957 06 24 06     0   -11 10207   340    72     8 -9999 -9999
1957 06 24 18    28    22 10177   320    41     4 -9999 -9999
1957 06 25 00    28    11 10167   330    87     1 -9999 -9999
1957 06 25 06    39     0 10150   320   134     5 -9999 -9999
1957 06 25 18    22    11 10130   330   118     8 -9999 -9999
1957 06 26 00    11     0 10111   350   108     8 -9999 -9999
1957 06 26 06    22    11 10116   340   103     8 -9999 -9999
1957 06 26 18    22    11 10082   350   113     9 -9999 -9999
1957 06 27 00    11     0 10108   350   113     9 -9999 -9999
1957 06 27 06    28    11 10110   360   103     4 -9999 -9999
1957 06 27 12    22     0 10126   320    93     7 -9999 -9999
1957 06 27 18    11     0 10130   320    57     8 -9999 -9999
1957 06 28 00     0   -11 10129   330    36     9 -9999 -9999
1957 06 28 06     0   -11 10134     0     0     9 -9999 -9999
1957 06 28 12    11     0 10147   280    21     9 -9999 -9999
1957 06 28 18    22    11 10160   280    41     7 -9999 -9999
1957 06 29 00    11     0 10168   250    21     8 -9999 -9999
1957 06 29 12    28    11 10190   280    15     6 -9999 -9999
1957 06 30 00    22   -11 10190     0     0     7 -9999 -9999
1957 06 30 06    28     0 10175   340    15     7 -9999 -9999
1957 06 30 12    72    28 10157    80    72     8 -9999 -9999
1957 06 30 18    72 -9999 10139    90    77     8 -9999 -9999
1957 07 01 00    50    28 10131    10    51     8 -9999 -9999
1957 07 01 06    61    39 10129     0     0     8 -9999 -9999
1957 07 01 12    50    28 10137   320    15     8 -9999 -9999
1957 07 01 18    72    50 10140   320    15     6 -9999 -9999
1957 07 02 00    50    28 10147     0     0     7 -9999 -9999
1957 07 02 06    50    28 10143   360    26     5 -9999 -9999
1957 07 02 12    50    28 10164   340    36     8 -9999 -9999
1957 07 02 18    50    28 10177   330    26     8 -9999 -9999
1957 07 03 00    28    22 10193   340    15     8 -9999 -9999
1957 07 03 06    28    22 10200   230    21     8 -9999 -9999
1957 07 03 12    28    11 10205     0     0     8 -9999 -9999
1957 07 03 18    39    22 10198   340    21     8 -9999 -9999
1957 07 04 00    22     0 10196     0     0     8 -9999 -9999
1957 07 04 06    22     0 10190   160    21     8 -9999 -9999
1957 07 04 12    28    22 10186   180    31     8 -9999 -9999
1957 07 04 18    39    28 10182   180    10     7 -9999 -9999
1957 07 05 00    39    28 10181   180    15     8 -9999 -9999
1957 07 05 06    39    28 10182   140    36     7 -9999 -9999
1957 07 05 12    61    39 10187   160    51     5 -9999 -9999
1957 07 05 18    78    22 10197   180    10     6 -9999 -9999
1957 07 06 00    50    28 10204   150    31     6 -9999 -9999
1957 07 06 06    39    28 10212     0     0     5 -9999 -9999
1957 07 06 12    28    22 10223   260    36     9 -9999 -9999
1957 07 06 18    39    28 10233   280    26     8 -9999 -9999
1957 07 07 00    28    22 10232   280    26     8 -9999 -9999
1957 07 07 06    22    11 10228   280    31     8 -9999 -9999
1957 07 07 12    28    22 10228   280    41     8 -9999 -9999
1957 07 07 18    28    22 10222   300    26     8 -9999 -9999
1957 07 08 00    22    11 10218   270    15     8 -9999 -9999
1957 07 08 06    22    11 10219     0     0     8 -9999 -9999
1957 07 08 12    39    11 10218   250    31     7 -9999 -9999
1957 07 08 18    50    22 10233   240    31     8 -9999 -9999
1957 07 09 00    28    11 10227   120    31     8 -9999 -9999
1957 07 09 06    28    22 10222   120    21     8 -9999 -9999
1957 07 09 12    50    22 10223   170    21     7 -9999 -9999
1957 07 09 18    39    22 10224   120    26     7 -9999 -9999
1957 07 10 00    28    11 10221     0     0     8 -9999 -9999
1957 07 10 06    22    11 10219   340    21     4 -9999 -9999
1957 07 10 12    22     0 10204   330    21     6 -9999 -9999
1957 07 10 18    22   -11 10206   300    26     3 -9999 -9999
1957 07 11 00    11     0 10194   300    15     8 -9999 -9999
1957 07 11 06    28    11 10192   280    10     7 -9999 -9999
1957 07 11 12    39    22 10193   150    31     8 -9999 -9999
1957 07 11 18    61    28 10196   120    15     8 -9999 -9999
1957 07 12 00    50    11 10207   140    51     7 -9999 -9999
1957 07 12 06    39    22 10211   150    46     8 -9999 -9999
1957 07 12 12    50    22 10237   140    46     8 -9999 -9999
1957 07 12 18    72    22 10254   170    36     3 -9999 -9999
1957 07 13 00    72    39 10268   100    15     7 -9999 -9999
1957 07 13 06    61    28 10275   100    41     8 -9999 -9999
1957 07 13 12    89    22 10268    90    51     7 -9999 -9999
1957 07 13 18    78    39 10258   110    31     7 -9999 -9999
1957 07 14 00    61    22 10251   140    31     7 -9999 -9999
1957 07 14 06    50    22 10239     0     0     7 -9999 -9999
1957 07 14 12    50    28 10235   310    10     7 -9999 -9999
1957 07 14 18    50    11 10227   330    57     4 -9999 -9999
1957 07 15 00    39    22 10203   350    51     7 -9999 -9999
1957 07 15 06    28    22 10189   350    62     7 -9999 -9999
1957 07 15 12    50    22 10193   320    77     5 -9999 -9999
1957 07 15 18    39     0 10215   340    67     7 -9999 -9999
1957 07 16 00    50    22 10231   340    21     7 -9999 -9999
1957 07 16 06    39    11 10236     0     0     8 -9999 -9999
1957 07 16 12    39     0 10239   190    21     8 -9999 -9999
1957 07 16 18    39     0 10233   260    15     8 -9999 -9999
1957 07 17 00    28     0 10223    90    10     8 -9999 -9999
1957 07 17 06    22     0 10204    10    21     8 -9999 -9999
1957 07 17 12    39    11 10175   360    51     7 -9999 -9999
1957 07 17 18    61    22 10153   340    15     5 -9999 -9999
1957 07 18 00    39    22 10143     0     0     7 -9999 -9999
1957 07 18 06    61    28 10127    50     5     6 -9999 -9999
1957 07 18 12    78    39 10120   340     5     4 -9999 -9999
1957 07 18 18    72    28 10106   270    21     6 -9999 -9999
1957 07 19 00    39    28 10109     0     0     9 -9999 -9999
1957 07 19 06    39    28 10097     0     0     9 -9999 -9999
1957 07 19 12    50    39 10098   220     5     9 -9999 -9999
1957 07 19 18    50    39 10099     0     0     9 -9999 -9999
1957 07 20 00    39    28 10102     0     0     9 -9999 -9999
1957 07 20 06    39    28 10107   310     5     9 -9999 -9999
1957 07 20 12    39    28 10121   320    31     9 -9999 -9999
1957 07 20 18    22    11 10137   320    26     8 -9999 -9999
1957 07 21 00    28    22 10140   270    21     9 -9999 -9999
1957 07 21 06    28    22 10146     0     0     8 -9999 -9999
1957 07 21 12    50    39 10147   270     5     6 -9999 -9999
1957 07 21 18    50    28 10152   160    51     6 -9999 -9999
1957 07 22 00    39    28 10149   170    31     8 -9999 -9999
1957 07 22 06    28    22 10147   270     5     7 -9999 -9999
1957 07 22 12    39    28 10148   260    21     8 -9999 -9999
1957 07 22 18    39    28 10151   310     5     8 -9999 -9999
1957 07 23 00    28    22 10149   170    26     9 -9999 -9999
1957 07 23 06    22    11 10156   170    57     1 -9999 -9999
1957 07 23 12    39    28 10147   170    72     2 -9999 -9999
1957 07 23 18    78    39 10146   350    15     0 -9999 -9999
1957 07 24 00    39    22 10145   170    36     9 -9999 -9999
1957 07 24 06    28    22 10131   130    62     6 -9999 -9999
1957 07 24 12    61    39 10138   160    36     1 -9999 -9999
1957 07 24 18    89    28 10140   140    51     2 -9999 -9999
1957 07 25 00    39    28 10145   140    51     3 -9999 -9999
1957 07 25 06    39    28 10142   150    31     1 -9999 -9999
1957 07 25 12    61    39 10149   180    21     7 -9999 -9999
1957 07 25 18    50    28 10141   340     5     7 -9999 -9999
1957 07 26 00    39    28 10150   170    10     3 -9999 -9999
1957 07 26 06    39    28 10147   350    51     9 -9999 -9999
1957 07 26 12    39    28 10143   340    93     1 -9999 -9999
1957 07 26 18    39    22 10145   340    87     3 -9999 -9999
1957 07 27 00    28    22 10147   350    72     8 -9999 -9999
1957 07 27 06    22    11 10143   350    82     8 -9999 -9999
1957 07 27 12    28    22 10151   350    51     8 -9999 -9999
1957 07 27 18    39    28 10150   340    62     8 -9999 -9999
1957 07 28 00    39    28 10153   340    77     9 -9999 -9999
1957 07 28 06    39    28 10158   340    77     9 -9999 -9999
1957 07 28 12    39    28 10173   340    77     8 -9999 -9999
1957 07 28 18    39    28 10183   340    46     8 -9999 -9999
1957 07 29 00    28    22 10189   340    46     8 -9999 -9999
1957 07 29 06    22    22 10174   340    31     8 -9999 -9999
1957 07 29 12    28    22 10168   340    41     8 -9999 -9999
1957 07 29 18    28    22 10143   340    51     9 -9999 -9999
1957 07 30 00    50    28 10092   340     5     7 -9999 -9999
1957 07 30 06    61    39 10033   230    26     8 -9999 -9999
1957 07 30 12    72    50 10004   170    10     6 -9999 -9999
1957 07 31 00    50    39 10033   140    41     8 -9999 -9999
1957 07 31 06    39    22 10055   120    51     7 -9999 -9999
1957 07 31 12    61    28 10076   120    51     7 -9999 -9999
1957 07 31 18    61    39 10082   320    10     7 -9999 -9999
1957 08 01 00    50    28 10077   340    41     9 -9999 -9999
1957 08 01 06    50    39 10068     0     0     9 -9999 -9999
1957 08 01 12    61    39 10081     0     0     9 -9999 -9999
1957 08 01 18    50    39 10088     0     0     9 -9999 -9999
1957 08 02 00    39    28 10099     0     0     8 -9999 -9999
1957 08 02 06    39    28 10101   250    15     9 -9999 -9999
1957 08 02 12    61    39 10105   140    51     7 -9999 -9999
1957 08 02 18    61    39 10110   160    41     8 -9999 -9999
1957 08 03 00    61    39 10120   180    15     7 -9999 -9999
1957 08 03 06    50    28 10139     0     0     8 -9999 -9999
1957 08 03 12    50    39 10162   270    15     9 -9999 -9999
1957 08 03 18    50    39 10174     0     0     8 -9999 -9999
1957 08 04 00    50    39 10189   310    10     8 -9999 -9999
1957 08 04 06    50    39 10202   300    36     9 -9999 -9999
1957 08 04 12    28    22 10233   270    26     8 -9999 -9999
1957 08 04 18    50    39 10246   270    15     8 -9999 -9999
1957 08 05 00    28    22 10258     0     0     9 -9999 -9999
1957 08 05 06    28    22 10262   270     5     9 -9999 -9999
1957 08 05 12    28    22 10277     0     0     9 -9999 -9999
1957 08 05 18    39    28 10281   270     5     9 -9999 -9999
1957 08 06 00    28    22 10291   160    21     8 -9999 -9999
1957 08 06 06    39    28 10286     0     0     9 -9999 -9999
1957 08 06 12    61    50 10284   160    41     8 -9999 -9999
1957 08 06 18    72    50 10267     0     0     7 -9999 -9999
1957 08 07 00    72    50 10248   140    46     8 -9999 -9999
1957 08 07 06    72    50 10210   140    10     8 -9999 -9999
1957 08 07 12    78    61 10176   120    62     8 -9999 -9999
1957 08 07 18    78    61 10122   120   144     8 -9999 -9999
1957 08 08 00    78    61 10095    90    72     7 -9999 -9999
1957 08 08 06    61    39 10086   140    26     8 -9999 -9999
1957 08 08 12    61    39 10078   360   113     7 -9999 -9999
1957 08 08 18    50    39 10091   340   134     6 -9999 -9999
1957 08 09 00    22    11 10101   320    72     8 -9999 -9999
1957 08 09 06    22    11 10088   320    72     8 -9999 -9999
1957 08 09 12    39    28 10087   320    41     7 -9999 -9999
1957 08 09 18    50    28 10076   170    31     7 -9999 -9999
1957 08 10 00    50    22 10071   110    21     7 -9999 -9999
1957 08 10 06    39    22 10055   140    15     7 -9999 -9999
1957 08 10 12    50    22 10052   310    10     8 -9999 -9999
1957 08 10 18    39    28 10054   320     5     7 -9999 -9999
1957 08 11 00    39    22 10052   220     5     8 -9999 -9999
1957 08 11 06    28    28 10056   330    26     8 -9999 -9999
1957 08 11 12    22   -11 10070   320    57     7 -9999 -9999
1957 08 11 18    28    11 10056   340    67     7 -9999 -9999
1957 08 12 00    28    11 10057   350    51     8 -9999 -9999
1957 08 12 06    39    22 10053   350   108     8 -9999 -9999
1957 08 12 12    39    22 10061   320   103     8 -9999 -9999
1957 08 12 18    39    22 10074   320    41     8 -9999 -9999
1957 08 13 00    28    22 10083   320    41     8 -9999 -9999
1957 08 13 06    22    11 10067   320    62     8 -9999 -9999
1957 08 13 12    39    22 10063   320    36     8 -9999 -9999
1957 08 13 18    28     0 10054   320    41     7 -9999 -9999
1957 08 14 00    28    11 10045   270    31     8 -9999 -9999
1957 08 14 06    22   -11 10049   300    51     7 -9999 -9999
1957 08 14 12    28    11 10068   320    31     8 -9999 -9999
1957 08 14 18    50    28 10074   250    15     8 -9999 -9999
1957 08 15 00    39    28 10070   270    21     8 -9999 -9999
1957 08 15 06    28    22 10063   270     5     8 -9999 -9999
1957 08 15 12    39    28 10062     0     0     8 -9999 -9999
1957 08 15 18    39    28 10054   340    26     8 -9999 -9999
1957 08 16 00    39    28 10045     0     0     6 -9999 -9999
1957 08 16 06    39    22 10035     0     0     6 -9999 -9999
1957 08 16 12    61    22 10050     0     0     4 -9999 -9999
1957 08 16 18    72    22 10047     0     0     5 -9999 -9999
1957 08 17 00    72    28 10053     0     0     7 -9999 -9999
1957 08 17 06    72    50 10059     0     0     8 -9999 -9999
1957 08 17 12   100    78 10063    90    26     8 -9999 -9999
1957 08 17 18    78    50 10025    50    77     8 -9999 -9999
1957 08 18 00   100    72  9988   160    51     8 -9999 -9999
1957 08 18 06    89    72  9979   140    51     8 -9999 -9999
1957 08 18 12    89    89  9972   110   123     8 -9999 -9999
1957 08 18 18    89    72  9957    90    31     7 -9999 -9999
1957 08 19 00    72    72  9960     0     0     8 -9999 -9999
1957 08 19 06    72    61  9951   140    10     8 -9999 -9999
1957 08 19 12    50    39  9971   140    26     9 -9999 -9999
1957 08 19 18    61    39  9977   140    67     6 -9999 -9999
1957 08 20 00    50    28  9969    90    62     7 -9999 -9999
1957 08 20 06    50    28  9958     0     0     7 -9999 -9999
1957 08 20 12    72    39  9952   340    31     4 -9999 -9999
1957 08 20 18    50    39  9940   340    82     8 -9999 -9999
1957 08 21 00    39    28  9922   240   108     8 -9999 -9999
1957 08 21 06    39    28  9897   320   103     8 -9999 -9999
1957 08 21 12    50    39  9888   320    51     9 -9999 -9999
1957 08 21 18    61    50  9904   350    46     5 -9999 -9999
1957 08 22 00    61    50  9916   320    31     7 -9999 -9999
1957 08 22 06    61    39  9933   280     5     6 -9999 -9999
1957 08 22 12    72    50  9959    20     5     8 -9999 -9999
1957 08 22 18    89    50  9977   140    41     4 -9999 -9999
1957 08 23 00    61    39  9986   340    26     6 -9999 -9999
1957 08 23 06    61    28  9991    90    26     4 -9999 -9999
1957 08 23 12    72    39 -9999   300     5     7 -9999 -9999
1957 08 23 18    72    39  9998     0     0     7 -9999 -9999
1957 08 24 00    39    28 -9999     0     0     9 -9999 -9999
1957 08 24 06    78    28  9997     0     0     6 -9999 -9999
1957 08 24 12    61    39 10006   320    31     7 -9999 -9999
1957 08 24 18    72    50 10017   340     5     8 -9999 -9999
1957 08 25 00    61    39 10030   360    31     7 -9999 -9999
1957 08 25 06    50    28 10044   360    10     7 -9999 -9999
1957 08 25 12    61    28 10067   360    10     7 -9999 -9999
1957 08 25 18    61    39 10084   350    41     8 -9999 -9999
1957 08 26 00    39    22 10102    50    26     7 -9999 -9999
1957 08 26 06    39    11 10109   340    51     6 -9999 -9999
1957 08 26 12    50    22 10125   340    51     7 -9999 -9999
1957 08 26 18    39     0 10131   340    31     8 -9999 -9999
1957 08 27 00    39    11 10131   270    10     8 -9999 -9999
1957 08 27 06    28    11 10126   360    15     8 -9999 -9999
1957 08 27 12    39    11 10120   220    15     7 -9999 -9999
1957 08 27 18    39    11 10118   220    31     7 -9999 -9999
1957 08 28 00    39    22 10117   140    10     7 -9999 -9999
1957 08 28 06    50    28 10117   160     5     3 -9999 -9999
1957 08 28 12    50    28 10123   190    26     8 -9999 -9999
1957 08 28 18    61    11 10123   180    41     6 -9999 -9999
1957 08 29 00    39    22 10121   140    31     8 -9999 -9999
1957 08 29 06    78     0 10121   140    10     7 -9999 -9999
1957 08 29 12    61    11 10133   100    51     6 -9999 -9999
1957 08 29 18    61    22 10148   140    15     6 -9999 -9999
1957 08 30 00    61     0 10157   140    72     8 -9999 -9999
1957 08 30 06    61    28 10151   140    93     3 -9999 -9999
1957 08 30 12    72    50 10138   140    98     8 -9999 -9999
1957 08 30 18    61    39 10128   140    87     8 -9999 -9999
1957 08 31 00    61    39 10132   140    72     8 -9999 -9999
1957 08 31 06    61    39 10126   160    62     8 -9999 -9999
1957 08 31 12    61    50 10137   140    87     8 -9999 -9999
1957 08 31 18    61    39 10144   140    82     8 -9999 -9999
1957 09 01 00    39    28 10140   140   113     8 -9999 -9999
1957 09 01 06    61    28 10148   140    77     8 -9999 -9999
1957 09 01 12    72    50 10151   140    67     8 -9999 -9999
1957 09 01 18    78    61 10152   140    62     8 -9999 -9999
1957 09 02 00    78    61 10161   140    93     8 -9999 -9999
1957 09 02 06    78    50 10153    90    41     7 -9999 -9999
1957 09 02 12    89    61 10149    90    15     8 -9999 -9999
1957 09 02 18    89    61 10141    90    36     8 -9999 -9999
1957 09 03 00    72    28 10140    90    26     8 -9999 -9999
1957 09 03 06    50    28 10125    90    10     8 -9999 -9999
1957 09 03 12    61    39 10121   270    21     8 -9999 -9999
1957 09 03 18    61    39 10111   350    36     7 -9999 -9999
1957 09 04 00    50    28 10108     0     0     8 -9999 -9999
1957 09 04 06    50    28 10103   180    10     8 -9999 -9999
1957 09 04 12    50    28 10109   360    10     8 -9999 -9999
1957 09 04 18    50    22 10113   270    31     8 -9999 -9999
1957 09 05 00    39    11 10123     0     0     5 -9999 -9999
1957 09 05 06    28     0 10120   340    41     6 -9999 -9999
1957 09 05 12    39     0 10120   350    82     7 -9999 -9999
1957 09 05 18    50     0 10114   210    21     6 -9999 -9999
1957 09 06 00    28     0 10104   360    46     5 -9999 -9999
1957 09 06 06    11   -22 10088    60    10     2 -9999 -9999
1957 09 06 12    28   -11 10085   300    21     6 -9999 -9999
1957 09 06 18    28   -11 10063   300    10     7 -9999 -9999
1957 09 07 00    22   -11 10029   360    10     8 -9999 -9999
1957 09 07 06    72    28 10003   110    41     5 -9999 -9999
1957 09 07 12    72    39  9978   360    31     4 -9999 -9999
1957 09 07 18    89    39  9927    70   129     8 -9999 -9999
1957 09 08 00    78    28  9883    50    51     8 -9999 -9999
1957 09 08 06    72    28  9827   360   154     8 -9999 -9999
1957 09 08 12    61    39  9834   320    41     9 -9999 -9999
1957 09 08 18    50    28  9847   350    72     9 -9999 -9999
1957 09 09 00    50    39  9862   340    82     9 -9999 -9999
1957 09 09 06    50    39  9879   360    10     7 -9999 -9999
1957 09 09 12    61    39  9921   340    82     8 -9999 -9999
1957 09 09 18    39    11  9976   340   139     1 -9999 -9999
1957 09 10 00    22     0 10017   340   108     2 -9999 -9999
1957 09 10 06    22     0 10037   340    82     7 -9999 -9999
1957 09 10 12    22   -11 10048   340    87     3 -9999 -9999
1957 09 10 18    11   -22 10048   340    98     7 -9999 -9999
1957 09 11 00    11   -11 10045   360    72     7 -9999 -9999
1957 09 11 06     0   -22 10035   360   123     3 -9999 -9999
1957 09 11 12    11   -11 10038   360   113     5 -9999 -9999
1957 09 11 18    11   -28 10036   360   108     3 -9999 -9999
1957 09 12 00    22     0 10059   360    93     7 -9999 -9999
1957 09 12 06    22    11 10063   360    93     7 -9999 -9999
1957 09 12 12    39    22 10083   360    93     4 -9999 -9999
1957 09 12 18    39    22 10106   360   144     7 -9999 -9999
1957 09 13 00    28    22 10130   360   144     7 -9999 -9999
1957 09 13 06    22    11 10153   360   123     8 -9999 -9999
1957 09 13 12    28    22 10158   360   134     7 -9999 -9999
1957 09 13 18    39    22 10158   360   118     7 -9999 -9999
1957 09 14 00    28   -11 10151   360   123     3 -9999 -9999
1957 09 14 06    28     0 10148   360   154     3 -9999 -9999
1957 09 14 12    28   -11 10136   360   170     4 -9999 -9999
1957 09 14 18    28    11 10136   360   170     8 -9999 -9999
1957 09 15 00    39    11 10163   300    57     8 -9999 -9999
1957 09 15 06    39    11 10174   220    36     7 -9999 -9999
1957 09 15 12    50    11 10190   270    41     7 -9999 -9999
1957 09 15 18    28    11 10196   360    36     7 -9999 -9999
1957 09 16 00    22   -11 10205     0     0     4 -9999 -9999
1957 09 16 06    22    11 10203     0     0     5 -9999 -9999
1957 09 16 12    50    11 10211   360    10     4 -9999 -9999
1957 09 16 18    61    11 10216    70    41     3 -9999 -9999
1957 09 17 00    39   -11 10232    90    41     4 -9999 -9999
1957 09 17 06    28   -11 10236   140    15     3 -9999 -9999
1957 09 17 12    50     0 10249   190    15     2 -9999 -9999
1957 09 17 18    50     0 10256   140    26     3 -9999 -9999
1957 09 18 00    28   -11 10265   140    10     1 -9999 -9999
1957 09 18 06    28    11 10271   270    26     8 -9999 -9999
1957 09 18 12    28     0 10283   230    10     8 -9999 -9999
1957 09 18 18    22     0 10282   230    15     8 -9999 -9999
1957 09 19 00    22     0 10278   160    21     8 -9999 -9999
1957 09 19 06    22     0 10271   140    26     7 -9999 -9999
1957 09 19 12    28     0 10285   200    46     8 -9999 -9999
1957 09 19 18    28     0 10270   260    41     8 -9999 -9999
1957 09 20 00    28    11 10263   270     5     8 -9999 -9999
1957 09 20 06    22     0 10247   360    51     8 -9999 -9999
1957 09 20 12    22   -11 10255   340    46     7 -9999 -9999
1957 09 20 18    28   -11 10252   340    82     1 -9999 -9999
1957 09 21 00    22   -22 10251   340    82     0 -9999 -9999
1957 09 21 06    11   -39 10235   340    72     3 -9999 -9999
1957 09 21 12    22   -39 10219   340    67     0 -9999 -9999
1957 09 21 18    22   -28 10196   340    51     4 -9999 -9999
1957 09 22 00    11   -39 10191   360    41     2 -9999 -9999
1957 09 22 06     0   -22 10192   340    46     3 -9999 -9999
1957 09 22 12    28   -11 10203     0     0     3 -9999 -9999
1957 09 22 18    28     0 10204   360    26     7 -9999 -9999
1957 09 23 00    28     0 10203    90    10     8 -9999 -9999
1957 09 23 06    22   -11 10195   120    10     8 -9999 -9999
1957 09 23 12    28     0 10201   140    51     6 -9999 -9999
1957 09 23 18    28   -11 10198   140    46     6 -9999 -9999
1957 09 24 00    22     0 10197   140    31     6 -9999 -9999
1957 09 24 06    28    11 10179   140    41     4 -9999 -9999
1957 09 24 12    39    22 10164   170    72     8 -9999 -9999
1957 09 24 18    22     0 10133   170    46     8 -9999 -9999
1957 09 25 00    11   -22 10102   140    46     7 -9999 -9999
1957 09 25 06    39    22 10069   140    46     8 -9999 -9999
1957 09 25 12    50    28 10032   170   118     8 -9999 -9999
1957 09 25 18    50    39  9995   170   144     8 -9999 -9999
1957 09 26 00    50    39  9951   170   134     8 -9999 -9999
1957 09 26 06    22     0  9926   170    62     7 -9999 -9999
1957 09 26 12    11   -22  9923   270    72     5 -9999 -9999
1957 09 26 18     0   -39  9920   300    67     6 -9999 -9999
1957 09 27 00   -11   -39  9913   320    82     8 -9999 -9999
1957 09 27 06     0   -22  9925   320   113     8 -9999 -9999
1957 09 27 12    11   -11  9958   320   139     8 -9999 -9999
1957 09 27 18   -11   -28  9992   320   113     8 -9999 -9999
1957 09 28 00    11   -28  9989   320   113     8 -9999 -9999
1957 09 28 06    11   -22 -9999   320    82     7 -9999 -9999
1957 09 28 12    11   -11 10040   320    62     7 -9999 -9999
1957 09 28 18    39    22 10105   360   123     4 -9999 -9999
1957 09 29 00    28    11 10185   360    72     8 -9999 -9999
1957 09 29 06    28    11 10225   360    93     8 -9999 -9999
1957 09 29 12    22     0 10249   320    72     8 -9999 -9999
1957 09 29 18    11     0 10244   270    15     9 -9999 -9999
1957 09 30 00    11     0 10238   140    72     5 -9999 -9999
1957 09 30 06    28    11 10189   140   103     5 -9999 -9999
1957 09 30 12    39    22 10138   140   103     7 -9999 -9999
1957 09 30 18    39    28 10066   140   123     8 -9999 -9999
1957 10 01 00    28    22 10032   230    51     8 -9999 -9999
1957 10 01 06    11   -11 10004   230    21     8 -9999 -9999
1957 10 01 12    22     0  9972   220    87     8 -9999 -9999
1957 10 01 18   -11   -61 10001   310   154     7 -9999 -9999
1957 10 02 00   -28   -72 10058   320   108     8 -9999 -9999
1957 10 02 06   -22   -89 10076   320   108     5 -9999 -9999
1957 10 02 12     0   -72 10073   300    67     2 -9999 -9999
1957 10 02 18     0  -111 10076   310   118     1 -9999 -9999
1957 10 03 00   -11   -89 10110   320    87     7 -9999 -9999
1957 10 03 06    11   -78 10113   290    82     0 -9999 -9999
1957 10 03 12    22   -50 10093   300    62     3 -9999 -9999
1957 10 03 18    22   -28 10081   300    57     2 -9999 -9999
1957 10 04 00    11   -39 10073   320    72     2 -9999 -9999
1957 10 04 06   -11   -61 10055   350    57     0 -9999 -9999
1957 10 04 12    11   -50 10044   320    72     4 -9999 -9999
1957 10 04 18     0   -61 10023   350    67     1 -9999 -9999
1957 10 05 00     0   -39 10048   320    36     7 -9999 -9999
1957 10 05 06     0   -50 10058   360    26     8 -9999 -9999
1957 10 05 12     0   -22 10070   360    62     6 -9999 -9999
1957 10 05 18   -11   -22 10067   360    41     3 -9999 -9999
1957 10 06 00   -22   -50 10056     0     0     3 -9999 -9999
1957 10 06 06     0   -28 10029   140    67     1 -9999 -9999
1957 10 06 12    22   -39 10036    90   113     6 -9999 -9999
1957 10 06 18    11   -50 10071    50    26     6 -9999 -9999
1957 10 07 00    50   -11 10103    40    82     4 -9999 -9999
1957 10 07 06    50   -11 10097    80   134     1 -9999 -9999
1957 10 07 12    61     0 10074   100   165     6 -9999 -9999
1957 10 07 18    61    28 10002   100   216     8 -9999 -9999
1957 10 08 00    72    50  9937   100   216     8 -9999 -9999
1957 10 08 06    78    61  9859   130   123     8 -9999 -9999
1957 10 08 12    39    22  9867   140   113     9 -9999 -9999
1957 10 08 18    61    39  9868   140   103     8 -9999 -9999
1957 10 09 00    39    22  9865   140   103     8 -9999 -9999
1957 10 09 06    72    50  9778   100   123     8 -9999 -9999
1957 10 09 12    50    22  9732   120    72     7 -9999 -9999
1957 10 09 18    22    11  9755   180   154     8 -9999 -9999
1957 10 10 00    22    11  9766   180    82     8 -9999 -9999
1957 10 10 06    22    11  9775   180    93     8 -9999 -9999
1957 10 10 12    22    11  9789   240    62     8 -9999 -9999
1957 10 10 18    22    11  9792   250    82     8 -9999 -9999
1957 10 11 00    22    11  9839   290   103     8 -9999 -9999
1957 10 11 06    11   -11  9885   270   103     8 -9999 -9999
1957 10 11 12     0   -22  9919   290   123     8 -9999 -9999
1957 10 11 18     0   -22  9942   290   108     8 -9999 -9999
1957 10 12 00     0   -22  9975   290    57     8 -9999 -9999
1957 10 12 06     0   -28  9986   270    31     7 -9999 -9999
1957 10 12 12     0   -39  9983   110    57     3 -9999 -9999
1957 10 12 18     0   -39  9945    90    82     5 -9999 -9999
1957 10 13 00    11   -28  9917   240    26     8 -9999 -9999
1957 10 13 06   -11   -50  9930   360    93     6 -9999 -9999
1957 10 13 12   -11   -39 -9999   360    87     5 -9999 -9999
1957 10 13 18   -11   -61 10064   330    87     8 -9999 -9999
1957 10 14 00   -11   -39 10094   320    36     8 -9999 -9999
1957 10 14 06     0   -50 10118   360    36     4 -9999 -9999
1957 10 14 12   -22   -72 10154    30    26     1 -9999 -9999
1957 10 14 18   -28   -89 10166    70    21     1 -9999 -9999
1957 10 15 00    11   -50 10151   140    41     6 -9999 -9999
1957 10 15 06    11   -61 10121   140    82     2 -9999 -9999
1957 10 15 12    39   -11 10086   120   113     7 -9999 -9999
1957 10 15 18    39    11 10013   100   134     8 -9999 -9999
1957 10 16 00    50    28  9957   140    93     8 -9999 -9999
1957 10 16 06    22    11  9966     0     0     5 -9999 -9999
1957 10 16 12    11     0  9956   140    41     5 -9999 -9999
1957 10 16 18     0     0  9909    20    36     7 -9999 -9999
1957 10 17 00    22    11  9865   200    31     8 -9999 -9999
1957 10 17 06    11     0  9833   350   118     8 -9999 -9999
1957 10 17 12     0   -11  9831   350   144     8 -9999 -9999
1957 10 17 18     0   -11  9818   350    93     9 -9999 -9999
1957 10 18 00     0   -11  9827   350   149     8 -9999 -9999
1957 10 18 06     0   -22  9838   350   154     8 -9999 -9999
1957 10 18 12   -11   -39  9858   320   113     7 -9999 -9999
1957 10 18 18   -22   -50  9867   310   113     7 -9999 -9999
1957 10 19 00   -22   -50  9882   320    98     5 -9999 -9999
1957 10 19 06   -22   -61  9890   290    57     6 -9999 -9999
1957 10 19 12   -50  -100  9900    50    31     4 -9999 -9999
1957 10 19 18   -22   -72  9905   100    10     7 -9999 -9999
1957 10 20 00   -22   -50  9929     0     0     8 -9999 -9999
1957 10 20 06   -22   -39  9949     0     0     8 -9999 -9999
1957 10 20 12   -22   -61  9980   360    77     4 -9999 -9999
1957 10 20 18   -28   -72  9997   360    87     8 -9999 -9999
1957 10 21 00   -28   -72 10016   340    72     8 -9999 -9999
1957 10 21 06   -22   -50 10020   360    57     8 -9999 -9999
1957 10 21 12    11   -22 10042   340    93     6 -9999 -9999
1957 10 21 18   -22   -61 10063   340   103     7 -9999 -9999
1957 10 22 00   -39   -89 10045     0     0     3 -9999 -9999
1957 10 22 06   -28   -78 -9999    90    41     8 -9999 -9999
1957 10 22 12   -11   -61  9953    70    57     8 -9999 -9999
1957 10 22 18   -11   -39  9900    70    62     8 -9999 -9999
1957 10 23 00   -11   -61  9855    40    26     8 -9999 -9999
1957 10 23 06   -11   -39  9798     0     0     8 -9999 -9999
1957 10 23 12    39     0  9744    30   123     8 -9999 -9999
1957 10 23 18    39     0  9720    30   165     8 -9999 -9999
1957 10 24 00    39   -22  9735    50   103     8 -9999 -9999
1957 10 24 06    22   -22  9796   340    62     2 -9999 -9999
1957 10 24 12    22   -22  9885   340   103     5 -9999 -9999
1957 10 24 18    11   -22  9957   360    57     1 -9999 -9999
1957 10 25 00    22   -22 10003   130    36     0 -9999 -9999
1957 10 25 06    22   -22  9999   120   123     8 -9999 -9999
1957 10 25 12    28     0  9960   110   175     8 -9999 -9999
1957 10 25 18    50    28  9867   120   216     8 -9999 -9999
1957 10 26 00    11   -22  9908   200   103     5 -9999 -9999
1957 10 26 06    11   -28  9868   180    67     7 -9999 -9999
1957 10 26 12    22   -28  9829   110    93     3 -9999 -9999
1957 10 26 18    11   -22  9768   110   123     8 -9999 -9999
1957 10 27 00    28   -11  9600    90   113     7 -9999 -9999
1957 10 27 06    28   -11  9523    60   257     8 -9999 -9999
1957 10 27 12    22   -28 10476    90   113     4 -9999 -9999
1957 10 27 18    11   -28 10443   360    26     5 -9999 -9999
1957 10 28 00     0   -11 10457   320    62     8 -9999 -9999
1957 10 28 06   -11   -22  9517   280    93     8 -9999 -9999
1957 10 28 12     0   -22  9554   240    72     8 -9999 -9999
1957 10 28 18   -22   -39  9594   250    62     8 -9999 -9999
1957 10 29 00   -28   -78  9605   180    51     8 -9999 -9999
1957 10 29 06   -22   -50  9608   140    15     8 -9999 -9999
1957 10 29 12   -11   -50  9650   280    98     8 -9999 -9999
1957 10 29 18   -11   -39  9676   250   123     8 -9999 -9999
1957 10 30 00    11   -28  9717   290   134     8 -9999 -9999
1957 10 30 06     0   -28  9781   300   108     8 -9999 -9999
1957 10 30 12   -11   -39  9845   300   113     7 -9999 -9999
1957 10 30 18     0   -39  9858   330    93     7 -9999 -9999
1957 10 31 00     0   -50  9864   290    57     8 -9999 -9999
1957 10 31 06   -22   -50  9846   330    82     7 -9999 -9999
1957 10 31 12   -11   -28  9826   350    51     9 -9999 -9999
1957 10 31 18    11     0  9802   350   113     8 -9999 -9999
1957 11 01 00     0   -11  9822   360   144     8 -9999 -9999
1957 11 01 06    11   -11  9829   360   103     8 -9999 -9999
1957 11 01 12    11   -11  9854   350   154     8 -9999 -9999
1957 11 01 18     0   -28  9851 -9999   170     8 -9999 -9999
1957 11 02 00     0   -28  9846   340   175     8 -9999 -9999
1957 11 02 06     0   -39  9844   340   170     8 -9999 -9999
1957 11 02 12     0   -61  9850   350   226     7 -9999 -9999
1957 11 02 18   -11   -89  9901   350   226     7 -9999 -9999
1957 11 03 00   -28  -100  9936   360   170     4 -9999 -9999
1957 11 03 06   -28   -61  9947   360   165     8 -9999 -9999
1957 11 03 12   -39   -78  9978   360   134     7 -9999 -9999
1957 11 03 18   -39   -78  9955   320   134     8 -9999 -9999
1957 11 04 00   -50   -89  9941   360    62     7 -9999 -9999
1957 11 04 06   -28   -72  9928   320    31     6 -9999 -9999
1957 11 04 12   -11   -28  9912     0     0     8 -9999 -9999
1957 11 04 18    11     0  9891   360   134     3 -9999 -9999
1957 11 05 00    11   -11  9868   350   154     7 -9999 -9999
1957 11 05 06    11     0  9848   330    62     8 -9999 -9999
1957 11 05 12    11     0  9872     0     0     9 -9999 -9999
1957 11 05 18    28    22  9884     0     0     8 -9999 -9999
1957 11 06 00    22     0  9899   360   139     8 -9999 -9999
1957 11 06 06    11   -22  9912   360   134     8 -9999 -9999
1957 11 06 12     0   -22  9951   360   144     8 -9999 -9999
1957 11 06 18     0   -22  9976   340   185     8 -9999 -9999
1957 11 07 00   -28   -72 10017   340   170     8 -9999 -9999
1957 11 07 06   -50  -122 10051   300   134     8 -9999 -9999
1957 11 07 12   -61  -139 10079   320   113     7 -9999 -9999
1957 11 07 18   -50  -122 10090   320    77     4 -9999 -9999
1957 11 08 00   -61  -128 10096   360    51     0 -9999 -9999
1957 11 08 06   -72  -150 10100    70    41     0 -9999 -9999
1957 11 08 12   -28   -89 10100    80    31     7 -9999 -9999
1957 11 08 18     0   -61 10093    70    62     7 -9999 -9999
1957 11 09 00    11   -11 10097   160    36     8 -9999 -9999
1957 11 09 06    11     0 10107   160    62     9 -9999 -9999
1957 11 09 12     0   -11 10139   260    10     7 -9999 -9999
1957 11 09 18     0   -11 10160   150    15     8 -9999 -9999
1957 11 10 00     0   -11 10185     0     0     3 -9999 -9999
1957 11 10 06    28     0 10176   140   113     8 -9999 -9999
1957 11 10 12    28    11 10166   140   144     8 -9999 -9999
1957 11 10 18    22    11 10174   170    62     3 -9999 -9999
1957 11 11 00    22    11 10208   270    41     8 -9999 -9999
1957 11 11 06     0   -11 10216    40    10     8 -9999 -9999
1957 11 11 12    22    11 10198   350    26     8 -9999 -9999
1957 11 11 18    22   -11 10168   180   108     8 -9999 -9999
1957 11 12 00    22     0 10156   140    72     8 -9999 -9999
1957 11 12 06    22    11 10158   240    72     8 -9999 -9999
1957 11 12 12    11     0 10189   270    57     8 -9999 -9999
1957 11 12 18    11     0 10201   270    26     8 -9999 -9999
1957 11 13 00    22    11 10184   240    67     8 -9999 -9999
1957 11 13 06    22    11 10183   270    62     8 -9999 -9999
1957 11 13 12    11     0 10210   300    26     9 -9999 -9999
1957 11 13 18    11     0 10210   250    26     8 -9999 -9999
1957 11 14 00    22    11 10183   260    41     3 -9999 -9999
1957 11 14 06    11     0 10153    90    10     8 -9999 -9999
1957 11 14 12     0   -11 10149   340    72     5 -9999 -9999
1957 11 14 18   -11   -61 10222   350   108     0 -9999 -9999
1957 11 15 00   -22  -100 10265   320    67     0 -9999 -9999
1957 11 15 06   -39   -61 10275    40    36     7 -9999 -9999
1957 11 15 12   -22   -78 10273   110    72     6 -9999 -9999
1957 11 15 18   -22   -89 10245     0     0     4 -9999 -9999
1957 11 16 00   -22   -72 10235     0     0     8 -9999 -9999
1957 11 16 06   -22   -61 10235     0     0     8 -9999 -9999
1957 11 16 12   -22   -61 10230   100   103     7 -9999 -9999
1957 11 16 18     0   -39 10200   110   103     8 -9999 -9999
1957 11 17 00    22   -11 10178   140   103     8 -9999 -9999
1957 11 17 06    22     0 10162   150    26     8 -9999 -9999
1957 11 17 18    28    11 10139   140    77     8 -9999 -9999
1957 11 18 00    28    22 10106   120    93     8 -9999 -9999
1957 11 18 06    39    28 -9999   110   180     8 -9999 -9999
1957 11 18 18     0   -22 10036   180    51     2 -9999 -9999
1957 11 19 00   -22   -50 10068    90    21     3 -9999 -9999
1957 11 19 06    28   -39 10050   110    72     8 -9999 -9999
1957 11 19 12    50    28 10002   110    93     8 -9999 -9999
1957 11 19 18    28    11  9949     0     0     8 -9999 -9999
1957 11 20 00    22    11  9948     0     0     9 -9999 -9999
1957 11 20 06   -11   -22 10023   230   103     8 -9999 -9999
1957 11 20 12   -11   -22 10077   260    51     8 -9999 -9999
1957 11 20 18   -22   -39 10110   360    51     6 -9999 -9999
1957 11 21 00   -28   -50 10124   360    21     8 -9999 -9999
1957 11 21 06   -39   -61 10126   360    15     8 -9999 -9999
1957 11 21 12   -39   -72 10145   360    36     8 -9999 -9999
1957 11 21 18   -61  -128 10177   360    72     4 -9999 -9999
1957 11 22 00   -50  -111 10186   300    51     8 -9999 -9999
1957 11 22 06   -39  -100 10127   150    41     7 -9999 -9999
1957 11 22 12     0   -39 10018   240   134     8 -9999 -9999
1957 11 22 18   -11   -50  9974   260   103     3 -9999 -9999
1957 11 23 00   -11   -72  9980   290    46     0 -9999 -9999
1957 11 23 06   -28   -72  9996   310    72     3 -9999 -9999
1957 11 23 12   -28   -61 10027   360    31     8 -9999 -9999
1957 11 23 18   -22   -61 10063    30    36     3 -9999 -9999
1957 11 24 00   -11   -61 10111   170    10     0 -9999 -9999
1957 11 24 06   -39  -100 10138   310    51     1 -9999 -9999
1957 11 24 12   -22   -89 10173   180    36     2 -9999 -9999
1957 11 24 18   -39  -122 10174   320    36     3 -9999 -9999
1957 11 25 00   -22   -89 10161   360    36     8 -9999 -9999
1957 11 25 06     0   -22 10134   110   134     9 -9999 -9999
1957 11 25 12    11   -39 10132    90   154     8 -9999 -9999
1957 11 25 18     0   -50 10125    80   139     2 -9999 -9999
1957 11 26 00    11   -28 10118    70   149     2 -9999 -9999
1957 11 26 06     0   -72 10099    70   139     2 -9999 -9999
1957 11 26 12     0   -50 10108    30   144     8 -9999 -9999
1957 11 26 18    11   -61 10128    70   108     8 -9999 -9999
1957 11 27 00    11   -50 10154    70    82     4 -9999 -9999
1957 11 27 06     0   -61 10158    90    15     2 -9999 -9999
1957 11 27 12   -22   -78 10156   100    57     1 -9999 -9999
1957 11 27 18   -11   -72 10158    80    62     4 -9999 -9999
1957 11 28 00   -11   -72 10173   110    46     0 -9999 -9999
1957 11 28 06   -11   -61 10184   100    41     0 -9999 -9999
1957 11 28 12     0   -28 10192   160    41     6 -9999 -9999
1957 11 28 18     0   -22 10196   140    21     1 -9999 -9999
1957 11 29 00    22   -11 10160   140    62     8 -9999 -9999
1957 11 29 06    11   -11 10082   100   113     8 -9999 -9999
1957 11 29 12    11    11 10076   360    31     6 -9999 -9999
1957 11 29 18   -11   -22 10109   360   103     1 -9999 -9999
1957 11 30 00   -22   -39 10141   360    26     8 -9999 -9999
1957 11 30 06   -22   -39 10148   150    26     8 -9999 -9999
1957 11 30 12    22   -28 10113   110   134     8 -9999 -9999
1957 11 30 18    28    11 10037   120   144     8 -9999 -9999
1957 12 01 00   -11   -28 10056   250    93     8 -9999 -9999
1957 12 01 06   -22   -61 10095   300    72     8 -9999 -9999
1957 12 01 12   -22   -50 10111   150    31     8 -9999 -9999
1957 12 01 18   -28   -39 10128   340   118     8 -9999 -9999
1957 12 02 00   -72  -111 10187   340    62     6 -9999 -9999
1957 12 02 06   -72  -111 10193   360    46     8 -9999 -9999
1957 12 02 12   -61  -100 10206    80    26     8 -9999 -9999
1957 12 02 18   -61  -100 10182     0     0     8 -9999 -9999
1957 12 03 00   -39   -61 10117   310    10     8 -9999 -9999
1957 12 03 06   -28   -39 10032   230    31     7 -9999 -9999
1957 12 03 12   -39   -72 -9999   360    82     8 -9999 -9999
1957 12 03 18   -72  -100 10063   360   165     3 -9999 -9999
1957 12 04 00   -78  -122 10102   360   134     3 -9999 -9999
1957 12 04 06   -72  -122 10120   350    87     5 -9999 -9999
1957 12 04 12   -72  -122 10132   340    62     8 -9999 -9999
1957 12 04 18  -100  -128 10145   330    67     8 -9999 -9999
1957 12 05 00   -78  -111 10154   300    67     8 -9999 -9999
1957 12 05 06   -72  -111 10139    60    10     8 -9999 -9999
1957 12 05 12   -72   -89 10098    90    15     8 -9999 -9999
1957 12 05 18   -50  -100 10035     0     0     8 -9999 -9999
1957 12 06 00   -50   -61 10024   360   206     9 -9999 -9999
1957 12 06 06   -50   -61 10038   360   180     9 -9999 -9999
1957 12 06 12   -50   -61 10066   360    67     8 -9999 -9999
1957 12 06 18   -61   -89 10074    20    72     6 -9999 -9999
1957 12 07 00   -72  -122 10075    20    62     2 -9999 -9999
1957 12 07 06   -50  -111 10075   360    82     3 -9999 -9999
1957 12 07 12   -61   -89 10080   360    51     5 -9999 -9999
1957 12 07 18   -72  -139 10085    30    26     2 -9999 -9999
1957 12 08 00   -72  -128 10080    10    72     3 -9999 -9999
1957 12 08 06   -78  -128 10067    10   103     4 -9999 -9999
1957 12 08 12   -72  -122 10062    30    77     5 -9999 -9999
1957 12 08 18   -78  -122 10066    30   103     9 -9999 -9999
1957 12 09 00   -61  -128 10068    10    77     4 -9999 -9999
1957 12 09 06   -72  -122 10068    10    82     2 -9999 -9999
1957 12 09 12   -50  -100 10071    20    82     8 -9999 -9999
1957 12 09 18   -72  -128 10078    40    51     1 -9999 -9999
1957 12 10 00   -50  -122 10089     0     0     1 -9999 -9999
1957 12 10 06   -50  -111 10101    30    31     5 -9999 -9999
1957 12 10 12   -61  -128 10108    10    67     2 -9999 -9999
1957 12 10 18   -78  -139 10113    40    51     0 -9999 -9999
1957 12 11 00   -61  -150 10121    50    62     0 -9999 -9999
1957 12 11 06   -61  -139 10126    90    46     2 -9999 -9999
1957 12 11 12   -28   -61 10126   300    82     8 -9999 -9999
1957 12 11 18  -100  -139 10151   310    93     8 -9999 -9999
1957 12 12 00  -122  -161 10160   300    77     8 -9999 -9999
1957 12 12 06  -122  -172 10163    30    41     7 -9999 -9999
1957 12 12 12   -61  -100 10173   350   123     6 -9999 -9999
1957 12 12 18   -50  -111 10174   340    87     2 -9999 -9999
1957 12 13 00   -78  -128 10166    40    77     2 -9999 -9999
1957 12 13 06   -78  -150 10130   100    51     0 -9999 -9999
1957 12 13 12   -78  -150 10109   100    62     1 -9999 -9999
1957 12 13 18   -61  -139 10104   110    82     1 -9999 -9999
1957 12 14 00   -39  -122 10101   120    93     2 -9999 -9999
1957 12 14 06   -28   -50 10095   270    72     8 -9999 -9999
1957 12 14 12   -28   -78 10071   170    46     8 -9999 -9999
1957 12 14 18   -11   -22  9974   180   170     8 -9999 -9999
1957 12 15 00   -11   -22  9835   150   149     9 -9999 -9999
1957 12 15 06    11     0  9684   150    93     8 -9999 -9999
1957 12 15 12     0   -11  9614   190   154     8 -9999 -9999
1957 12 15 18   -22   -61  9589   240   108     8 -9999 -9999
1957 12 16 00   -72  -122  9667   270   154     8 -9999 -9999
1957 12 16 06   -72  -150  9728   290   134     8 -9999 -9999
1957 12 16 12   -72  -122  9757   270   165     6 -9999 -9999
1957 12 16 18   -78  -128  9784   300   165     8 -9999 -9999
1957 12 17 00   -78  -128  9840   290   165     8 -9999 -9999
1957 12 17 06   -72  -122  9889   290   134     8 -9999 -9999
1957 12 17 12   -78  -122  9902   340    72     7 -9999 -9999
1957 12 17 18   -78  -111  9908    60    36     8 -9999 -9999
1957 12 18 00   -61   -89  9946    70    26     8 -9999 -9999
1957 12 18 06   -28   -61  9947    90    93     8 -9999 -9999
1957 12 18 12   -11   -22  9859    90   268     9 -9999 -9999
1957 12 18 18    28    22  9798   100   206     8 -9999 -9999
1957 12 19 00    22    11  9753   150   118     8 -9999 -9999
1957 12 19 06   -50   -89  9801   180   185     8 -9999 -9999
1957 12 19 12   -39  -100  9802   150   123     7 -9999 -9999
1957 12 19 18    11   -11  9653    80   268     8 -9999 -9999
1957 12 20 00     0   -50  9600   110   154     8 -9999 -9999
1957 12 20 06   -22   -39  9627   120   118     8 -9999 -9999
1957 12 20 12   -39   -50  9707   160   134     8 -9999 -9999
1957 12 20 18   -28   -89  9773   160   129     3 -9999 -9999
1957 12 21 00    11   -61  9761    70   129     8 -9999 -9999
1957 12 21 06    11     0  9773    70   195     9 -9999 -9999
1957 12 21 12    11   -28  9840   360    21     7 -9999 -9999
1957 12 21 18     0   -39  9909   360    82     4 -9999 -9999
1957 12 22 00   -39   -72  9956   360   206     3 -9999 -9999
1957 12 22 06   -39   -89 10016   360   175     3 -9999 -9999
1957 12 22 12   -39  -100 10072   360   103     3 -9999 -9999
1957 12 22 18   -50  -122 10105   360    93     2 -9999 -9999
1957 12 23 00   -39  -100 10146   340    62     8 -9999 -9999
1957 12 23 06   -50  -111 10147   360    26     8 -9999 -9999
1957 12 23 12   -39  -122 10143   150    26     8 -9999 -9999
1957 12 23 18   -39  -100 10110   180    31     8 -9999 -9999
1957 12 24 00   -28   -89 10072   180   113     8 -9999 -9999
1957 12 24 06   -28   -89 10016   180   134     5 -9999 -9999
1957 12 24 12   -28   -50  9958   160   123     8 -9999 -9999
1957 12 24 18     0   -50  9850   130   159     8 -9999 -9999
1957 12 25 00     0   -11  9711   100   185     8 -9999 -9999
1957 12 25 06    11     0  9587    80   165     8 -9999 -9999
1957 12 25 12    22    11  9602   110    93     3 -9999 -9999
1957 12 25 18   -22   -28  9604   120   154     4 -9999 -9999
1957 12 26 00   -11   -22  9614   140   113     5 -9999 -9999
1957 12 26 06     0   -11  9625   280    41     8 -9999 -9999
1957 12 26 12   -11   -22  9677   200    77     8 -9999 -9999
1957 12 26 18   -28   -50  9710   150    93     8 -9999 -9999
1957 12 27 00   -22   -39  9707   120    93     8 -9999 -9999
1957 12 27 06   -11   -22  9730   260    77     7 -9999 -9999
1957 12 27 12   -11   -22  9737   310   118     9 -9999 -9999
1957 12 27 18   -11   -22  9702   320   154     8 -9999 -9999
1957 12 28 00     0   -22  9753   340   165     8 -9999 -9999
1957 12 28 06     0   -22  9805   340   180     5 -9999 -9999
1957 12 28 12     0   -22  9881   320   118     8 -9999 -9999
1957 12 28 18     0   -28  9908   360    87     7 -9999 -9999
1957 12 29 00     0   -22  9920   340    93     5 -9999 -9999
1957 12 29 06   -22   -72  9940   360   123     2 -9999 -9999
1957 12 29 12   -28   -78  9977    20   113     5 -9999 -9999
1957 12 29 18   -28   -61  9995    10   154     4 -9999 -9999
1957 12 30 00   -39   -72 10020   360   144     6 -9999 -9999
1957 12 30 06   -28   -72 10031   360   257     6 -9999 -9999
1957 12 30 12   -28   -78 10055   360   180     6 -9999 -9999
1957 12 30 18   -28   -72 10061   360    51     2 -9999 -9999
1957 12 31 00   -22   -28 10079    30   144     9 -9999 -9999
1957 12 31 06   -50   -72 10109    20   185     9 -9999 -9999
1957 12 31 12   -50   -78 10141   360   165     3 -9999 -9999
1957 12 31 18   -28   -78 10157   360    93     5 -9999 -9999
